0.890
47.1
0.779
45.9
0.824
52.8
0.794
50.0
0.758
58.0
0.827
47.2
0.723
43.1
0.878
55.1
0.752
49.9
0.790
51.3
0.755
52.9
0.776
46.4
0.766
50.3
0.813
48.9
0.724
43.6
0.774
48.1
0.749
50.9
0.795
51.8
0.769
47.3
0.792
50.4
0.750
49.9
0.748
52.3
0.809
46.1
0.837
49.0
0.817
50.5
0.692
48.1
0.804
59.8
0.767
55.0
0.719
53.7
0.945
47.1
0.764
47.8
0.750
44.5
0.790
109
0.749
100
0.883
83.3
0.864
81.7
0.858
86.2
0.793
92.0
0.804
51.0
0.722
66.1
0.745
50.0
0.796
50.1
0.759
49.7
0.746
73.6
0.758
47.8
0.784
50.8
0.808
46.4
1.01
50.6
0.773
45.9
0.788
50.4
0.768
56.2
0.718
57.4
0.856
47.3
0.811
46.2
0.795
67.1
0.852
54.7
0.754
85.0
0.769
50.1
0.740
45.5
0.714
45.8
0.834
46.5
0.839
47.6
0.704
52.1
0.813
52.6
0.812
53.1
0.817
52.2
0.761
49.4
0.764
52.8
0.767
56.4
0.698
44.3
0.793
50.0
0.803
49.9
0.694
54.3
0.723
48.9
0.766
57.0
