0.870
158
0.790
115
0.920
107
0.760
116
0.864
110
0.760
104
0.708
106
0.826
104
0.761
111
0.814
104
0.738
106
0.755
108
0.790
101
0.950
102
0.826
118
0.771
107
0.689
105
0.755
111
0.834
108
0.795
125
0.729
102
0.746
103
0.845
105
0.677
109
0.944
109
0.772
102
0.808
112
0.808
108
0.790
110
0.770
108
0.754
106
0.741
107
0.758
107
0.713
107
0.802
99.6
0.830
110
0.839
107
0.759
108
0.887
105
0.785
107
0.779
107
0.731
110
0.828
120
0.754
102
0.737
116
0.750
107
0.749
107
0.736
100
0.760
106
0.732
103
0.709
112
0.754
108
0.805
107
0.794
103
0.759
111
0.739
101
0.794
105
0.762
106
0.765
102
0.809
108
0.800
107
0.729
104
0.713
108
0.805
109
0.735
107
1.03
103
0.883
120
0.881
105
0.771
113
0.723
102
0.768
107
0.763
100
0.863
113
0.708
106
0.805
120
