0.782
53.7
0.744
45.5
0.769
*
0.798
49.6
0.825
57.0
0.776
71.4
0.750
50.2
0.792
79.2
0.753
50.0
0.774
101
0.729
52.4
0.743
60.6
0.745
49.7
0.685
53.0
0.799
50.4
0.790
65.3
0.710
47.6
0.721
48.8
0.817
47.3
0.783
47.2
0.680
53.3
0.732
52.1
0.773
53.2
0.742
54.3
0.927
45.2
0.767
56.5
0.985
55.3
0.835
51.0
0.714
49.5
0.727
55.8
0.743
50.5
0.685
51.8
0.776
50.3
0.731
48.9
0.786
76.6
0.779
55.6
0.760
49.9
0.720
60.9
0.776
45.7
0.714
54.3
0.785
50.3
0.804
52.8
0.772
52.9
0.722
75.5
0.703
65.8
0.733
60.4
0.759
52.6
0.770
48.5
0.718
45.7
0.750
53.3
0.739
51.3
0.711
63.6
0.777
55.5
0.731
48.9
0.940
47.0
0.855
53.1
0.707
53.5
0.772
54.8
0.659
58.9
0.692
51.8
0.753
62.2
0.814
47.7
0.704
53.8
0.773
51.4
0.697
52.4
0.797
52.0
0.741
61.7
0.713
56.1
0.790
46.0
0.912
54.8
0.735
58.6
0.770
55.6
0.719
50.2
0.694
54.2
0.765
*
