0.886
70.5
0.772
67.8
1.00
*
0.812
59.3
0.817
58.5
0.830
68.6
0.812
63.1
0.890
59.9
0.764
58.7
0.762
63.7
0.910
63.8
0.731
60.7
0.775
61.4
0.687
59.7
0.862
64.5
0.792
73.5
0.739
59.3
0.858
67.3
0.841
64.9
0.787
68.8
0.708
85.5
0.881
59.1
0.785
58.0
0.976
66.6
0.947
60.6
0.747
61.1
0.782
66.3
0.803
58.2
0.708
67.3
0.769
59.6
0.740
61.7
0.722
69.5
0.949
59.8
0.853
64.8
0.796
65.3
0.807
66.7
0.801
66.0
0.748
61.7
0.797
62.4
0.909
64.2
0.757
61.2
0.795
69.2
0.776
74.3
0.769
65.8
0.827
60.7
0.702
58.8
0.852
61.7
0.785
69.1
0.799
63.1
0.758
61.5
0.812
61.6
0.926
66.9
0.799
63.5
0.757
62.0
0.839
63.5
0.767
61.1
0.975
76.7
0.811
59.9
0.819
62.5
0.760
59.5
1.02
62.0
1.00
63.4
0.765
67.3
0.793
73.5
0.742
65.1
0.774
64.8
1.18
60.5
0.750
65.6
0.813
67.0
0.763
66.9
0.824
65.4
0.787
61.9
0.787
65.1
0.758
64.9
0.810
61.2
