0.826
55.0
0.766
49.5
0.758
122
0.831
51.8
0.814
81.2
0.763
57.0
0.730
84.2
0.749
87.0
0.753
81.2
0.779
85.6
0.716
47.3
0.716
89.0
0.767
123
0.734
82.3
0.757
53.5
0.764
89.1
0.645
78.5
0.730
56.2
0.735
47.7
0.796
72.3
0.802
55.8
0.810
51.9
0.829
56.8
1.06
50.2
0.754
58.5
0.756
60.5
0.813
52.8
0.743
49.6
0.742
62.2
0.946
62.5
0.807
49.0
0.780
51.8
0.798
55.1
0.754
57.7
0.729
82.8
0.764
53.0
0.795
52.4
0.664
53.2
0.799
49.8
0.721
47.1
0.740
48.8
0.745
52.6
0.786
60.4
0.694
76.1
0.719
78.6
0.717
79.9
0.686
86.4
0.779
58.3
0.734
51.5
0.715
47.4
0.717
52.9
0.926
88.2
0.846
52.3
0.810
88.2
0.756
46.8
0.835
81.1
0.719
82.6
0.741
49.0
0.715
77.0
0.775
51.0
0.696
85.8
0.681
63.9
0.748
80.1
0.723
58.7
0.752
59.7
0.784
50.4
0.823
84.7
0.734
48.6
0.778
51.7
0.745
54.1
0.792
49.3
0.788
50.7
0.747
54.2
0.715
46.6
0.718
55.9
