0.870
76.5
0.783
68.7
0.779
*
0.835
73.3
0.853
69.3
0.884
77.0
0.927
65.0
0.815
77.7
0.729
64.7
0.779
67.6
0.739
68.4
0.736
79.5
0.763
64.4
0.703
72.1
0.894
66.9
0.872
66.6
0.697
88.1
0.792
68.9
0.805
72.6
0.813
65.0
0.718
68.3
0.799
67.7
0.796
69.6
0.850
74.4
0.710
70.0
0.769
73.0
0.703
78.1
0.704
67.2
0.782
74.7
0.675
66.9
0.734
75.9
0.715
75.8
0.781
70.1
0.772
76.8
0.754
71.2
0.813
67.2
0.721
71.1
0.702
70.9
0.682
69.3
0.816
69.2
0.741
67.6
0.799
68.8
0.805
70.0
0.693
72.4
0.781
68.6
0.730
71.2
0.931
68.6
0.756
72.5
0.730
80.0
0.692
72.0
0.796
68.4
0.741
67.3
0.788
67.6
0.791
79.3
0.758
70.0
0.766
68.3
0.721
67.5
0.797
69.1
0.733
69.4
0.736
69.0
0.814
73.6
0.728
68.9
0.828
71.3
0.788
63.4
0.718
80.4
0.759
72.2
0.772
66.9
0.705
74.1
0.735
68.2
0.711
70.6
0.736
69.1
0.833
75.2
0.751
68.6
0.737
67.3
0.761
68.9
