0.868
51.4
0.751
64.3
0.707
86.1
0.997
48.8
0.843
53.4
0.925
53.1
0.738
56.4
0.789
59.0
0.703
135
0.802
103
0.638
60.8
0.718
94.4
0.823
69.8
0.752
53.3
0.727
55.6
0.681
58.8
0.679
137
0.761
93.5
0.760
47.8
0.684
61.7
0.768
59.5
0.769
57.8
0.761
79.1
0.818
53.7
0.723
51.1
0.713
*
0.817
57.3
0.735
50.3
0.723
52.9
0.731
56.4
0.730
57.7
0.667
71.6
0.798
60.3
0.830
72.1
0.772
50.6
0.804
55.8
0.743
61.2
0.718
57.6
0.777
55.7
0.880
54.1
0.808
52.2
0.776
56.3
0.757
68.0
0.724
53.4
0.693
58.8
0.705
66.5
0.926
58.1
0.799
54.7
0.722
49.2
0.721
55.0
0.770
51.8
0.667
53.5
0.769
51.8
0.725
78.7
0.751
57.5
0.725
58.5
0.666
72.4
0.758
49.7
0.805
52.8
0.712
60.2
0.717
50.5
0.722
66.9
0.748
52.9
0.690
62.6
0.832
59.0
0.779
57.1
0.931
57.7
0.658
64.0
0.791
50.8
1.11
49.9
0.957
55.5
0.813
53.8
0.800
51.0
0.685
52.4
0.766
*
