1.07
49.3
0.811
45.5
0.842
67.8
0.901
42.2
0.842
62.0
0.826
69.8
0.738
62.8
0.804
59.1
0.738
58.7
0.793
73.1
0.736
44.6
0.736
59.5
0.755
61.1
0.764
61.8
0.752
60.5
0.807
75.0
0.714
45.1
0.776
47.4
0.774
66.5
0.746
49.3
0.715
46.3
0.774
64.1
0.798
55.8
0.896
49.5
0.743
47.6
0.728
57.4
0.739
43.8
0.822
67.5
0.707
59.5
0.750
48.6
0.832
65.8
0.777
189
0.834
66.5
0.789
56.3
0.763
58.7
0.802
62.4
0.804
43.7
0.801
47.8
0.744
46.0
0.745
66.7
0.814
68.1
0.814
66.4
0.763
62.2
0.820
70.7
0.775
63.6
0.802
59.4
0.803
59.5
0.759
59.2
0.786
56.3
0.758
66.7
0.772
52.0
0.724
65.9
0.888
47.1
0.864
43.5
0.988
55.8
0.770
44.7
0.752
47.0
0.762
70.8
0.745
66.8
0.770
48.1
0.719
61.1
0.752
46.4
0.676
47.4
0.834
50.1
0.719
65.0
0.756
42.9
0.816
53.4
0.744
44.1
0.779
55.5
0.748
46.3
0.994
47.8
0.818
48.3
0.802
61.2
0.782
69.0
0.778
51.4
