0.826
71.5
0.786
81.1
0.711
87.5
0.801
70.9
0.803
91.8
0.803
94.5
0.777
82.2
0.805
85.0
0.738
86.7
0.759
76.4
0.679
69.7
0.758
72.0
0.756
67.9
0.709
93.4
0.785
138
0.783
90.3
0.694
105
0.891
120
0.788
93.4
0.835
104
0.751
74.6
0.780
72.0
0.808
76.1
0.809
73.1
0.762
74.1
0.724
87.8
0.756
84.6
0.752
70.1
0.699
94.1
0.715
73.5
0.709
76.0
0.733
65.8
0.780
72.7
0.734
81.5
0.777
87.6
0.802
84.1
0.812
75.0
0.749
69.5
0.755
70.7
0.719
74.4
0.795
75.5
0.780
71.2
0.870
71.4
0.878
78.0
0.743
77.5
0.710
91.1
0.764
91.0
0.771
90.2
0.689
89.2
0.700
72.0
0.676
78.8
0.742
93.1
0.857
80.5
0.799
77.7
0.757
91.4
0.787
75.2
0.731
71.6
0.722
65.3
0.743
85.6
0.710
71.7
0.783
97.2
0.729
70.2
0.723
77.8
0.797
*
0.688
76.5
0.745
71.9
0.833
74.7
0.698
81.6
0.775
87.0
0.722
68.6
0.749
71.9
0.749
69.6
0.733
73.8
0.755
72.3
0.726
79.3
