0.947
62.5
0.893
61.6
0.867
*
0.886
63.6
0.886
56.4
0.874
73.1
0.860
56.0
0.907
53.3
0.881
61.6
0.886
57.2
0.871
66.8
0.977
61.1
0.867
64.0
0.913
53.3
0.878
118
0.861
60.5
0.869
71.9
0.808
62.8
0.833
76.0
1.18
76.3
0.794
67.7
0.843
58.0
0.862
66.1
0.808
57.5
0.778
63.4
0.754
64.2
0.777
58.4
0.824
61.2
0.779
75.9
0.727
63.7
0.710
64.5
0.782
60.7
0.821
61.3
0.725
69.4
0.772
61.5
0.815
61.5
0.789
69.0
0.794
63.7
0.783
61.0
0.755
67.3
0.763
63.0
0.739
63.1
0.805
62.6
0.815
62.7
0.765
64.2
0.766
65.0
0.794
61.8
0.818
61.9
0.807
63.5
0.821
61.7
0.781
60.3
0.696
66.9
0.767
66.8
0.797
62.9
1.02
59.2
0.786
64.9
0.744
65.8
0.968
64.0
0.760
66.8
0.902
61.3
0.765
58.5
0.765
58.7
0.750
63.1
0.743
64.6
0.926
63.0
0.814
57.2
0.793
58.9
0.744
79.9
0.744
*
0.842
62.6
0.766
68.1
0.800
61.3
0.861
70.7
0.723
57.5
0.804
63.2
