0.801
65.2
0.824
62.0
1.15
*
0.829
50.8
0.813
59.2
0.831
65.4
0.783
67.9
0.809
74.6
0.770
54.9
0.816
62.3
0.720
49.1
0.789
65.6
0.762
63.8
0.701
59.9
0.749
69.1
0.794
69.3
0.814
53.2
0.780
50.6
0.794
61.9
0.780
59.8
0.768
59.2
1.04
53.5
0.815
63.9
0.910
54.4
0.745
57.0
0.775
63.1
0.800
54.1
0.778
48.3
0.753
62.6
0.738
55.5
0.742
65.2
0.748
53.9
0.790
53.7
0.712
65.7
0.755
63.4
0.766
50.9
0.708
53.8
0.957
59.4
0.739
62.0
0.780
66.0
0.793
62.7
0.807
62.9
0.795
59.8
0.798
66.4
0.757
62.1
0.757
60.8
0.801
59.3
0.751
58.0
0.730
59.0
0.766
54.8
0.716
55.8
0.727
63.8
0.825
52.2
0.744
54.0
0.748
58.6
0.771
57.6
0.772
65.9
0.876
53.5
0.752
62.7
0.860
51.0
0.948
63.9
0.873
47.7
0.808
61.9
0.772
64.5
0.716
53.5
0.929
57.4
0.809
63.7
0.794
59.6
0.854
55.4
0.824
74.1
0.995
61.2
0.793
65.6
0.762
89.7
0.818
70.8
0.828
50.2
