0.881
46.2
0.797
48.2
0.795
44.6
0.813
56.5
0.849
66.3
0.766
56.6
0.756
49.0
0.875
52.7
0.950
49.7
0.824
52.7
0.741
51.3
0.795
82.1
0.879
49.0
0.763
51.7
0.828
52.4
0.775
55.7
0.725
57.9
0.753
45.9
0.825
49.1
0.778
49.6
0.733
50.6
0.765
43.4
0.776
65.7
0.807
50.9
0.675
52.9
0.733
49.2
0.772
50.8
0.771
46.3
0.693
54.4
0.915
50.0
0.727
51.0
0.720
52.2
0.738
49.5
0.775
57.5
0.771
69.2
0.820
51.2
0.771
50.2
0.700
48.9
0.771
51.7
0.766
49.4
0.780
48.7
0.830
43.7
0.795
51.4
0.756
64.2
0.723
45.1
0.715
50.9
0.748
54.9
0.773
47.0
0.719
57.5
0.764
51.7
0.738
55.8
0.747
48.8
0.833
47.9
0.933
51.8
0.880
47.4
0.785
50.9
0.752
62.7
0.735
46.4
0.892
49.0
0.736
48.1
0.800
51.1
0.756
46.4
0.757
60.2
0.742
60.1
0.703
47.7
0.863
57.8
0.803
52.8
0.726
52.9
0.806
51.1
0.722
48.5
0.792
48.3
0.821
51.1
0.749
48.8
0.751
49.3
0.753
75.1
