1.02
77.2
0.765
45.1
0.970
123
0.855
67.1
0.856
49.3
0.821
49.0
0.817
70.3
0.835
50.1
0.693
44.6
0.843
75.7
0.713
73.9
0.801
72.6
0.718
67.5
0.698
77.7
0.758
70.9
0.764
53.5
0.720
79.2
1.01
75.6
0.814
48.5
0.818
76.7
0.739
79.0
0.791
69.3
0.746
58.4
0.825
81.5
0.786
77.0
0.906
71.5
0.795
47.9
0.745
72.6
0.831
57.8
0.699
51.2
0.753
72.9
0.798
70.4
0.856
72.8
0.746
75.8
0.834
42.8
0.830
74.9
0.803
73.4
0.746
73.8
0.847
45.2
0.733
67.9
0.997
82.0
0.803
72.8
0.776
81.8
0.782
42.9
0.763
72.3
0.805
50.4
0.804
74.5
0.811
58.4
0.789
78.5
0.834
75.3
0.778
48.3
0.751
51.0
0.795
69.3
0.815
69.9
0.765
54.0
0.822
52.6
0.717
70.5
0.765
83.3
0.781
60.3
0.966
72.6
0.816
51.8
0.744
66.9
0.723
51.8
0.816
79.0
0.679
87.1
0.699
55.0
0.759
70.8
0.898
50.8
0.799
53.3
0.965
69.5
0.800
71.2
0.840
69.9
0.735
93.8
0.757
69.6
0.855
76.3
