0.934
62.6
0.815
64.3
0.813
*
0.829
62.7
0.841
59.5
0.865
59.3
0.767
61.5
0.839
73.5
0.720
87.7
0.793
59.8
0.802
76.6
0.787
65.2
0.821
55.7
0.746
60.3
0.770
62.1
0.842
61.5
0.730
64.6
0.784
98.4
0.776
61.1
0.810
59.8
0.937
67.4
0.824
61.7
0.844
61.8
0.786
74.6
0.758
62.9
0.767
64.6
0.828
61.0
0.761
61.2
0.776
60.5
0.800
77.8
0.766
73.7
0.798
74.7
0.809
58.2
0.746
62.8
0.927
74.2
0.858
64.9
0.860
64.5
0.756
63.4
0.843
67.3
0.721
67.6
0.767
62.3
0.780
65.0
0.765
67.3
0.751
68.8
0.770
60.9
0.813
66.2
1.17
87.3
0.813
66.3
0.782
60.0
0.822
67.2
0.796
73.5
0.773
59.7
0.843
63.4
0.802
66.5
0.795
69.9
0.804
63.7
0.770
57.0
0.770
64.3
0.769
70.8
0.696
61.4
0.828
68.1
0.777
66.5
0.743
67.0
0.774
63.9
1.08
57.7
0.769
68.4
0.763
58.7
0.726
66.5
0.756
61.3
0.733
66.6
0.759
60.6
0.789
59.7
0.799
59.0
0.978
67.2
0.826
58.8
