0.925
43.2
0.863
51.4
1.02
45.4
0.858
46.2
0.895
39.9
0.803
41.6
0.795
43.8
0.795
49.6
0.768
39.8
0.871
42.0
0.753
44.4
0.802
49.9
0.765
45.0
0.755
46.4
0.761
49.1
0.941
44.8
0.732
46.5
0.791
53.7
0.807
45.6
0.809
43.2
0.806
43.8
0.813
46.1
0.820
51.0
0.814
44.6
0.765
40.1
0.940
40.6
1.03
53.0
0.854
40.0
0.741
56.1
0.750
44.5
0.789
56.7
0.728
49.5
1.00
58.9
0.713
43.9
0.814
42.6
0.822
44.9
0.795
44.0
0.754
39.4
0.817
45.4
0.788
47.9
0.763
53.1
0.844
45.0
0.827
46.3
0.749
53.2
0.770
51.3
0.742
43.6
0.926
56.4
0.773
44.3
0.708
62.1
0.740
51.5
0.932
49.0
0.878
50.9
0.917
53.8
0.756
48.5
0.806
47.9
0.981
50.0
0.745
43.0
0.967
47.1
0.705
45.2
0.736
46.9
0.755
48.1
0.867
45.6
0.724
50.5
0.822
50.3
0.826
44.6
0.774
46.7
0.818
39.5
0.780
45.6
0.818
40.2
0.805
56.2
0.727
46.7
0.807
39.5
0.842
43.2
0.761
40.6
0.738
43.5
