0.829
74.2
0.768
85.6
0.798
97.4
0.831
77.8
0.930
82.4
0.788
92.3
0.806
98.8
0.790
84.5
0.758
90.7
0.782
79.7
0.685
75.4
0.727
77.1
0.865
84.4
0.762
92.6
0.753
72.7
0.717
93.3
0.708
85.3
0.847
99.5
0.895
89.0
0.824
97.7
0.772
83.6
0.786
72.8
0.717
90.9
0.777
83.8
0.726
75.9
0.769
95.0
0.777
79.8
0.799
73.0
0.635
89.4
0.744
77.8
0.733
72.5
0.744
78.8
0.884
76.0
0.740
86.0
0.730
84.7
0.740
79.8
0.773
83.9
0.692
78.1
1.12
87.9
0.743
93.4
0.745
80.3
0.807
75.6
0.872
86.7
0.722
78.2
0.729
93.6
0.674
86.6
0.913
86.6
0.714
84.7
0.741
123
0.727
85.6
0.737
74.4
0.666
86.1
0.890
80.9
0.704
86.7
0.801
80.9
0.878
75.5
0.766
75.4
0.800
79.1
0.730
85.9
0.720
75.9
0.756
93.5
0.722
76.0
0.714
72.3
0.764
83.7
0.691
75.8
0.846
103
0.813
78.7
0.744
78.6
0.797
87.8
0.689
77.2
0.815
85.7
0.861
84.9
0.750
89.8
0.761
87.2
0.757
76.7
