0.891
63.2
0.836
73.2
0.924
66.5
0.825
64.8
0.835
60.0
0.882
67.3
0.787
73.7
0.973
86.0
0.827
92.6
0.815
72.6
0.778
67.8
0.886
61.4
0.807
84.7
0.849
68.1
0.808
67.8
0.880
84.5
0.764
101
0.863
80.6
0.865
93.3
0.829
63.8
0.766
59.5
0.819
60.4
0.791
129
0.780
66.2
0.776
81.3
0.774
67.3
0.805
67.1
0.813
61.7
0.827
87.1
0.765
69.3
0.784
72.9
0.755
63.9
0.775
68.4
0.890
61.6
0.827
91.0
0.822
70.7
0.744
62.9
0.686
62.7
0.794
67.4
0.754
64.9
0.794
66.0
0.786
91.7
0.742
64.4
0.729
84.9
0.809
64.2
0.713
84.3
0.827
90.8
0.746
60.1
0.845
60.5
0.758
68.8
1.11
75.3
0.786
87.4
0.839
62.9
0.867
76.9
0.850
81.6
0.821
65.8
0.865
81.7
0.793
64.5
0.808
89.3
0.792
70.7
0.827
89.8
0.817
58.6
0.761
72.2
0.798
72.1
0.727
63.4
0.811
65.9
0.885
58.5
0.732
67.6
0.814
82.9
0.996
59.0
0.880
74.1
0.885
61.0
0.811
68.7
0.764
72.6
0.821
62.1
