0.925
254
0.863
251
0.772
98.5
0.867
253
0.835
256
0.836
252
0.767
249
0.839
60.9
0.793
249
0.866
253
0.720
255
0.764
252
0.783
252
0.813
253
0.856
254
1.03
259
0.817
254
0.879
255
0.826
255
0.782
254
1.00
255
0.808
254
0.788
253
0.844
256
0.764
250
0.710
255
0.840
263
0.797
249
0.746
253
0.789
254
0.756
252
0.704
249
0.851
252
0.789
254
0.804
60.5
0.826
252
0.768
269
0.752
257
0.774
249
0.783
253
0.972
254
0.879
252
0.804
251
0.753
57.7
0.774
247
0.712
265
0.865
253
0.771
256
0.703
257
0.808
255
0.755
258
1.12
67.5
0.923
259
0.838
258
0.850
253
0.808
255
0.892
254
0.859
250
0.809
255
0.713
266
0.934
251
0.724
253
0.733
251
0.784
247
0.833
252
0.775
248
0.913
254
0.810
258
0.837
251
0.797
258
0.755
247
0.854
247
0.790
253
0.716
257
0.794
247
