0.806
68.1
0.819
61.4
0.787
68.7
0.803
60.3
0.874
59.1
0.796
60.4
0.825
61.1
0.860
67.8
0.763
64.6
0.829
61.7
0.765
61.6
0.712
70.8
1.09
59.1
0.776
57.1
0.795
59.7
0.814
65.1
0.732
59.3
1.04
64.7
0.884
66.8
0.841
63.2
0.831
60.0
0.840
49.1
0.831
59.8
0.905
60.7
0.801
65.9
0.781
67.1
0.826
63.1
0.836
61.9
0.738
62.4
0.791
63.1
0.764
49.0
0.811
66.0
0.825
57.9
0.787
64.6
0.872
67.1
0.844
60.9
1.02
61.5
0.678
61.2
0.735
63.8
0.740
54.3
0.815
53.9
0.872
50.3
0.836
54.5
0.831
61.5
1.01
62.8
0.738
69.1
0.832
68.9
0.801
63.7
1.15
61.7
0.933
66.9
0.743
84.3
0.742
60.8
0.796
139
0.784
104
1.04
78.5
0.805
64.9
0.803
82.3
0.843
77.8
0.782
65.4
0.764
85.4
0.844
57.3
0.736
78.0
0.750
69.0
0.761
67.8
0.755
74.2
0.720
58.8
0.743
67.0
0.683
61.6
0.780
60.1
0.718
79.1
0.754
61.1
0.774
77.1
0.798
80.6
0.706
63.6
0.748
62.3
