0.902
94.5
0.734
87.0
0.782
*
0.865
96.3
0.815
97.2
0.775
96.4
0.826
95.1
0.855
175
0.832
96.9
0.899
125
0.729
93.0
0.765
93.7
0.814
98.9
0.827
98.2
0.782
97.9
0.815
101
0.778
100
0.828
96.6
0.762
90.3
0.788
125
0.832
95.4
0.786
67.1
0.748
87.3
0.815
96.1
0.787
95.1
0.750
97.0
0.761
90.3
0.810
70.4
0.736
96.3
0.772
93.8
0.829
64.0
0.769
86.7
0.841
81.2
0.726
93.5
0.790
172
0.770
101
0.753
92.3
0.690
97.8
0.746
113
0.707
61.5
0.764
65.1
0.796
65.4
0.781
66.1
0.767
168
1.13
90.5
0.724
97.8
0.835
93.8
0.806
94.3
0.751
102
0.805
70.6
0.808
94.7
0.795
174
0.857
105
0.832
98.2
0.828
90.6
0.835
96.4
0.920
110
0.789
67.6
0.665
112
0.695
90.5
0.838
86.1
0.749
157
0.712
94.0
0.780
109
0.731
70.9
0.750
95.0
0.850
93.1
0.751
87.9
0.925
94.7
0.766
89.3
0.831
88.4
0.895
97.3
0.798
69.3
0.711
70.5
0.775
140
