0.867
53.1
0.828
49.4
0.800
55.2
0.882
54.4
0.848
53.7
0.826
70.9
0.810
60.8
0.849
51.9
0.777
59.3
0.831
55.3
0.782
61.2
0.747
61.2
0.740
62.8
0.806
55.4
0.730
54.3
0.926
54.7
0.726
49.3
0.824
52.1
0.823
56.9
0.851
56.4
0.804
51.3
0.819
50.9
0.785
67.0
0.837
63.1
0.685
60.7
0.790
57.5
0.761
56.4
0.695
56.6
0.918
63.5
0.765
62.6
0.754
71.0
0.700
57.1
0.763
49.3
0.661
50.9
0.918
55.1
0.880
57.5
0.780
56.9
0.749
55.9
0.727
51.7
0.726
49.6
0.722
61.5
0.772
51.6
0.774
58.3
0.710
59.1
0.712
58.3
0.732
55.4
0.801
59.1
0.757
63.1
0.759
64.1
0.921
59.9
0.731
64.6
0.676
54.8
0.801
55.3
0.790
48.9
0.807
62.4
0.791
62.3
0.740
54.1
0.791
49.0
0.665
54.7
0.737
58.1
0.781
56.0
0.732
59.6
0.718
58.7
0.790
*
0.738
51.5
0.803
57.9
0.787
57.6
0.744
55.3
0.821
53.9
0.724
51.7
0.776
66.8
0.805
55.0
0.771
60.2
0.751
56.1
0.746
60.8
