1.04
40.4
0.884
50.1
0.862
49.2
0.810
66.5
0.818
61.1
0.727
65.2
0.899
59.9
0.810
62.7
0.750
59.5
0.771
36.5
0.700
66.9
0.711
39.6
0.751
37.3
0.819
57.6
0.773
39.4
0.811
60.9
0.742
36.4
0.805
37.4
0.796
61.9
0.784
37.4
0.749
42.1
0.757
40.5
0.772
42.9
0.971
72.2
0.675
66.7
0.701
72.6
0.717
65.8
0.778
43.4
0.691
63.4
0.755
59.8
0.741
42.8
0.735
37.9
1.13
49.2
0.740
38.1
0.756
59.3
0.777
62.9
0.764
37.0
0.734
61.3
0.789
38.2
0.721
38.1
0.783
40.6
0.772
67.4
0.968
49.7
0.743
62.4
0.680
74.4
0.701
57.4
1.13
76.7
0.766
61.2
0.735
53.3
0.664
39.0
0.689
81.6
0.730
65.2
0.843
64.4
0.887
39.8
0.773
64.5
0.737
65.7
0.703
50.2
0.771
41.6
0.761
56.5
0.710
57.9
0.733
72.2
0.687
68.7
0.739
59.5
0.762
35.6
0.710
38.1
0.774
64.4
0.967
36.1
0.705
67.2
0.808
71.1
0.770
53.8
0.806
52.5
0.769
61.9
0.790
42.7
0.701
40.9
0.763
37.8
