0.946
53.2
0.942
60.7
0.806
62.4
0.900
49.2
1.21
58.1
0.871
46.2
0.730
66.2
0.969
69.6
0.749
54.1
0.873
48.0
0.730
51.9
0.766
51.7
0.735
44.2
0.733
74.3
0.765
46.5
0.964
46.3
0.733
55.7
0.937
50.4
0.817
48.5
0.857
44.1
0.827
61.2
0.820
50.0
0.767
58.1
0.764
48.2
0.727
52.0
0.770
67.3
0.786
48.5
0.769
66.2
0.760
45.9
0.786
49.0
0.761
51.1
0.683
47.1
0.762
57.1
0.718
48.0
0.741
65.0
0.761
46.0
0.713
46.4
0.750
48.6
0.772
51.3
0.901
66.3
0.737
53.0
0.808
44.9
0.943
61.1
0.746
71.3
0.738
67.4
0.740
69.8
0.780
54.7
0.760
61.2
0.833
53.6
0.759
46.3
0.747
51.6
0.784
62.1
0.733
52.8
0.743
62.1
0.736
47.2
0.823
50.5
0.765
48.5
0.805
52.6
0.736
58.0
0.770
50.8
0.766
44.7
0.785
70.3
0.751
44.9
0.852
43.8
0.745
44.7
0.793
52.4
0.897
53.6
0.808
56.2
0.821
46.9
0.737
46.7
0.824
47.4
0.881
55.5
0.818
51.3
0.707
76.0
0.775
68.4
