0.861
66.7
0.735
57.1
0.872
110
0.858
60.3
1.12
91.1
0.796
60.4
0.774
68.2
0.765
82.1
0.709
64.2
0.755
62.8
0.721
63.3
0.734
87.8
0.694
83.0
0.752
63.7
0.764
64.3
0.769
89.4
0.700
141
0.843
82.7
0.784
57.3
0.795
63.8
0.682
62.7
0.755
62.3
0.728
65.0
0.731
61.2
0.762
69.8
0.714
69.6
0.721
65.4
0.806
65.6
0.742
61.3
0.707
61.1
0.704
55.7
0.724
60.4
0.763
77.9
0.696
71.3
0.724
101
0.776
61.7
0.765
66.8
0.729
75.5
0.809
61.5
0.744
62.3
0.777
65.0
0.761
57.9
0.788
61.0
0.738
90.6
0.765
63.4
0.762
82.3
0.747
88.3
0.761
66.8
0.768
60.4
0.734
64.2
0.674
61.1
0.748
88.2
0.821
71.2
0.782
66.2
0.791
70.7
0.854
62.5
0.718
84.6
0.993
57.2
0.633
87.1
0.718
70.1
0.792
89.9
0.739
59.4
0.785
67.0
0.794
59.8
0.865
62.1
0.808
54.6
0.826
61.2
0.723
63.7
0.824
59.8
0.709
59.0
0.766
60.8
0.781
61.0
0.823
57.9
0.852
61.5
0.805
82.9
