0.838
51.0
0.784
51.1
0.764
70.7
0.835
49.7
0.762
59.2
0.791
51.8
0.909
48.0
0.742
63.1
0.686
51.3
0.805
55.2
0.706
53.0
0.775
48.4
0.786
49.9
0.747
46.8
0.795
53.2
0.795
47.8
0.712
50.4
0.833
63.5
0.835
56.4
0.809
52.6
0.732
51.0
0.778
50.7
0.747
46.9
0.756
63.7
0.757
59.6
0.729
61.3
0.772
58.0
0.738
47.3
0.702
55.4
0.730
52.6
0.682
62.3
0.699
50.7
0.777
51.7
0.677
49.1
0.727
61.6
0.952
54.2
0.782
48.9
0.762
58.7
0.778
52.4
0.789
62.2
0.782
59.7
0.796
51.8
0.740
49.1
0.736
64.4
0.742
50.3
0.731
64.2
0.793
61.4
0.745
50.0
0.738
60.3
0.743
52.1
0.741
60.5
0.726
60.7
0.814
50.0
0.767
47.9
0.772
51.7
0.796
54.0
0.720
54.0
0.772
45.7
0.750
55.8
0.765
49.8
0.805
48.1
0.729
47.5
0.653
53.1
0.758
49.3
0.727
51.4
0.835
53.8
0.787
51.1
0.742
75.5
0.708
61.0
0.737
53.4
0.764
49.4
0.708
51.1
0.697
61.3
0.762
60.4
0.732
53.0
