0.978
71.0
0.767
74.0
0.808
*
0.815
59.2
0.828
62.7
0.834
71.8
0.791
70.0
0.774
55.4
0.807
63.2
0.933
73.8
0.877
75.7
0.776
*
0.714
73.6
0.758
68.9
0.825
77.8
0.803
60.3
0.787
124
0.753
89.8
0.826
63.0
0.825
70.0
0.748
74.5
0.792
86.2
0.843
106
0.836
84.5
0.772
108
0.783
63.5
0.851
82.8
0.853
90.6
0.812
68.2
0.753
73.1
0.797
89.0
0.703
71.6
0.849
86.4
0.786
96.4
0.843
61.8
0.841
66.5
0.835
76.2
0.717
74.9
0.813
81.5
0.752
89.8
0.781
140
0.791
106
0.794
122
0.740
74.7
0.773
71.2
0.759
80.6
0.804
82.8
0.822
68.2
0.651
85.3
0.907
83.0
0.787
*
0.691
70.6
0.731
74.3
0.713
74.9
0.748
88.5
0.778
68.3
0.725
94.4
0.807
72.3
0.868
78.9
0.734
65.1
0.736
78.2
0.761
64.3
0.784
101
0.772
69.8
0.732
77.9
0.757
113
0.830
74.3
0.796
71.2
0.831
71.8
0.771
*
0.739
76.6
0.761
76.1
0.762
83.3
0.956
92.2
0.808
69.9
