0.810
53.8
0.734
52.8
0.742
60.1
0.834
49.7
0.714
53.3
0.842
63.7
0.788
60.0
0.744
52.6
0.730
47.7
0.831
53.4
0.740
69.3
0.713
58.9
0.725
51.7
0.877
54.8
0.931
51.0
0.794
55.8
0.737
54.5
0.775
50.5
0.789
54.1
1.11
48.7
0.686
47.3
0.831
53.5
0.774
58.2
0.779
47.3
0.746
53.3
0.979
47.9
0.740
49.3
0.854
47.2
0.744
56.6
0.690
54.3
0.751
53.4
0.697
52.3
0.776
54.7
0.667
49.3
0.780
51.1
0.815
49.3
0.775
48.8
0.673
60.6
0.741
51.3
0.694
48.2
0.722
46.7
0.748
57.2
0.814
51.8
0.766
57.9
0.734
65.0
0.748
49.0
0.715
52.6
0.721
52.9
0.734
54.7
0.706
53.7
0.764
56.3
0.731
44.9
0.828
58.8
0.689
49.0
0.713
53.6
0.737
62.2
0.750
51.7
0.764
47.5
0.738
55.0
0.736
57.1
0.786
53.3
0.693
45.4
0.799
55.9
0.815
56.5
0.752
74.3
0.750
54.9
0.846
51.3
0.752
49.8
0.776
47.4
0.707
52.6
0.780
53.4
0.891
63.9
0.776
49.0
0.744
51.5
0.740
50.9
