0.835
55.6
0.744
95.8
0.709
60.7
0.846
71.9
0.749
98.8
0.797
63.6
0.766
103
0.833
109
0.765
102
0.804
58.5
0.735
64.6
0.771
58.6
0.706
95.2
0.778
101
0.765
107
0.741
105
0.694
60.8
0.788
70.0
0.757
105
0.842
106
0.739
71.8
0.721
66.7
0.894
94.6
0.772
65.8
0.721
65.0
0.730
64.9
0.816
64.2
0.761
63.1
0.751
103
0.756
54.6
0.705
70.4
0.705
54.1
0.811
58.1
0.728
66.8
0.788
103
0.729
58.7
0.784
70.1
0.774
61.0
0.862
97.0
0.780
62.3
0.845
105
0.882
59.1
0.888
68.2
0.786
97.6
0.703
62.5
0.824
95.8
0.855
104
0.760
95.9
0.825
59.0
0.786
60.7
0.727
109
0.800
106
0.945
87.7
0.783
102
0.864
66.0
0.847
101
0.945
95.5
0.779
65.9
0.742
97.1
0.776
64.0
0.787
98.4
0.705
73.9
0.797
98.3
0.737
107
0.709
56.5
0.779
99.1
0.775
62.6
0.755
63.6
0.788
104
0.746
61.0
0.789
109
0.776
53.9
0.782
63.1
0.728
101
0.829
105
