0.844
37.1
0.721
50.2
0.748
104
0.856
42.6
0.773
45.5
0.805
36.2
0.907
37.2
0.923
65.1
0.782
35.1
0.807
39.5
0.692
53.4
0.752
70.4
0.740
37.8
0.783
39.7
0.820
61.9
0.836
47.9
0.725
38.0
0.734
50.6
0.778
59.6
0.769
42.2
0.731
54.7
0.766
59.1
0.897
47.0
0.807
38.7
0.752
35.4
0.752
45.9
0.808
36.0
0.733
62.3
0.728
38.6
0.713
38.9
0.758
65.7
0.754
42.3
0.799
64.6
0.736
36.2
0.798
66.4
0.802
35.2
0.764
49.7
0.674
46.1
0.766
57.9
0.923
69.9
0.721
74.7
0.827
65.6
0.744
69.5
0.762
65.9
0.888
47.3
0.718
34.8
0.820
34.6
0.850
42.3
0.741
42.8
0.747
68.6
0.711
65.3
0.703
66.3
0.804
37.0
0.794
42.1
0.837
39.6
0.817
40.4
0.706
62.3
0.724
60.4
0.758
40.9
0.757
41.2
0.944
42.6
0.718
43.5
0.740
56.0
0.705
37.9
0.680
63.2
0.786
42.2
0.727
36.3
0.691
40.8
0.831
77.2
0.785
73.4
0.776
54.0
0.695
45.7
0.726
64.7
0.656
59.1
0.985
45.0
