1.06
68.9
0.788
70.5
0.761
101
0.851
65.8
0.900
58.3
0.765
70.4
0.769
61.5
0.730
78.0
0.749
63.5
0.745
64.8
0.741
63.4
0.727
65.1
0.740
59.1
0.779
59.0
0.813
60.7
0.803
60.2
0.719
65.2
0.738
60.3
0.906
60.0
0.741
59.5
0.775
60.4
0.827
68.8
0.953
66.1
0.888
64.5
0.736
63.0
0.685
58.9
0.752
58.8
0.754
63.9
0.739
60.6
0.726
65.2
0.715
68.7
0.742
59.4
0.835
61.7
0.694
60.2
0.750
62.6
0.745
64.4
0.708
70.4
0.738
68.1
0.768
67.4
0.736
62.0
0.761
72.2
0.796
60.0
0.850
69.2
0.740
61.2
0.677
73.0
0.684
60.6
0.996
65.0
0.738
61.1
0.781
59.2
0.749
65.8
0.794
73.2
0.698
62.4
0.838
72.1
0.811
64.8
0.737
74.0
0.776
66.1
0.737
65.7
0.782
63.7
0.719
66.4
0.796
67.6
0.798
64.7
0.712
62.9
0.699
67.3
0.812
59.1
0.763
60.4
0.751
56.3
0.792
57.2
0.730
66.5
0.793
61.2
0.713
56.7
0.771
68.4
0.804
57.6
0.804
69.1
0.909
66.2
0.785
63.9
