0.922
80.9
0.779
74.1
0.762
*
0.928
70.8
0.827
77.3
0.800
74.4
0.774
77.1
0.817
86.3
0.775
76.9
0.799
71.5
0.681
72.7
0.783
70.2
0.770
72.5
0.868
66.6
0.741
73.1
0.825
78.1
0.709
70.3
0.816
73.1
0.747
87.1
0.757
77.1
0.763
70.6
0.759
66.7
0.768
72.2
0.799
74.5
0.732
68.9
0.800
68.9
0.832
70.6
0.792
69.8
0.727
78.0
0.676
93.9
0.780
73.7
0.772
73.2
0.832
74.4
0.919
74.4
0.735
73.6
0.740
75.5
0.807
79.3
0.719
71.1
0.787
72.3
0.737
78.5
0.770
70.5
0.793
67.8
0.807
69.1
0.794
79.6
0.729
74.5
0.763
71.2
0.749
82.9
0.796
75.0
0.772
66.0
0.732
198
0.723
71.8
0.744
81.0
0.804
75.8
0.813
73.9
0.749
75.0
0.735
74.5
0.746
73.5
0.805
69.1
0.671
73.1
0.715
76.5
0.826
79.6
0.795
70.8
0.700
81.0
0.811
74.4
0.715
71.9
0.793
74.7
0.753
69.8
0.723
72.1
0.757
75.8
0.739
71.1
0.726
73.3
0.809
76.5
0.940
71.0
0.748
73.6
0.927
73.1
