0.852
152
0.724
146
0.742
111
0.872
79.3
0.753
147
0.867
152
0.837
155
0.685
150
0.741
151
0.771
89.3
0.742
81.5
0.891
87.3
0.728
87.1
0.716
150
0.741
82.8
0.749
166
0.702
145
0.774
84.7
0.779
93.1
0.780
82.7
0.688
85.2
0.784
55.2
0.770
154
0.741
88.1
0.675
80.8
0.697
145
0.779
90.3
0.730
61.1
0.781
104
0.718
87.3
0.789
95.1
0.798
146
0.795
55.1
0.739
91.0
0.817
90.7
0.771
86.7
0.753
151
0.830
87.6
0.790
153
0.702
90.0
0.813
82.9
0.747
60.1
0.706
55.3
0.778
81.6
0.937
154
0.741
154
0.886
154
0.796
156
0.730
88.4
0.751
56.3
0.737
86.8
0.750
152
0.783
89.1
0.787
106
0.730
81.9
0.812
83.8
0.675
80.6
0.775
51.3
0.746
153
0.924
89.7
0.913
155
0.918
84.1
0.765
83.9
0.772
79.6
0.683
62.2
0.775
87.6
0.725
90.5
0.690
80.5
0.797
148
0.722
102
0.727
82.9
0.766
97.8
0.781
81.3
0.770
86.3
0.889
85.9
