1.08
64.2
0.820
63.0
0.814
65.2
0.791
52.7
0.807
59.7
0.798
52.7
0.788
53.0
0.803
63.0
0.720
63.0
0.912
57.6
0.741
67.0
0.720
74.4
0.727
54.5
0.738
55.5
0.832
53.9
0.778
74.8
0.740
57.7
0.792
56.1
0.827
63.8
0.825
59.6
0.781
56.8
0.820
75.7
0.766
56.4
0.764
57.2
0.709
55.5
0.740
59.6
0.780
60.1
0.757
75.8
0.760
64.3
0.744
57.5
0.775
61.4
0.743
58.4
0.875
67.2
0.849
53.5
0.833
55.7
0.807
57.1
0.769
62.7
0.876
66.0
0.806
57.0
0.732
75.5
0.812
59.3
0.802
67.8
0.839
74.2
0.771
54.2
0.726
54.0
0.806
62.0
0.777
55.7
0.864
57.1
0.788
55.1
0.912
67.9
0.771
65.2
0.873
66.8
0.883
55.4
0.835
63.6
0.876
56.9
0.838
54.5
0.806
71.3
0.822
73.0
0.725
55.7
0.772
53.1
0.888
68.1
0.737
60.1
0.759
70.6
0.807
52.6
0.810
69.2
0.842
57.7
0.977
54.9
0.780
55.8
0.784
66.6
0.784
55.8
0.792
62.8
0.844
61.8
0.744
60.1
0.737
62.8
0.834
54.0
