0.844
54.8
0.746
45.1
0.868
57.0
0.823
44.9
0.862
53.7
0.849
55.9
0.879
54.4
0.872
58.2
0.767
46.5
0.814
47.8
0.673
51.6
0.799
48.6
0.747
48.6
0.888
62.5
0.786
53.8
0.786
64.0
0.778
53.3
0.804
56.9
0.817
41.5
0.779
50.5
0.854
47.4
0.837
47.0
0.886
44.9
0.819
60.0
0.782
44.6
0.769
44.7
0.774
52.3
0.776
54.0
0.721
47.7
0.750
44.4
1.09
44.4
0.733
44.6
0.770
62.6
0.708
45.8
0.759
44.4
0.803
41.4
0.794
47.2
0.928
47.1
0.742
46.9
0.719
52.0
0.734
45.6
0.728
78.0
0.838
54.2
0.914
60.4
0.781
59.0
0.811
72.0
0.812
52.5
0.786
59.7
0.719
41.7
0.770
43.9
0.746
57.8
0.793
54.2
0.790
45.7
0.774
62.2
0.795
42.2
0.813
53.8
0.719
56.3
0.710
44.7
0.737
53.9
0.714
47.5
0.948
57.1
0.760
49.1
0.778
50.6
0.932
48.1
0.758
70.5
0.751
56.3
0.706
45.5
0.773
45.5
0.812
48.0
0.709
44.4
0.726
50.7
0.731
49.4
0.822
50.0
0.740
47.1
0.779
80.5
