0.903
54.7
0.807
46.7
0.812
264
0.891
42.8
0.811
46.6
0.830
43.1
0.811
58.0
0.814
61.5
0.785
45.7
0.823
45.2
0.723
49.7
0.772
48.4
0.714
41.2
0.789
45.1
0.773
42.6
0.797
44.1
0.717
46.7
0.809
43.4
0.879
47.1
0.779
49.7
0.717
49.5
0.796
59.9
0.783
47.0
0.811
49.0
0.731
43.7
1.03
47.3
0.774
44.8
0.761
62.8
0.673
45.6
0.724
43.2
0.770
60.9
0.752
49.1
0.756
63.1
0.934
44.8
0.832
58.8
0.726
42.4
0.759
44.0
0.735
42.4
0.762
48.0
0.703
67.1
0.764
66.9
0.745
59.8
0.783
64.0
0.715
58.5
0.702
40.1
0.766
55.7
0.822
56.0
0.750
55.9
0.777
41.0
0.766
67.2
0.758
48.9
0.716
64.2
0.836
55.0
0.798
57.5
0.841
40.6
0.800
46.7
0.744
42.9
0.748
70.1
0.731
62.0
0.742
49.6
0.781
41.5
0.676
47.4
0.666
54.1
0.800
*
0.750
63.8
0.767
41.6
0.842
48.2
0.790
41.3
0.772
53.2
0.766
43.8
0.770
52.6
0.834
46.8
0.805
61.3
0.671
59.9
0.805
59.8
