0.856
55.5
0.694
63.5
0.808
65.8
0.806
57.6
0.821
56.2
0.838
54.8
0.777
65.0
0.779
64.9
0.766
55.9
0.826
61.1
0.690
65.6
0.763
59.7
0.724
54.3
0.737
60.4
0.759
59.5
0.711
68.1
0.731
66.1
0.782
61.3
0.767
74.5
0.811
57.0
0.741
60.8
0.832
60.6
0.786
62.3
0.791
55.6
0.817
58.0
0.691
65.8
0.814
60.2
0.759
65.3
0.661
57.7
0.663
54.4
0.671
63.2
0.814
63.6
0.741
65.6
0.662
61.2
0.802
68.6
0.761
58.8
0.712
55.0
0.660
59.0
0.772
57.1
0.707
61.0
0.730
64.5
0.716
60.5
0.778
65.7
0.692
73.9
0.642
59.9
0.703
54.9
0.779
58.4
0.698
67.8
0.900
78.0
0.682
59.5
0.664
83.9
0.851
59.0
0.784
57.6
0.770
56.4
0.861
56.0
0.752
64.0
0.773
57.5
0.837
62.2
0.712
53.0
0.711
60.5
0.741
58.0
0.729
61.7
0.735
60.1
0.807
*
0.760
59.9
0.787
55.2
0.795
56.8
0.772
64.9
0.805
55.5
0.736
68.7
0.733
60.4
0.793
57.0
0.767
60.9
0.714
59.5
0.771
57.4
