0.819
64.6
0.728
44.7
0.736
109
0.850
59.0
0.807
102
0.745
43.2
0.748
104
0.818
107
0.735
108
0.793
50.9
0.727
49.6
0.743
46.9
0.764
45.2
0.708
107
0.777
54.0
0.744
128
0.759
49.4
0.760
42.6
0.816
107
0.733
49.7
0.718
63.2
0.808
102
0.788
45.9
0.820
52.2
0.744
43.5
0.897
45.4
0.744
51.6
0.822
107
0.711
113
0.659
48.5
0.748
104
0.735
46.9
0.811
111
0.695
51.9
0.809
102
0.728
45.4
0.772
68.7
0.875
44.9
0.794
46.2
0.744
106
0.791
110
0.818
106
0.744
106
0.758
104
0.683
107
0.724
60.1
0.713
106
0.761
55.2
0.693
44.7
0.763
109
0.735
45.7
0.708
108
0.831
57.8
0.819
49.8
0.810
43.2
0.774
51.4
0.724
48.9
0.782
103
0.799
107
0.721
53.3
0.809
103
0.714
55.9
0.719
46.0
0.788
*
0.706
102
0.831
44.4
0.849
46.8
0.750
63.1
0.769
121
0.729
42.6
0.783
47.7
0.771
43.7
0.762
108
0.783
106
0.860
46.4
