0.915
63.6
0.736
65.9
0.797
*
0.819
65.8
0.782
61.4
0.984
65.1
0.962
65.3
0.789
63.6
0.794
64.8
0.790
69.6
0.708
62.7
0.779
57.7
0.901
68.4
0.771
63.8
0.725
64.1
0.764
62.3
0.767
69.4
0.790
63.7
0.799
59.1
0.785
63.2
0.812
64.1
0.797
83.7
0.751
62.8
0.883
63.5
0.736
62.2
0.919
68.9
0.805
68.5
0.778
74.4
0.766
64.1
0.735
69.7
0.743
70.0
0.883
70.6
0.814
70.8
0.769
67.6
0.841
72.8
0.753
69.8
0.917
65.4
0.791
61.4
0.819
65.3
0.745
76.4
0.964
81.4
0.895
72.0
0.851
74.8
0.769
63.1
0.705
64.1
0.703
68.9
0.802
68.7
0.855
90.1
0.705
63.4
0.716
72.0
0.694
67.1
0.742
64.0
0.790
77.1
0.867
64.8
0.914
68.8
0.794
60.2
0.765
66.2
0.831
73.2
0.894
63.0
0.795
62.0
0.883
63.2
0.838
65.5
0.957
62.1
0.821
71.5
0.973
70.7
0.865
68.4
0.837
65.3
0.723
58.7
0.856
62.2
0.707
66.0
0.828
71.2
0.721
65.6
0.704
98.2
0.728
77.6
0.910
66.8
