1.04
235
0.838
219
0.832
64.9
0.896
72.1
0.894
68.4
0.817
218
0.844
61.8
0.898
74.3
0.766
234
0.841
222
0.803
70.2
0.796
230
0.860
61.9
0.759
67.8
0.860
64.3
0.813
67.6
0.778
236
0.808
233
0.810
63.9
0.772
64.6
0.783
241
0.827
66.8
0.768
244
0.752
236
0.726
62.1
0.735
60.8
0.745
236
0.829
61.5
0.690
69.6
0.769
227
0.789
65.0
0.702
248
0.747
65.5
0.756
234
0.772
60.3
0.824
68.2
0.818
232
1.11
228
0.793
224
0.929
62.2
0.756
68.5
0.741
67.2
0.790
69.6
0.708
66.9
0.771
62.7
0.723
87.9
0.810
68.9
0.809
228
0.975
226
0.812
67.4
0.756
234
0.889
64.4
0.816
65.3
0.844
62.5
0.760
217
0.748
64.9
0.807
60.9
0.949
64.3
0.769
69.4
0.693
69.4
0.809
66.4
0.693
71.7
0.687
67.4
0.826
64.8
0.731
75.2
0.840
222
0.841
222
0.905
222
0.872
101
0.725
241
0.743
66.1
0.977
241
0.768
69.7
0.717
65.5
0.745
65.4
