0.870
50.7
0.797
48.3
0.784
*
0.830
51.1
0.819
53.5
0.782
56.0
0.782
51.9
0.823
59.0
0.743
55.4
0.803
61.7
0.746
54.1
0.744
50.4
0.734
48.2
0.764
54.8
0.776
52.0
0.807
63.3
0.790
48.2
0.887
45.4
0.798
57.8
0.835
47.9
0.787
50.1
0.810
63.3
0.763
51.3
0.794
49.3
0.702
53.2
0.721
53.6
0.770
52.7
0.942
62.2
0.862
52.3
0.806
48.4
0.793
73.1
0.777
49.2
0.770
66.1
0.925
54.3
0.849
56.0
0.861
50.7
0.823
46.2
0.699
52.5
0.800
48.0
0.760
64.5
0.804
61.6
0.798
60.6
0.905
61.7
0.714
54.5
0.756
53.2
0.791
62.0
0.788
63.9
0.796
56.3
0.744
46.4
0.771
63.4
0.756
50.0
0.757
57.1
0.815
50.5
0.768
61.4
0.772
50.9
0.880
50.7
0.787
54.5
0.784
60.7
0.707
57.2
0.708
49.2
0.806
69.2
0.733
46.1
0.723
49.1
0.799
50.7
0.782
74.0
0.807
51.4
0.840
55.2
0.730
52.0
0.720
64.7
0.725
49.2
0.783
52.3
0.789
47.6
0.681
67.0
0.883
68.4
0.738
49.8
