0.812
63.5
0.744
78.8
0.771
99.2
0.797
65.7
0.839
72.0
0.772
71.4
0.787
67.3
0.812
83.1
0.732
112
0.791
73.2
0.768
62.2
0.736
71.6
0.754
69.4
0.761
68.5
0.803
65.5
0.789
77.2
0.724
80.7
0.764
70.1
0.790
76.7
0.765
69.1
0.669
71.7
0.786
63.6
0.744
68.7
0.780
68.5
0.651
59.8
0.684
79.3
0.768
81.1
0.804
64.0
0.667
61.8
0.718
68.9
0.735
66.3
0.705
61.3
0.791
69.9
0.671
67.6
0.762
66.1
0.765
70.9
0.778
65.6
0.913
67.2
0.818
64.5
0.766
62.3
0.981
65.6
0.827
67.2
0.782
64.1
0.765
66.0
0.826
71.9
0.770
61.8
0.783
73.6
0.764
74.2
0.763
66.9
0.776
63.6
0.777
73.1
0.733
66.0
0.795
73.6
0.728
61.8
0.874
110
0.806
63.5
0.760
66.7
0.783
63.2
0.762
65.0
0.706
66.8
0.766
69.0
0.758
71.3
0.750
77.5
0.747
68.0
0.718
68.9
0.863
70.1
0.798
64.6
0.747
64.7
0.729
67.0
0.716
67.8
0.750
66.9
0.793
81.2
0.792
67.8
0.732
65.2
0.795
70.5
