0.976
66.7
0.733
59.1
0.767
60.4
0.833
116
0.819
60.0
0.736
115
0.781
57.7
0.770
108
0.748
117
0.847
120
0.765
121
0.807
118
0.771
110
0.719
56.3
0.803
119
0.903
58.3
0.779
59.9
0.813
68.8
0.784
63.1
0.864
119
0.882
60.4
0.876
53.6
0.818
72.0
0.744
120
0.757
116
0.750
62.5
0.807
115
0.753
49.8
0.733
56.4
0.754
175
0.759
53.1
0.773
58.4
0.838
92.8
0.757
121
0.747
105
0.762
127
0.806
114
0.800
118
0.833
61.2
0.769
45.1
0.770
119
0.813
55.4
0.803
53.9
0.752
105
0.732
123
0.747
110
0.787
113
0.725
67.7
0.782
66.3
0.699
48.5
0.720
118
0.749
110
0.737
128
0.813
114
0.752
116
0.828
114
0.685
148
0.699
52.6
0.674
98.8
0.723
110
0.863
118
0.699
114
0.718
113
0.730
116
0.753
50.2
0.768
116
0.852
115
0.879
127
0.820
122
0.686
56.4
0.845
116
0.711
115
0.772
123
0.729
55.6
0.805
120
