0.863
55.3
0.931
50.2
0.804
85.9
0.921
61.0
0.856
105
0.793
60.4
0.810
110
0.912
106
0.803
75.5
0.827
75.5
0.708
54.7
0.754
50.7
0.805
54.1
0.732
96.7
0.786
67.8
0.828
106
0.749
73.2
0.833
67.5
0.783
112
0.785
79.3
0.745
62.3
0.732
85.3
0.752
98.9
0.725
64.8
0.968
56.4
0.775
102
0.782
48.6
0.778
82.7
0.706
106
0.895
55.2
0.756
103
0.696
56.7
0.787
92.3
0.762
59.4
0.809
103
0.794
50.4
0.845
54.5
0.745
53.0
0.744
59.8
0.754
87.6
0.805
97.2
0.773
87.1
0.951
89.8
0.727
102
0.746
54.0
0.734
97.6
0.798
102
0.753
65.1
0.780
65.8
0.787
85.0
0.690
58.2
0.738
108
0.796
59.1
0.782
103
0.788
54.4
0.762
48.5
0.733
76.8
0.777
83.0
0.721
95.5
0.708
48.8
0.759
102
0.685
77.1
0.721
50.2
0.776
54.3
0.751
88.9
0.735
52.0
0.792
66.9
0.812
61.4
0.847
49.8
0.763
49.5
0.789
51.6
0.800
102
0.799
107
0.745
90.8
0.778
*
