0.809
57.4
0.739
55.2
0.728
83.3
0.863
59.0
0.805
63.3
0.801
59.1
0.757
67.3
0.746
64.6
0.738
65.4
0.820
63.5
0.732
53.4
0.740
70.0
0.741
56.5
0.742
59.5
0.763
65.7
0.778
63.5
0.742
56.2
0.768
65.2
0.770
69.5
0.795
61.5
0.762
68.1
0.810
51.8
0.758
56.3
0.924
55.1
0.737
67.2
0.682
59.5
0.767
55.6
0.771
64.0
0.692
56.6
0.737
55.0
0.846
69.9
0.745
56.4
0.791
51.8
0.721
58.0
0.730
57.7
0.787
60.4
0.729
55.3
0.753
58.8
0.751
73.2
0.722
72.5
0.876
74.9
0.799
49.2
0.914
64.4
0.724
56.5
0.717
65.8
0.835
58.6
0.822
62.5
0.741
86.0
0.664
55.9
0.656
70.1
0.734
64.6
0.699
76.5
0.795
74.3
0.822
70.2
0.819
74.5
0.748
61.4
0.689
56.1
0.825
50.4
0.757
59.6
0.713
51.6
0.731
62.0
0.665
47.9
0.896
68.7
0.778
57.2
0.738
53.5
0.944
51.9
0.859
61.3
0.723
57.3
0.813
60.0
0.730
57.0
0.756
56.3
0.742
63.3
0.916
68.2
0.690
69.3
0.754
52.6
