0.861
54.2
0.912
55.3
0.773
113
0.793
50.4
0.845
47.5
0.754
50.9
0.758
50.5
0.838
52.8
0.834
58.3
0.793
54.1
0.781
54.2
0.740
115
0.710
47.3
0.802
47.2
0.767
48.6
0.742
68.2
0.715
54.8
0.802
54.3
0.760
56.9
0.823
49.8
0.715
113
0.779
113
0.773
48.1
0.906
54.7
0.723
53.9
0.767
52.2
0.873
48.1
0.807
116
0.769
51.8
0.712
60.9
0.780
113
0.706
53.4
0.848
116
0.745
55.0
0.776
52.4
0.842
47.6
0.803
52.1
0.751
66.4
0.764
56.4
0.751
109
0.825
115
0.806
114
0.805
119
0.762
46.9
0.818
64.0
0.763
55.9
0.805
51.4
0.744
46.4
0.694
46.7
0.705
116
0.718
123
0.797
51.1
0.797
51.5
0.910
60.0
0.753
54.1
0.765
59.6
0.738
64.5
0.811
115
0.713
45.8
0.696
51.8
0.797
55.7
0.765
115
0.712
61.9
0.787
56.0
0.744
118
0.750
48.9
0.763
49.1
0.778
53.0
0.766
53.4
0.739
56.6
0.776
46.6
0.763
45.7
0.805
120
0.876
115
0.922
55.5
