36.3
40.7
50.8
43.3
35.7
48.7
49.2
40.1
55.2
51.0
41.6
39.0
39.3
41.2
44.2
39.9
48.4
42.9
52.3
50.5
47.3
36.7
39.7
42.7
43.9
51.3
37.1
38.9
38.0
41.5
55.6
37.8
37.6
39.4
50.1
54.6
39.0
39.5
53.7
55.6
57.5
37.7
48.0
37.5
42.8
38.9
53.1
50.6
41.9
37.3
55.0
51.4
58.2
49.4
41.9
50.6
40.1
38.2
37.7
49.9
49.7
43.7
37.8
37.5
40.3
54.0
42.2
55.2
35.9
43.9
51.8
35.9
35.1
54.7
39.0
43.2
55.2
42.1
38.9
35.4
40.0
48.8
49.7
52.7
52.1
50.3
49.4
59.3
70.4
57.8
52.6
41.7
51.6
79.6
50.0
68.3
34.9
47.6
39.2
53.0
