0.832
84.3
0.908
98.5
0.769
110
0.811
78.7
0.809
88.6
0.752
83.0
0.815
89.0
0.923
91.7
0.771
109
0.786
95.9
0.709
80.3
0.759
93.1
0.710
81.0
0.778
87.7
0.767
79.9
0.775
95.2
0.763
78.0
0.784
79.4
0.784
97.6
0.779
77.9
0.712
81.6
0.813
88.2
0.732
96.9
0.990
79.7
0.761
83.7
0.724
78.6
0.778
99.1
0.791
92.9
0.688
93.0
0.769
99.8
0.810
94.7
0.809
104
0.809
101
0.756
80.0
0.766
85.2
0.742
80.5
0.781
78.3
0.728
84.4
0.771
87.6
0.747
111
0.869
106
0.862
112
0.758
94.2
0.702
91.4
0.941
87.3
0.680
74.3
0.774
79.1
0.743
77.7
0.791
83.9
0.672
92.0
0.732
81.5
0.722
91.5
0.822
85.0
0.869
83.7
0.884
78.2
0.929
79.8
0.831
94.9
0.788
93.5
0.769
77.6
0.757
77.6
0.729
92.6
0.706
77.3
0.734
107
0.782
81.3
0.720
91.1
0.779
90.5
0.803
77.9
0.734
80.3
0.835
93.4
0.757
78.4
0.842
84.2
0.785
80.8
0.798
121
0.732
112
0.768
86.1
