0.859
73.1
0.768
78.4
0.858
69.0
0.823
65.1
0.849
67.3
0.753
69.5
0.823
66.9
0.850
89.4
0.766
70.6
0.834
77.6
0.753
70.2
0.791
74.3
0.735
67.7
0.836
66.2
0.791
70.2
0.776
65.4
0.753
71.1
0.788
76.8
0.831
68.9
0.802
71.4
0.753
66.9
0.792
64.2
0.750
74.9
0.917
74.1
0.764
64.5
0.790
78.5
0.827
74.9
0.852
68.7
0.782
72.5
0.874
72.7
0.815
72.0
0.798
70.8
0.824
77.0
0.763
70.0
0.820
70.1
0.807
66.0
0.819
79.1
0.771
89.5
0.838
74.2
0.807
64.1
0.986
78.3
0.851
70.2
0.817
69.9
0.779
74.6
0.777
65.7
0.829
88.4
0.773
74.8
0.833
70.1
0.782
74.1
0.761
73.1
0.816
72.0
0.805
122
0.862
79.8
0.823
85.9
0.813
85.6
0.754
82.8
0.810
90.7
0.813
71.5
0.919
69.2
0.742
71.9
0.856
90.0
0.775
71.5
0.738
73.9
0.783
74.4
0.772
71.7
0.770
76.0
0.879
75.0
0.724
70.6
0.866
78.3
0.778
84.1
0.815
72.4
0.799
74.8
0.744
67.9
0.693
73.0
0.817
71.7
