0.839
83.1
0.730
54.4
0.741
233
0.819
92.3
0.801
89.2
0.796
91.9
0.794
87.8
0.844
88.8
0.782
87.6
0.968
58.7
0.701
103
0.772
54.0
0.788
51.6
0.755
90.7
0.756
72.6
0.760
94.2
0.712
82.3
0.768
84.9
0.820
57.1
0.792
52.5
0.752
65.3
0.791
48.7
0.789
52.1
0.741
60.1
0.766
96.8
0.715
92.5
0.801
58.1
0.848
66.0
0.761
51.7
0.681
55.2
0.748
49.6
0.733
50.3
0.846
50.9
0.746
65.2
1.12
83.4
0.785
105
0.873
93.2
0.745
58.0
0.740
55.9
0.774
49.8
0.742
56.3
0.752
52.5
0.727
60.1
0.734
87.6
0.758
94.0
0.737
84.6
0.732
53.2
0.804
89.6
0.685
56.6
0.703
63.2
0.733
64.4
0.764
85.8
0.852
97.7
0.794
55.0
0.822
51.5
0.820
66.3
0.699
47.3
0.863
52.2
0.795
86.2
0.752
87.5
0.819
91.6
0.717
88.4
0.894
49.9
0.825
51.5
0.705
56.4
0.809
52.1
0.833
58.5
0.917
63.8
0.751
89.5
0.674
54.2
0.768
59.4
1.16
59.3
0.743
50.7
0.856
56.0
0.888
95.6
