0.939
61.2
0.829
56.8
0.811
*
0.874
56.8
0.791
59.1
0.879
61.0
0.764
53.3
0.842
63.7
0.762
67.0
0.793
46.0
0.740
50.6
0.765
46.1
0.696
50.2
0.730
48.0
0.907
54.7
0.746
59.8
0.751
52.9
0.967
59.4
0.838
47.1
0.825
56.0
0.800
54.0
0.799
52.4
0.853
51.6
0.828
49.8
0.714
60.8
0.746
61.2
0.826
50.4
0.798
46.6
0.804
49.2
0.718
54.0
0.706
59.8
0.720
46.5
0.859
61.5
0.855
49.3
0.869
59.1
0.799
52.2
0.824
58.4
0.766
51.1
0.818
93.7
0.750
67.7
0.929
72.9
0.790
50.6
0.809
49.1
0.709
64.6
0.729
74.0
0.705
57.1
0.814
59.6
0.755
58.1
0.742
52.2
0.650
57.5
0.751
49.4
0.758
67.0
0.785
54.3
0.748
50.8
0.841
52.6
0.772
56.5
0.797
45.7
0.842
53.1
0.754
60.1
0.743
47.6
0.848
62.6
0.804
50.8
0.743
49.6
0.825
53.8
0.771
56.3
0.798
52.8
0.879
48.0
0.779
52.8
0.848
52.5
0.842
52.9
0.861
47.5
0.812
48.7
0.862
74.9
0.783
63.2
0.790
59.1
