1.13
71.4
0.777
74.8
0.832
62.3
0.929
68.3
0.823
68.4
0.793
59.5
0.836
68.7
0.874
63.9
0.730
72.3
0.814
71.2
0.727
73.6
0.803
76.6
0.807
128
0.990
63.3
0.789
70.0
0.765
66.3
0.691
65.2
0.793
76.5
0.825
78.0
0.818
104
0.706
65.1
0.965
73.9
0.764
124
0.726
67.9
0.827
68.4
0.707
63.9
0.824
65.6
0.818
67.5
0.805
68.2
0.998
70.6
0.793
67.8
0.791
72.0
0.864
69.2
0.794
62.3
0.816
61.3
0.789
67.1
0.837
66.8
0.801
69.1
0.798
76.6
0.731
63.6
0.751
70.2
0.931
66.5
0.716
69.9
0.772
56.9
0.733
66.3
0.803
69.4
0.920
63.2
0.749
61.6
0.882
65.2
0.724
63.7
0.755
70.4
0.789
59.7
0.809
76.8
0.843
82.3
0.902
64.9
0.806
64.1
0.798
70.8
0.770
79.2
0.940
67.6
0.752
72.5
1.03
68.9
0.777
67.2
0.760
71.7
0.859
80.5
0.751
65.0
0.763
69.6
0.853
67.2
0.742
68.5
0.806
65.9
0.723
66.4
0.738
68.4
0.734
63.9
0.685
79.5
0.753
64.6
0.728
66.3
