0.819
77.8
0.797
50.0
0.830
62.6
0.809
52.9
0.798
67.6
0.840
51.2
0.814
56.2
0.845
60.0
0.769
54.6
0.802
54.8
0.806
55.4
0.739
53.2
0.740
49.4
0.765
53.6
0.789
52.7
0.826
59.9
0.958
63.9
0.865
76.4
0.821
53.4
0.856
55.4
0.893
52.4
0.888
69.6
0.798
65.7
0.834
53.2
0.822
54.7
0.697
51.2
0.794
58.2
0.753
72.4
0.740
54.9
0.738
52.4
0.823
66.4
0.821
68.9
0.870
63.7
0.779
56.7
0.835
51.3
0.789
53.2
1.03
54.2
0.804
54.4
0.968
51.0
0.744
63.6
0.808
66.2
0.811
63.3
0.775
66.0
0.770
50.8
0.950
57.7
0.783
56.1
0.886
49.3
0.805
51.6
0.842
58.0
0.802
76.7
0.837
53.9
0.771
64.9
0.858
53.4
0.860
58.6
1.03
51.5
0.797
58.8
0.787
56.8
0.984
64.2
0.778
57.5
0.756
54.4
0.844
52.0
0.765
52.1
0.729
58.1
0.791
*
0.822
73.6
0.755
55.3
0.787
54.3
0.967
56.9
0.779
52.7
0.732
105
0.829
53.9
0.890
54.8
0.990
67.6
0.950
66.2
0.795
52.5
