0.880
75.9
0.781
61.6
0.786
227
0.834
69.5
0.762
54.8
0.857
66.4
0.810
80.0
0.825
46.7
0.774
67.5
0.819
76.2
0.726
65.6
0.755
68.5
0.778
48.3
0.886
59.3
0.818
50.4
0.820
61.7
0.782
68.1
0.798
56.2
0.851
60.3
0.828
48.9
0.766
70.1
0.839
49.3
0.858
62.6
0.837
61.3
0.721
59.2
0.885
55.8
0.915
53.0
0.864
68.2
0.818
55.1
0.771
50.1
0.878
48.9
0.772
56.8
0.867
220
0.787
59.7
0.871
55.3
0.829
64.5
0.855
60.1
0.981
67.4
0.839
60.6
0.784
47.3
0.825
57.9
0.812
53.5
0.992
50.8
0.727
62.5
0.742
47.1
0.929
54.7
0.869
57.7
0.935
58.7
0.837
99.3
0.775
64.4
0.777
71.6
0.757
49.0
0.831
58.3
0.799
63.7
0.813
64.6
0.872
46.4
0.709
53.5
0.958
54.8
0.759
60.9
0.780
66.2
0.827
61.2
0.794
86.5
0.821
51.1
0.806
48.4
0.779
47.1
0.749
56.3
0.804
61.5
0.759
60.2
0.814
59.4
0.730
62.2
0.829
52.9
0.981
48.0
0.847
48.2
0.763
51.6
0.850
61.9
