0.923
59.0
0.850
61.8
0.719
65.4
0.843
58.6
0.877
61.6
0.853
65.0
0.847
70.0
0.849
65.8
0.773
60.1
0.889
58.9
0.814
59.5
0.875
61.4
0.725
58.2
0.691
56.5
0.760
65.9
0.834
57.2
0.708
56.8
0.810
57.5
0.837
66.6
1.11
67.3
0.739
66.1
0.770
62.6
0.802
59.5
0.815
64.1
0.719
62.3
0.731
59.4
0.813
67.8
0.781
65.6
0.752
60.8
0.708
63.5
0.782
63.9
0.710
60.1
0.797
64.6
0.992
64.0
0.844
71.1
0.897
58.6
0.808
59.0
0.766
63.2
0.795
61.2
0.726
67.9
0.765
52.9
0.928
66.0
0.814
67.2
0.772
73.6
0.815
67.5
0.797
67.7
0.825
62.1
0.827
63.1
0.782
57.7
0.794
65.0
0.817
62.6
0.812
64.1
0.854
70.2
0.712
59.6
0.922
67.2
0.831
59.6
0.728
77.3
0.790
69.8
0.867
65.4
0.725
63.4
0.794
58.2
0.783
66.2
0.780
68.6
0.890
*
0.884
62.3
0.827
58.9
0.707
61.6
0.708
63.6
0.910
57.9
0.744
59.4
0.807
66.8
0.857
65.6
0.845
64.6
1.00
57.9
0.901
62.0
