1.02
40.9
0.818
42.3
0.808
68.0
0.844
55.0
0.938
45.4
0.820
43.7
0.792
48.4
0.846
67.4
0.817
44.8
0.846
47.4
0.946
40.8
0.720
49.3
0.785
46.7
0.772
55.1
0.830
43.0
1.20
46.1
0.791
45.5
0.769
47.3
0.835
43.0
0.848
56.4
0.781
49.2
0.768
62.2
0.850
53.1
0.751
54.8
0.749
41.9
0.737
45.7
0.743
50.9
0.812
61.2
0.720
45.3
0.730
50.3
0.735
66.0
0.755
58.6
0.763
62.1
0.767
49.6
0.830
41.8
0.828
44.4
0.796
45.2
0.847
43.9
0.777
47.9
0.784
66.1
0.809
59.7
0.798
67.4
0.807
62.8
0.748
40.3
0.699
54.0
0.650
46.3
0.869
50.5
0.826
41.9
0.784
44.9
0.818
68.4
0.724
53.6
0.781
65.1
0.816
46.5
0.808
77.0
0.842
42.9
0.861
45.7
0.702
62.6
0.873
57.5
0.745
47.1
0.796
49.6
0.860
50.6
0.711
53.1
0.648
48.6
0.740
*
0.794
61.0
0.793
45.8
0.881
41.8
0.770
46.5
0.975
46.0
0.905
44.6
0.793
48.5
0.756
42.7
0.760
71.6
0.759
60.7
0.818
46.2
