0.835
62.7
0.771
71.2
0.832
*
0.792
61.3
0.729
55.5
0.829
67.6
0.829
64.5
0.833
69.7
0.864
60.4
0.865
60.8
0.804
61.0
0.748
62.5
0.796
60.2
0.789
72.7
0.842
86.0
0.805
69.8
0.752
55.0
0.737
72.6
0.846
57.2
0.830
82.6
0.729
60.8
0.774
58.2
0.807
62.0
0.833
64.6
1.17
64.1
0.784
68.1
0.798
67.3
0.825
59.7
0.717
60.7
0.747
70.0
0.784
61.6
1.13
63.3
0.835
82.7
0.732
70.9
0.761
68.2
0.845
68.3
0.770
61.3
0.765
81.2
0.758
62.2
0.788
66.4
0.850
62.9
0.831
113
0.802
66.7
0.751
68.3
0.695
70.7
0.760
57.7
0.758
74.2
0.805
71.5
0.770
76.3
0.800
57.6
0.725
61.6
0.761
70.8
0.995
59.2
0.824
60.0
0.819
76.4
0.868
57.0
0.926
69.9
0.729
58.4
0.698
67.3
0.705
56.1
0.789
71.2
0.714
64.8
0.754
62.8
0.832
60.2
0.737
65.3
0.761
60.0
0.803
61.7
0.882
62.5
0.866
61.8
0.689
66.0
0.825
59.4
0.817
56.1
0.795
61.5
0.702
63.8
0.742
56.0
