0.863
53.1
0.812
70.9
0.809
56.3
0.912
40.8
0.855
51.9
0.889
59.4
0.876
72.6
0.868
57.7
0.803
51.3
0.945
41.0
0.768
48.7
0.762
46.0
0.826
56.9
0.850
51.7
0.834
52.8
0.817
56.1
0.815
60.1
0.806
51.8
0.943
58.1
0.923
59.2
0.787
66.9
0.729
64.2
0.791
54.8
0.832
47.2
0.804
41.5
0.729
60.9
0.760
48.3
0.745
55.3
0.804
59.1
0.790
51.7
0.789
55.9
0.947
42.0
0.842
55.6
0.742
57.1
0.828
59.5
0.814
45.1
0.837
50.6
0.959
44.9
0.784
55.9
0.844
57.1
0.769
55.8
0.813
51.4
1.07
53.8
0.740
49.9
0.698
53.7
0.691
53.9
0.863
57.3
0.772
59.7
0.768
54.4
0.765
56.6
0.749
58.0
0.741
68.1
0.849
47.2
0.784
53.3
0.841
47.1
0.786
57.5
0.799
60.8
0.805
56.3
0.729
51.1
0.757
47.0
0.786
49.3
0.787
52.5
0.791
46.8
0.771
*
0.743
51.1
0.823
46.8
0.844
48.9
0.766
51.4
0.819
56.3
0.715
50.9
0.968
58.1
0.843
60.4
0.777
51.2
0.772
57.7
0.755
53.9
