0.853
64.3
0.779
73.7
0.737
118
0.850
67.1
0.768
79.9
0.887
61.1
0.795
56.9
0.761
78.1
0.738
90.1
0.744
77.2
0.871
77.1
0.911
65.1
0.768
61.6
0.766
70.7
0.765
62.3
0.789
86.5
0.734
65.8
0.720
60.6
0.791
66.9
0.823
62.6
0.712
57.5
0.776
108
0.792
58.7
0.763
60.2
0.755
63.2
0.715
84.8
0.779
83.9
0.822
109
0.750
61.3
0.739
61.7
0.768
121
0.713
60.8
0.756
115
0.776
63.7
0.765
79.8
0.777
67.4
0.731
66.9
0.733
61.1
0.776
64.1
0.692
111
0.779
68.6
0.850
121
0.762
110
0.727
79.9
0.775
83.6
0.740
80.8
0.799
81.1
0.776
79.3
0.699
60.2
0.754
120
0.761
80.1
0.726
78.6
0.801
63.2
0.786
58.5
0.836
61.7
0.780
66.8
0.702
61.3
0.765
117
0.702
83.0
0.954
67.8
0.778
77.8
0.719
59.5
0.754
75.2
0.784
65.6
0.776
110
0.751
85.3
0.828
58.8
0.694
64.1
0.756
77.6
0.703
84.8
0.765
71.3
0.830
60.5
0.747
123
0.709
106
0.747
62.1
