0.858
236
0.760
228
0.759
62.7
0.795
*
0.756
60.9
0.806
*
0.776
*
0.742
*
0.902
*
0.730
*
0.721
*
0.719
*
0.788
*
0.763
*
0.809
*
0.824
62.1
0.758
*
0.787
*
0.816
*
0.807
*
0.732
*
0.810
66.1
0.818
*
0.795
*
0.729
*
0.763
*
0.747
*
0.853
62.0
0.731
*
0.758
*
0.746
63.9
0.735
*
0.787
64.3
0.783
*
0.740
*
0.803
*
0.721
*
0.711
*
0.768
*
0.724
69.6
0.779
64.0
0.840
62.8
0.802
59.9
0.711
*
0.661
*
0.702
*
0.746
112
0.766
*
0.738
80.3
0.683
63.2
0.703
76.0
0.811
71.9
0.800
74.3
0.785
57.6
0.822
58.5
0.765
62.1
0.741
62.3
0.773
63.1
0.665
59.2
0.724
62.9
0.772
61.7
0.720
85.2
0.710
64.1
0.772
64.2
0.710
64.8
0.727
62.5
0.733
60.7
0.714
57.7
0.744
67.2
0.704
67.3
0.744
61.5
0.754
66.7
0.754
63.8
0.721
58.4
0.774
66.6
