0.839
58.7
1.00
85.9
0.953
65.3
0.854
60.7
0.772
65.3
0.751
61.1
0.731
69.0
0.813
70.3
0.759
54.1
1.03
91.1
0.687
57.9
0.711
59.9
0.832
64.1
0.698
64.2
0.719
58.2
0.729
67.7
0.703
74.2
0.766
63.2
0.779
59.4
0.829
61.7
0.754
57.0
0.767
57.1
0.784
75.8
0.800
60.6
0.891
59.6
0.748
55.4
0.752
56.2
0.788
56.1
0.681
66.0
0.737
58.4
0.704
58.0
0.700
55.8
0.785
63.1
0.703
65.0
0.757
63.6
0.733
57.1
0.747
58.9
0.723
61.3
0.803
58.1
0.680
63.7
0.726
60.5
0.773
345
1.17
63.5
0.717
63.5
0.808
71.2
0.705
69.6
0.780
85.5
0.712
79.1
0.711
90.0
0.727
55.9
0.895
66.2
0.779
63.5
0.713
59.1
0.780
62.0
0.784
64.0
0.719
54.6
0.672
60.0
0.776
54.3
0.750
68.1
0.709
62.7
0.728
71.6
0.715
56.4
0.700
63.7
0.776
57.7
0.720
63.5
0.756
64.0
0.784
57.9
0.698
63.1
0.721
60.5
0.755
58.2
0.790
57.4
0.807
55.2
0.763
59.7
0.724
58.2
0.780
55.0
