0.768
58.3
0.779
70.4
0.782
69.0
0.778
70.9
0.777
80.0
0.823
52.4
0.770
55.8
0.761
79.5
0.739
57.4
0.835
60.6
0.725
57.5
0.711
93.9
0.732
54.7
0.748
52.3
0.791
56.1
0.776
57.4
0.736
72.7
0.811
64.9
0.797
71.0
0.762
57.1
0.712
82.1
0.695
67.9
0.808
52.1
0.840
56.9
0.779
50.5
0.766
54.2
0.860
51.8
0.758
65.4
0.698
51.0
0.751
51.1
0.720
78.9
0.736
51.1
0.799
67.4
0.833
59.1
0.793
55.6
0.794
60.9
0.785
61.9
0.746
56.4
0.767
56.0
0.740
85.4
0.798
84.3
0.781
65.0
0.845
66.8
0.685
54.5
0.760
54.2
0.852
49.8
0.899
58.7
0.817
57.7
0.754
55.4
0.755
68.6
0.742
95.3
0.728
103
0.802
55.8
0.827
59.6
0.746
55.5
0.733
62.3
0.751
59.4
0.743
68.1
0.755
64.9
0.720
59.2
0.811
55.5
0.745
55.0
0.681
60.8
0.789
56.8
0.740
67.4
0.910
76.1
0.726
52.3
0.684
57.4
0.762
113
0.720
83.1
0.737
64.3
0.749
52.2
0.747
83.7
0.876
83.0
0.817
56.6
