0.890
62.6
0.692
64.0
0.723
91.9
0.814
62.1
0.822
75.8
0.810
70.8
0.758
71.6
0.798
77.8
0.760
79.1
0.785
61.7
0.712
62.9
0.973
63.4
0.767
62.1
0.698
74.0
0.770
62.5
0.787
81.0
0.716
64.9
0.722
62.3
0.797
74.7
0.897
62.1
0.737
61.0
0.777
71.3
0.776
62.1
0.830
65.7
0.710
63.8
0.736
73.3
0.811
72.7
0.774
77.9
0.740
82.3
1.49
63.4
0.758
76.2
0.937
65.2
0.775
72.0
0.757
63.3
0.788
73.2
1.02
61.9
0.749
65.5
0.738
61.2
0.776
67.2
0.712
76.2
0.750
73.3
0.767
71.9
0.765
75.7
0.904
74.2
0.761
76.7
0.773
83.5
0.822
91.1
0.804
78.4
0.911
60.9
0.793
82.7
0.785
69.0
0.756
75.6
0.897
66.4
0.834
69.3
0.967
64.0
0.869
60.7
0.758
60.7
0.790
71.8
0.742
75.6
0.738
64.5
0.794
78.8
0.747
73.1
0.723
58.5
0.740
63.1
0.927
77.9
0.761
65.5
0.817
63.8
0.735
62.4
0.736
66.7
0.772
59.4
0.744
63.1
0.805
63.2
0.789
74.8
0.651
82.0
0.791
63.8
