0.876
47.6
0.789
44.8
0.783
44.8
0.801
48.9
0.811
49.9
0.826
53.5
0.813
53.7
0.879
51.9
0.724
53.1
0.812
46.1
0.759
48.6
0.817
51.7
0.829
44.2
0.799
56.3
0.794
86.5
0.847
59.3
0.771
42.4
0.798
45.6
0.882
52.7
0.862
44.5
0.762
46.3
0.924
46.4
0.828
40.6
0.794
44.8
0.724
46.4
0.741
45.9
0.806
40.8
0.789
70.8
0.724
51.1
0.759
40.7
0.774
46.1
0.822
44.9
0.882
44.1
0.765
47.9
0.784
47.3
0.820
43.2
0.793
42.9
0.757
42.6
0.864
51.1
0.752
45.0
0.854
43.3
0.874
63.2
0.786
44.6
0.768
50.0
0.754
59.1
0.834
52.3
0.834
46.7
1.14
50.8
0.948
68.8
0.806
65.9
0.769
44.9
0.740
55.2
0.808
58.7
0.814
55.0
0.854
44.2
0.890
46.5
0.772
54.4
0.760
49.1
0.764
58.1
0.762
43.4
0.791
43.8
0.768
46.0
0.775
49.4
0.780
*
0.660
41.1
0.829
63.0
0.870
47.1
0.736
46.0
0.825
80.8
0.754
47.3
0.802
46.7
0.837
50.9
0.758
47.5
0.815
55.5
0.815
45.1
