0.891
76.3
0.761
78.6
0.789
155
0.884
74.4
0.823
67.2
0.834
74.1
0.755
67.0
0.816
78.7
0.755
70.2
0.795
74.4
0.724
83.9
0.760
68.0
0.760
78.3
0.815
70.4
0.756
77.8
0.830
74.4
0.686
72.5
0.814
80.9
0.838
64.7
0.792
219
0.694
211
0.774
206
0.989
208
0.893
205
0.716
210
0.739
198
0.713
219
0.779
209
0.765
207
0.665
205
0.719
207
0.822
200
0.798
208
0.741
209
0.752
202
0.801
208
0.745
216
0.773
211
0.786
209
0.746
200
0.756
213
0.862
201
0.820
207
0.751
201
0.771
211
0.747
216
0.760
212
0.823
206
0.681
204
0.765
209
0.760
209
0.747
214
0.792
203
0.845
201
0.793
199
0.832
210
0.712
202
0.775
204
0.750
207
0.732
208
0.808
213
0.698
203
0.772
215
0.750
205
0.773
210
0.811
203
0.790
205
0.718
203
0.792
205
0.717
212
0.810
204
0.797
204
0.770
208
0.703
211
0.750
205
