0.920
265
0.787
262
0.714
92.7
0.791
269
0.825
260
0.793
159
1.04
153
0.745
74.4
0.747
160
0.797
171
0.739
155
0.857
156
0.690
156
0.762
156
0.734
166
0.752
161
0.701
161
0.847
164
0.758
160
0.817
237
0.830
201
0.828
58.6
0.712
59.4
0.794
65.0
0.869
119
0.686
*
0.730
86.5
0.836
63.4
0.724
60.0
0.736
55.8
0.783
51.0
0.707
52.0
0.750
54.3
0.700
56.8
0.719
59.2
0.784
51.4
0.711
55.0
0.749
58.8
0.716
58.4
0.723
51.9
0.784
49.4
0.716
*
0.788
55.6
0.665
59.0
0.681
62.7
0.749
61.6
0.776
54.7
0.765
67.8
0.754
57.4
0.706
57.4
0.712
63.7
0.751
65.0
0.832
59.3
0.747
67.2
0.822
56.5
0.849
54.5
0.733
55.6
0.894
55.9
0.774
59.8
0.776
49.5
0.828
59.7
0.683
55.4
0.782
52.5
0.760
66.7
0.720
56.2
0.970
56.1
0.777
60.2
0.761
60.0
0.728
62.3
0.753
51.9
0.774
54.2
0.786
55.5
0.739
47.1
0.922
52.5
0.816
53.1
