0.783
64.7
0.735
65.4
0.771
61.7
0.840
55.1
0.858
63.2
0.799
64.9
0.735
54.3
0.801
65.8
0.761
61.8
0.777
63.2
0.762
64.4
0.700
60.1
0.777
69.8
0.760
57.6
0.731
61.5
0.809
54.8
0.693
70.8
0.845
55.0
0.779
73.1
0.764
55.4
0.750
63.5
0.723
58.9
0.816
57.9
0.715
60.2
0.766
57.6
0.722
54.7
0.781
61.0
0.734
51.1
0.724
64.6
0.689
55.3
0.768
52.2
0.718
59.1
0.732
57.1
0.754
67.9
0.824
65.4
0.815
54.8
0.737
63.9
0.702
54.7
0.775
67.5
0.722
56.3
0.783
56.2
0.702
55.1
0.821
52.0
0.720
62.2
0.738
61.3
0.662
63.8
0.725
67.6
0.750
59.4
0.714
68.1
0.648
59.2
0.669
76.1
0.748
74.4
0.778
57.9
0.727
59.6
0.746
61.3
0.766
57.6
0.812
57.6
0.790
53.8
0.750
66.2
0.756
60.4
0.776
57.5
0.702
56.4
0.739
57.5
0.889
*
0.879
50.2
0.751
54.0
0.798
59.6
0.749
54.1
0.712
56.9
0.736
67.3
0.744
64.0
0.789
64.5
0.802
54.3
0.738
54.3
0.796
56.3
