0.937
72.8
0.978
87.9
0.784
144
0.850
81.0
0.822
68.2
0.829
71.7
0.757
68.0
0.857
72.0
0.801
71.1
0.860
68.1
0.813
68.6
0.788
76.5
0.787
71.0
0.749
71.0
0.831
70.9
0.812
67.4
0.751
97.1
0.882
79.3
0.854
71.2
0.870
72.7
0.834
76.2
0.856
80.7
0.725
70.2
0.791
86.4
0.705
73.9
0.707
75.1
0.820
76.5
0.797
83.4
0.714
73.5
0.745
87.9
0.877
72.8
0.787
74.3
0.757
82.4
0.768
81.7
0.755
72.2
0.899
76.2
0.825
74.5
0.783
69.9
1.00
94.1
0.771
85.1
0.791
87.5
0.812
84.8
0.832
81.9
0.747
74.9
0.749
74.7
0.731
70.1
0.793
76.6
0.755
74.9
0.783
86.9
0.756
78.3
0.797
94.2
0.735
71.9
0.831
71.1
0.998
74.8
0.846
72.8
0.791
76.5
0.747
77.9
0.811
86.1
0.746
72.4
0.737
74.2
0.781
74.4
0.734
75.4
0.681
76.5
0.823
73.1
0.736
78.1
0.777
76.1
0.827
71.8
0.724
86.4
0.789
88.9
0.723
91.0
0.824
72.0
0.863
71.7
0.780
81.5
0.802
86.2
0.837
72.9
