0.781
98.6
0.784
98.4
0.719
111
0.798
121
0.840
116
0.887
116
0.730
111
0.786
114
0.718
99.6
0.976
92.8
0.736
96.3
0.792
112
0.819
97.1
0.816
98.8
0.910
92.6
0.800
114
0.791
117
0.782
118
0.890
122
0.784
92.1
0.781
99.4
0.810
75.5
0.783
146
0.733
99.3
0.733
94.6
0.788
118
0.810
92.2
0.749
69.4
0.709
92.7
0.737
94.5
0.735
70.1
0.687
91.9
0.732
72.7
0.746
97.3
0.759
118
0.731
94.1
0.712
92.9
0.693
108
0.791
100
0.682
69.2
0.732
114
0.729
59.5
0.750
63.2
0.730
113
0.776
108
0.734
98.3
0.772
90.9
0.784
106
0.701
92.8
0.710
62.5
0.713
100
0.938
112
0.685
100.0
0.777
118
0.745
94.3
0.765
93.7
0.822
92.3
0.815
64.1
0.780
92.2
0.727
93.2
0.889
115
0.751
111
0.742
109
0.828
92.7
0.682
65.3
0.789
105
0.766
91.5
0.737
88.0
0.806
90.6
0.734
97.5
0.731
96.9
0.795
93.7
0.782
67.0
0.794
65.5
0.848
130
