0.854
74.7
0.725
101
0.780
169
0.890
92.7
0.869
74.1
0.834
78.8
0.804
74.6
0.836
96.2
0.804
86.6
0.815
83.8
0.770
95.6
0.823
78.9
0.831
81.1
0.838
73.3
1.07
78.0
0.856
74.4
0.778
74.1
0.867
80.7
0.844
100
0.865
74.7
0.914
78.6
0.824
77.0
0.830
88.9
0.917
76.6
0.844
89.2
0.732
74.6
0.900
72.4
0.919
80.1
0.818
73.2
0.775
77.1
0.819
74.1
0.783
74.0
0.860
77.8
0.833
72.0
0.893
89.7
1.10
96.3
0.719
73.4
0.766
76.1
0.794
74.1
0.759
69.6
0.808
79.8
0.905
83.9
0.869
70.1
0.787
96.1
0.789
74.9
0.954
70.5
0.799
73.7
0.858
86.3
0.762
78.8
0.774
89.1
0.787
75.6
0.830
92.8
0.851
94.1
0.764
73.7
0.791
75.5
0.795
88.0
0.736
97.3
0.726
80.8
0.708
72.0
0.707
95.3
0.728
70.1
0.771
99.0
0.776
97.1
0.818
72.9
0.689
74.5
0.791
74.1
0.867
74.2
0.762
73.9
0.773
69.4
0.712
74.6
0.846
72.9
0.760
82.0
0.796
73.8
0.719
71.0
0.792
78.8
