48.1
52.6
45.5
82.6
53.4
51.7
47.4
61.4
47.2
46.9
49.0
52.7
49.5
47.5
45.7
48.7
45.5
51.2
61.4
47.2
48.7
45.9
57.5
60.1
63.4
45.3
51.3
49.6
48.5
45.0
62.9
55.7
49.8
50.2
49.0
46.0
54.8
61.9
44.8
47.0
44.7
46.5
49.5
48.1
52.2
53.2
48.7
46.7
48.5
59.7
46.9
46.1
79.5
56.8
47.9
75.7
50.3
49.8
47.8
46.4
54.6
52.5
47.5
62.5
54.0
45.6
47.0
46.6
48.7
46.3
49.5
78.9
50.7
50.1
45.4
52.0
47.9
49.9
44.8
50.7
48.8
58.5
45.8
45.4
48.5
45.1
45.6
64.9
57.5
46.6
47.8
45.9
45.2
55.2
49.5
48.6
47.9
47.4
62.3
45.4
