1.13
49.0
0.723
48.8
0.762
53.0
0.724
40.3
0.784
56.9
0.749
51.8
0.746
42.3
0.839
40.8
0.680
42.5
0.795
49.4
0.780
49.8
0.756
38.8
0.741
41.4
0.763
40.4
0.749
39.3
0.799
52.4
0.701
38.6
0.759
39.7
0.801
53.8
0.795
38.4
0.676
46.1
0.779
71.8
0.961
48.5
0.819
46.6
0.909
40.0
0.720
46.3
0.724
39.5
0.757
65.4
0.721
54.8
0.659
45.8
0.861
57.0
0.714
45.4
0.775
72.8
0.717
47.9
0.744
48.9
0.769
44.0
0.803
44.8
0.747
47.8
0.737
46.2
0.718
57.2
0.769
53.2
0.947
54.3
0.777
75.3
0.717
44.5
0.908
42.5
0.816
55.4
0.772
51.8
0.722
56.0
0.782
40.7
0.666
67.9
0.703
47.1
0.843
42.7
0.763
55.6
0.818
53.1
0.819
40.8
0.752
42.7
0.738
43.5
0.758
61.2
0.809
38.5
0.714
58.6
0.774
50.8
0.706
42.7
0.739
43.7
0.770
42.6
0.743
66.7
0.793
42.3
0.792
48.4
0.693
54.8
0.777
56.9
0.752
141
0.834
44.8
0.766
44.1
0.783
49.7
0.639
61.6
0.725
40.8
