0.811
51.6
0.795
53.8
0.710
62.8
0.814
49.4
0.734
69.2
0.797
62.9
0.785
64.9
0.790
64.6
0.764
66.8
0.818
53.8
0.678
49.7
0.800
57.1
0.707
51.0
0.823
63.8
0.729
50.0
0.758
83.0
0.730
48.9
0.692
59.1
0.887
65.7
0.810
51.8
0.725
51.6
0.753
57.7
0.810
54.3
0.770
55.6
0.769
52.0
0.680
51.3
0.790
51.3
0.807
51.4
0.710
65.2
0.734
50.4
0.716
51.6
0.750
51.5
0.763
51.3
0.760
51.3
0.757
64.0
0.829
51.5
0.824
49.9
0.762
55.3
0.743
48.7
0.852
54.4
0.748
49.9
0.762
58.2
0.761
53.7
0.765
63.8
0.719
66.2
0.791
64.8
0.788
64.7
0.761
47.9
0.738
47.7
0.720
56.7
0.770
66.4
0.717
68.4
0.769
56.1
0.742
63.8
0.842
49.3
0.730
47.8
0.722
61.8
0.753
54.0
0.703
69.6
0.704
58.9
0.807
72.8
0.720
55.3
0.702
58.4
0.764
52.2
0.724
52.6
0.806
60.3
0.792
53.5
0.729
48.3
1.00
59.7
0.900
53.3
0.908
48.9
0.757
52.3
0.726
53.5
0.710
49.4
0.781
49.5
