0.858
78.8
0.754
62.4
0.797
*
0.816
68.1
0.763
58.3
0.787
66.6
0.784
74.7
0.922
71.5
0.789
77.9
0.774
121
0.670
62.7
0.700
74.9
0.767
57.6
1.01
77.2
0.993
60.5
0.813
75.2
0.768
72.8
0.742
71.8
0.811
85.5
1.00
76.1
0.878
73.2
0.782
73.4
0.793
85.6
0.795
65.3
0.787
63.8
0.741
62.8
0.797
66.2
0.729
61.7
0.747
70.0
0.740
57.5
0.774
61.3
0.750
70.8
0.770
71.0
0.738
64.8
0.943
72.9
0.782
75.3
0.862
68.1
0.695
77.9
0.924
76.1
0.802
72.5
0.763
59.3
0.797
69.4
0.754
75.0
0.713
72.5
0.702
89.8
0.706
69.9
0.755
65.4
0.783
72.2
0.705
102
0.804
68.5
0.700
73.1
0.741
72.6
0.905
65.3
0.815
76.6
0.759
68.4
0.729
59.6
0.726
70.9
0.757
59.1
0.930
59.0
0.777
75.1
0.756
76.1
0.676
69.0
0.957
61.1
0.769
62.9
0.723
66.8
0.781
60.2
1.06
69.9
1.07
65.2
0.803
57.5
0.749
66.6
0.763
72.7
0.796
66.5
0.793
70.8
0.710
61.4
0.799
77.4
