0.849
66.6
0.718
63.2
0.739
86.5
0.778
61.9
0.746
289
0.797
67.7
0.707
67.1
0.790
291
0.735
83.0
0.907
69.9
0.695
73.3
0.733
74.9
0.715
66.2
0.709
63.8
0.801
61.9
0.768
289
0.693
60.7
0.900
289
0.805
56.6
0.798
63.8
0.842
63.2
0.803
61.4
0.752
71.6
0.729
60.1
0.701
67.7
0.703
56.9
0.781
70.8
0.832
63.5
0.710
63.5
0.652
63.6
0.710
64.0
0.694
59.7
0.785
62.4
0.723
64.1
0.759
290
0.753
79.0
0.750
60.9
0.728
64.4
0.713
57.4
0.827
60.3
0.740
62.5
0.830
63.9
0.752
65.0
0.785
285
0.734
62.7
0.727
66.4
0.724
291
0.768
59.4
0.723
60.0
0.681
137
0.874
67.7
0.755
294
0.845
66.8
0.856
71.0
0.795
66.3
0.799
67.5
0.790
65.1
0.832
66.8
0.849
60.8
0.737
65.3
0.789
292
0.670
65.4
0.752
58.9
0.789
68.6
0.720
69.8
0.752
66.4
0.815
59.8
0.643
103
0.737
60.0
0.684
97.2
0.751
61.5
0.735
61.0
0.772
63.1
0.762
65.6
0.747
64.7
