0.848
82.3
0.769
85.7
0.757
*
0.958
84.9
0.813
80.3
0.740
75.5
0.741
82.7
0.821
97.0
0.735
73.7
1.01
72.3
0.703
71.6
0.744
94.1
0.687
91.6
0.688
69.7
0.798
54.7
0.849
87.4
0.751
64.9
0.811
61.8
0.803
93.6
0.766
81.8
0.697
44.8
0.764
47.2
0.704
56.9
0.722
48.8
0.738
72.8
0.695
79.9
0.781
52.5
0.754
57.4
0.744
87.3
0.872
57.3
0.679
50.4
0.724
48.2
0.756
49.2
0.712
54.1
0.745
84.3
0.778
54.9
0.827
53.1
0.843
48.2
0.761
49.3
0.688
44.7
0.724
50.4
0.769
50.6
0.786
53.8
0.732
82.8
0.693
89.1
0.748
83.6
0.777
88.3
0.989
48.3
0.688
60.2
0.735
53.2
0.896
47.8
0.756
89.2
0.778
59.6
0.802
68.5
0.773
47.2
1.13
50.6
0.823
48.0
0.773
45.6
0.709
89.5
0.728
51.6
0.827
*
0.709
47.9
0.731
54.1
0.736
53.0
0.840
52.1
0.785
54.5
0.799
50.5
0.755
47.7
0.761
85.7
0.667
50.3
0.719
52.0
0.816
49.0
0.804
47.0
0.731
54.8
0.774
47.4
