0.854
46.1
0.910
43.6
0.774
47.0
0.877
54.9
0.829
49.6
0.788
43.6
0.784
48.0
0.794
50.6
0.908
48.0
0.788
57.6
0.696
58.6
0.752
57.1
0.722
47.6
0.767
51.1
0.796
54.0
0.809
50.0
0.738
50.9
0.766
52.0
0.788
48.1
0.821
48.7
0.676
55.6
0.764
55.1
0.817
47.4
0.832
57.8
0.718
60.5
0.737
48.8
0.759
61.6
0.817
49.4
0.750
61.3
0.749
58.4
0.740
48.6
0.749
48.4
0.845
51.1
0.885
56.0
0.774
49.9
0.800
55.0
0.804
47.7
0.789
51.9
0.794
46.0
0.758
47.3
0.770
45.7
0.794
48.3
0.787
46.6
0.681
56.2
0.871
55.8
0.737
57.1
0.778
47.9
0.842
45.5
0.736
50.6
0.708
57.1
0.751
53.0
0.744
60.2
0.808
55.8
0.792
42.8
0.770
57.7
0.798
69.5
0.668
42.9
0.769
47.8
0.717
45.7
0.737
48.8
0.848
50.6
0.766
49.0
0.911
53.4
0.798
*
0.818
47.2
0.762
55.5
0.818
57.0
0.751
53.9
0.822
133
0.685
53.8
0.778
57.7
0.776
57.4
0.757
46.2
0.727
53.2
0.741
48.9
