0.800
63.2
0.846
71.8
0.782
76.6
0.933
74.8
0.799
69.3
0.981
73.5
0.765
77.4
0.861
82.8
0.722
77.7
0.805
97.2
0.855
93.0
0.752
78.1
0.725
77.8
0.766
73.3
0.800
76.0
0.811
78.2
0.902
94.8
0.794
80.5
0.739
79.7
0.755
80.6
0.781
65.8
0.796
64.5
0.839
150
0.848
68.0
0.780
70.2
0.752
87.3
0.803
65.5
0.836
65.0
0.810
70.9
0.767
77.1
0.769
63.0
0.703
63.7
1.05
67.8
0.952
71.0
0.980
68.4
0.774
77.5
0.739
65.4
0.760
66.2
0.774
67.1
0.867
64.7
0.898
83.0
0.805
66.2
0.774
60.3
0.881
93.9
0.766
70.2
0.712
77.3
0.772
76.3
1.02
65.4
0.907
60.3
0.730
64.7
0.743
62.9
0.699
64.1
0.836
76.7
0.902
63.3
0.783
63.8
0.833
64.3
0.685
77.3
0.779
65.3
0.751
60.5
0.748
75.4
0.833
76.5
0.677
76.7
0.726
66.3
0.738
74.8
0.701
63.1
0.791
72.2
0.784
80.3
0.756
72.3
0.810
69.9
0.748
72.1
0.825
77.5
0.799
65.9
0.732
68.2
0.772
65.6
0.818
76.5
