0.827
45.9
0.759
57.5
0.754
*
1.19
43.8
0.783
50.3
0.961
48.8
0.786
49.8
0.788
49.8
0.762
47.0
0.824
56.2
0.741
47.3
0.799
51.2
0.747
68.9
0.783
48.5
0.818
46.2
0.761
47.4
0.758
61.8
0.780
55.0
0.848
42.9
0.844
67.2
0.704
92.5
0.795
56.4
0.741
54.1
0.843
49.2
0.818
80.3
0.691
46.6
0.827
55.6
0.798
49.2
0.721
65.1
0.756
46.8
0.729
61.2
0.720
42.9
0.873
58.3
0.768
50.1
0.795
78.1
0.797
52.8
0.781
55.3
0.809
47.5
0.933
215
1.00
71.7
0.897
56.7
0.759
48.6
0.797
60.3
0.780
56.2
0.780
50.9
0.841
58.7
0.885
46.1
0.712
46.4
0.865
125
0.803
47.1
0.755
62.4
0.786
79.0
0.844
47.8
0.783
53.6
0.840
61.8
0.717
62.3
0.724
49.8
0.774
53.7
0.737
48.8
0.702
45.3
0.899
83.9
0.696
50.4
0.759
53.6
0.746
52.2
0.746
48.3
0.763
47.9
0.867
49.8
0.720
46.9
0.843
43.0
0.747
51.7
0.784
53.2
0.769
48.7
0.769
50.1
0.766
54.6
0.769
52.2
