0.867
71.9
0.707
72.1
0.763
77.1
0.840
83.9
0.823
72.1
0.846
74.0
0.806
70.1
0.827
75.1
0.732
73.8
0.753
74.7
0.810
89.9
0.808
69.5
0.832
82.6
1.08
75.9
0.800
67.9
0.779
78.7
0.731
76.7
0.800
68.0
1.09
82.0
0.750
71.2
0.899
71.8
0.855
72.8
0.795
69.0
0.806
78.2
0.693
71.3
0.735
69.1
0.806
68.0
0.865
79.2
0.783
74.4
0.907
69.6
0.776
77.5
0.711
66.5
0.855
76.9
0.684
70.9
0.710
72.5
0.746
75.2
0.827
73.1
0.771
70.5
0.819
69.3
0.698
75.8
0.826
86.2
0.793
76.1
0.802
72.9
0.726
77.9
0.792
72.0
0.779
77.5
0.869
70.2
0.725
69.9
0.726
68.7
0.735
74.4
0.717
76.6
0.765
76.3
0.850
70.6
0.798
71.1
0.810
75.8
0.831
76.7
0.857
68.8
0.730
113
1.07
82.0
0.854
70.1
0.844
83.0
0.840
75.4
0.737
75.3
0.735
70.0
0.778
76.9
0.758
69.7
0.829
69.4
0.785
77.0
0.800
67.2
0.713
80.2
0.742
71.8
0.829
72.8
0.786
83.8
0.752
74.4
0.823
73.5
