0.853
59.9
0.739
59.8
0.769
160
0.808
57.5
0.904
63.9
0.801
83.7
0.778
63.4
0.844
59.4
0.723
82.0
0.867
66.5
0.774
64.3
0.779
54.1
0.782
209
0.720
66.2
0.733
57.0
0.772
79.8
0.763
87.4
0.731
88.7
0.861
73.4
0.758
52.9
0.729
61.2
0.797
160
0.830
60.4
0.812
55.9
0.739
201
0.774
53.6
0.821
212
0.784
166
0.749
64.0
0.752
59.8
0.757
161
0.735
205
0.934
166
0.766
210
0.807
59.0
0.791
52.3
0.752
57.5
0.815
52.7
0.780
64.3
0.757
158
0.780
162
0.853
161
0.841
174
0.807
53.5
0.754
57.4
0.860
65.3
0.793
57.3
0.804
62.2
0.779
62.6
0.759
157
0.735
65.5
0.743
72.2
0.789
70.6
0.886
70.4
0.843
65.1
0.842
54.2
0.690
212
0.838
162
0.779
63.5
0.663
63.3
0.839
63.1
0.752
55.2
0.705
66.5
0.833
53.9
0.740
165
0.777
56.2
0.873
54.2
0.732
77.7
0.735
57.9
0.741
56.8
0.788
59.2
0.773
57.5
0.802
158
0.747
163
0.796
58.8
