0.838
55.1
0.768
53.0
0.797
64.2
0.871
54.1
0.812
67.3
0.730
66.4
0.745
63.4
0.768
54.1
0.756
53.0
0.763
52.1
0.704
55.6
0.787
51.8
0.763
68.3
0.719
54.1
0.757
48.4
0.731
61.1
0.740
55.2
0.742
62.5
0.763
59.4
0.752
58.4
0.805
91.9
0.787
71.0
0.817
63.2
0.847
59.3
0.825
59.2
0.738
51.9
0.770
51.5
0.789
68.7
0.704
55.8
0.726
49.8
0.806
68.3
0.824
59.2
0.855
58.4
0.754
58.1
0.738
60.6
0.758
57.5
0.812
57.3
0.763
59.4
0.717
54.8
0.722
60.6
0.794
62.8
0.781
64.4
0.789
61.0
0.694
67.5
0.770
54.7
0.723
55.2
0.780
60.6
0.729
68.7
0.929
134
0.755
*
0.739
98.7
0.759
73.2
0.808
59.2
0.818
74.8
1.09
82.2
0.742
66.1
0.719
92.5
0.947
56.5
0.784
55.2
0.703
64.2
0.764
74.8
0.707
64.9
0.703
59.5
0.776
117
0.656
52.8
0.761
56.5
0.794
56.3
0.765
55.7
0.788
58.8
0.697
78.9
0.721
64.9
0.766
53.2
0.758
76.9
0.724
70.2
0.779
70.7
