0.816
88.9
0.744
79.4
0.678
195
0.749
58.3
0.834
83.6
0.775
59.4
0.802
55.4
0.748
56.7
0.719
56.4
0.789
63.3
0.719
62.4
0.678
78.5
0.723
63.8
0.749
53.0
0.844
64.4
0.780
65.9
0.669
66.1
0.786
68.6
0.727
71.3
0.733
60.3
0.765
59.6
0.812
59.7
0.755
75.0
0.851
58.5
0.688
55.9
0.714
56.9
0.785
69.4
0.824
54.1
0.755
63.9
0.726
71.8
0.781
60.1
0.753
84.5
0.752
57.5
0.696
60.0
0.915
52.8
0.763
53.8
0.733
59.9
0.755
56.5
0.803
58.5
0.702
91.3
0.782
67.2
0.760
60.5
0.774
65.8
0.824
64.8
0.715
51.5
0.695
63.4
0.761
56.4
0.801
53.8
0.719
73.9
0.895
63.7
0.901
62.9
0.715
79.1
0.750
63.8
0.809
67.5
0.828
61.7
0.743
60.0
0.650
56.3
0.965
63.7
0.725
57.6
0.738
67.7
0.767
58.5
0.709
72.0
0.657
64.4
0.793
66.9
0.745
62.6
0.766
59.8
0.815
57.1
0.728
62.6
0.732
60.1
0.735
73.7
0.770
70.0
0.781
66.5
0.777
57.3
0.750
60.2
0.741
57.9
