0.931
70.3
0.846
74.6
0.970
*
0.861
74.2
0.849
97.1
0.846
80.4
0.858
91.2
1.00
65.8
0.805
67.7
0.819
69.3
0.788
75.1
0.756
94.3
0.688
71.9
1.02
92.8
0.825
72.3
0.822
93.5
0.712
78.3
0.895
86.4
0.789
95.7
0.761
74.6
0.766
74.1
1.14
62.5
0.927
76.8
0.802
77.5
0.916
76.2
0.733
71.7
1.03
80.8
0.839
70.7
0.758
97.1
0.749
78.4
0.746
72.0
0.770
74.6
0.897
58.0
0.742
80.8
0.771
92.2
0.758
72.0
0.767
72.9
0.784
78.1
0.764
88.8
0.692
71.0
0.758
72.8
0.798
57.5
0.923
67.6
0.894
90.3
0.765
72.6
0.864
71.9
0.839
76.0
0.900
67.7
0.763
69.0
0.770
61.2
0.713
72.9
0.874
59.6
0.936
72.7
0.789
71.9
0.762
71.7
0.830
76.9
0.764
76.8
1.07
63.7
0.816
69.8
0.756
104
0.806
89.7
0.779
78.6
0.717
68.8
0.791
67.4
0.959
58.4
0.781
75.2
0.793
73.7
0.807
78.6
0.744
72.0
0.762
78.8
0.791
74.3
0.771
72.7
0.766
71.0
0.759
67.1
0.726
86.0
