53.7
55.7
59.8
70.0
56.7
59.0
52.1
65.0
56.8
55.0
50.3
60.3
53.0
56.2
52.6
62.3
61.8
55.8
56.2
56.8
50.8
54.8
63.5
69.6
51.4
64.6
57.8
65.0
65.7
54.3
66.2
52.5
52.8
50.8
55.8
56.5
52.6
58.5
54.7
58.8
54.7
66.9
60.1
49.9
57.9
59.5
53.4
55.6
56.9
52.2
52.8
54.7
56.7
50.9
50.0
58.4
51.3
55.1
52.4
56.7
60.2
62.7
60.1
54.9
50.7
60.0
61.7
64.3
61.8
58.6
54.1
53.4
52.1
55.9
62.1
57.8
67.7
61.9
52.3
52.0
54.7
65.5
55.9
65.8
66.1
57.7
61.5
56.4
67.6
57.6
52.2
65.0
56.7
61.2
56.3
53.7
51.4
59.2
62.7
58.9
