0.908
61.0
0.825
66.5
0.783
59.4
0.832
62.0
0.823
200
0.836
72.2
0.865
61.9
0.847
196
0.752
62.3
0.891
67.6
0.779
67.2
0.819
65.2
0.799
67.5
0.825
60.6
0.792
74.1
0.828
65.7
0.807
101
0.831
64.8
1.04
82.1
0.844
64.3
0.745
68.6
0.847
80.2
0.808
65.6
0.857
66.7
0.759
64.3
0.811
59.4
0.840
62.3
0.897
66.0
0.907
64.4
0.752
59.4
0.777
76.1
0.770
75.6
0.855
61.2
0.773
61.0
0.814
194
0.842
65.7
0.818
60.8
0.750
76.4
0.790
71.1
0.764
69.4
0.855
200
1.03
59.9
0.801
64.9
0.789
199
0.746
58.3
0.803
60.8
0.820
64.0
0.807
61.4
0.938
60.8
0.814
62.6
0.833
62.6
0.756
203
0.872
61.4
0.883
60.6
0.864
62.0
0.888
60.1
0.790
66.8
1.03
58.6
0.715
66.6
0.866
68.8
0.845
69.0
0.771
68.8
0.754
67.8
0.850
61.3
0.795
62.4
0.819
61.0
0.862
61.3
0.753
64.6
0.832
71.0
0.823
61.4
0.803
57.8
0.834
65.3
0.809
87.4
0.739
66.1
0.969
57.0
