0.893
52.1
0.841
50.7
0.820
152
0.871
45.2
0.912
45.8
0.829
44.3
0.801
46.9
0.817
50.0
0.814
45.5
0.896
47.2
0.729
45.5
0.942
72.6
0.778
49.9
0.744
46.0
0.836
53.7
0.842
43.3
0.785
47.2
0.797
56.9
0.847
50.7
0.844
47.4
0.798
50.5
0.806
48.5
0.776
68.3
0.793
46.9
0.795
52.1
0.761
52.6
0.801
49.3
0.831
50.3
0.812
49.3
0.759
47.2
0.729
53.5
0.666
53.6
0.793
56.0
0.830
51.7
0.802
44.4
0.925
47.4
0.844
50.9
0.800
48.8
0.792
49.7
0.731
49.5
0.832
49.1
0.835
59.6
0.824
44.9
0.774
50.9
0.784
47.3
0.769
46.5
0.855
50.9
0.842
52.3
0.791
44.3
0.751
44.3
0.751
52.0
0.771
50.3
0.863
48.6
0.814
44.6
0.854
46.9
0.801
45.4
0.747
53.3
0.824
53.2
0.809
48.0
0.746
54.1
0.755
43.9
0.798
60.3
0.783
53.5
0.812
50.3
0.783
50.4
0.772
50.6
0.938
69.0
0.785
52.7
0.861
51.1
0.800
50.2
0.838
55.0
0.785
56.1
0.789
47.8
0.822
47.5
0.870
77.9
