0.823
84.8
0.679
79.0
0.733
101
0.816
75.4
0.961
81.1
0.755
77.2
0.747
80.7
0.803
83.1
0.775
80.6
0.812
78.4
0.735
77.8
0.877
143
0.743
81.9
0.712
79.9
0.722
81.5
0.737
96.2
0.726
76.8
0.742
78.5
0.779
75.1
0.798
82.0
0.752
81.4
0.789
87.0
0.777
80.6
0.746
91.9
0.742
77.4
0.726
78.3
0.780
91.7
0.790
80.4
0.739
81.5
0.718
76.3
0.777
84.0
0.609
78.7
0.780
81.0
0.661
78.5
0.742
76.2
0.765
76.4
0.784
75.7
0.664
85.7
0.734
84.5
0.701
74.9
0.800
79.9
0.761
85.1
0.747
78.3
0.710
74.9
0.745
79.6
0.688
74.1
0.775
83.2
0.763
79.0
0.720
74.2
0.705
81.7
0.731
84.1
0.740
82.0
0.826
84.5
0.761
80.3
0.797
82.5
0.819
79.8
0.881
88.2
0.765
80.4
0.767
84.5
0.728
96.5
0.842
87.5
0.739
81.7
0.732
83.9
0.802
79.1
0.688
83.5
0.751
78.3
0.766
88.6
0.744
82.0
0.728
80.5
0.718
85.7
0.748
75.7
0.814
95.0
0.751
81.1
0.917
76.8
0.825
146
