54.5
51.4
41.9
45.3
42.8
40.2
40.0
41.9
44.4
43.0
44.6
46.5
42.4
40.1
43.0
53.3
55.5
40.3
48.0
43.4
44.2
39.8
95.1
41.6
41.8
45.6
42.3
52.4
42.3
44.1
45.8
57.3
48.6
40.0
58.3
56.1
42.1
50.1
46.8
64.0
45.2
61.2
42.6
43.8
40.3
42.2
57.6
43.6
46.6
44.4
45.9
42.4
51.0
42.3
59.5
44.8
47.0
44.0
48.0
43.3
42.5
49.9
67.5
42.6
55.1
56.0
64.1
42.7
44.0
41.3
40.6
54.7
49.8
44.9
42.8
39.8
55.5
55.8
48.0
42.3
41.7
45.5
41.3
41.6
46.4
43.0
42.1
46.9
55.1
45.3
44.6
40.6
58.3
43.8
57.9
43.5
43.9
40.7
41.1
44.1
