0.802
95.3
0.775
107
0.750
*
0.832
90.3
0.810
81.0
0.772
81.6
0.751
89.8
0.794
98.2
0.724
76.6
0.844
88.0
0.776
83.1
0.727
74.2
0.723
75.2
0.745
85.0
0.752
80.8
0.770
78.1
0.716
81.6
0.716
74.3
0.815
79.0
0.835
81.4
0.728
79.7
1.13
78.7
0.727
74.7
0.865
80.8
0.784
83.4
0.715
89.4
0.758
80.7
0.750
78.5
0.676
82.3
0.682
80.8
0.738
85.9
0.710
84.4
0.753
90.3
0.721
79.4
0.743
84.2
0.836
79.3
0.837
87.2
0.706
78.6
0.758
79.6
0.713
79.0
0.755
81.6
0.770
80.4
0.720
78.9
0.704
80.3
0.658
78.7
0.683
78.7
0.766
79.1
0.767
80.6
0.724
81.7
0.688
79.3
0.708
94.4
0.693
99.4
0.791
86.9
0.773
73.6
0.793
80.7
0.737
90.1
0.744
81.1
0.743
76.8
0.694
80.9
0.669
79.4
0.771
79.3
0.734
75.1
0.679
82.4
0.730
84.4
0.684
84.9
0.763
76.8
0.751
78.0
0.734
78.1
0.764
101
0.658
80.8
0.761
80.2
0.738
91.9
0.835
83.9
0.704
77.5
0.749
172
