0.846
54.2
0.985
62.1
0.927
*
0.849
48.6
0.830
62.1
0.781
54.9
0.806
54.6
0.812
68.1
0.763
50.6
0.787
59.9
0.755
48.3
0.763
51.5
0.733
55.5
0.740
49.9
0.794
69.9
0.789
64.3
0.777
47.0
0.792
52.3
0.792
49.4
0.742
51.8
0.739
56.1
0.821
57.1
0.810
51.3
0.789
55.9
0.730
49.5
0.744
47.7
0.750
61.0
0.738
50.8
0.728
51.3
0.665
54.2
0.728
62.7
0.716
63.0
0.805
69.1
0.714
54.0
0.708
64.1
0.788
50.8
0.727
49.4
0.798
50.9
0.770
58.2
0.707
69.7
0.806
76.6
0.820
53.1
0.802
52.7
0.742
58.8
0.732
53.1
0.714
61.2
0.756
56.9
0.849
44.9
0.756
55.9
0.691
64.2
0.773
52.6
0.854
68.1
0.780
53.4
0.757
59.7
0.794
59.6
0.879
52.7
0.743
48.4
0.773
56.8
0.731
63.3
0.716
61.4
0.805
64.0
0.740
49.1
0.672
53.2
0.770
*
0.659
55.7
0.792
50.9
0.687
49.3
0.904
58.5
0.697
57.8
0.707
54.6
0.691
54.6
0.797
51.1
0.770
62.9
0.721
51.8
0.730
62.1
