0.805
60.1
0.786
67.6
0.771
*
0.778
65.6
0.762
67.9
0.782
61.7
0.730
61.7
0.778
63.6
0.757
62.9
0.804
56.7
0.714
70.5
0.704
59.9
0.941
60.0
0.805
64.6
0.767
70.1
0.714
78.8
0.718
94.6
0.781
83.3
0.844
64.6
0.757
57.9
0.723
73.0
0.791
57.5
0.704
61.9
0.811
68.9
0.699
66.9
0.764
*
0.777
68.8
0.749
64.3
0.806
61.4
0.753
62.7
0.732
69.0
0.711
59.8
0.773
63.5
0.720
66.1
0.763
69.3
0.735
72.8
0.746
64.5
0.739
67.1
0.839
63.4
0.711
59.8
0.781
61.4
0.792
60.0
0.805
65.4
0.739
62.0
0.711
68.4
0.707
71.1
0.759
66.7
0.906
62.0
0.807
66.2
0.753
68.2
0.742
76.1
0.721
65.9
0.743
60.5
0.785
71.0
0.767
62.7
0.782
57.2
0.689
65.1
0.763
61.8
0.849
67.5
0.694
66.0
0.726
63.0
0.718
64.1
0.721
64.4
0.980
60.7
0.701
75.0
0.748
62.1
0.785
62.7
0.734
74.6
0.749
68.8
0.697
57.5
0.784
57.2
0.806
59.5
0.751
64.5
0.736
64.5
0.731
73.7
