0.898
66.2
0.910
62.1
0.788
60.0
0.882
59.9
0.783
57.2
0.746
67.6
0.719
60.8
0.838
65.9
0.750
60.3
0.781
65.3
0.729
61.3
0.797
66.4
0.711
61.1
0.721
63.8
0.798
60.7
0.771
68.4
0.688
70.0
0.743
64.4
0.824
70.6
0.820
57.8
0.717
66.2
0.817
61.8
0.724
58.5
0.808
57.8
0.753
60.1
0.771
78.4
0.995
62.8
0.795
66.8
0.678
59.3
0.831
68.0
0.742
60.3
0.774
64.3
0.839
60.9
0.691
63.5
0.797
61.3
0.851
63.9
0.800
65.1
0.885
64.6
0.822
68.7
0.758
69.6
0.851
74.6
0.874
79.9
0.871
72.2
0.743
68.9
0.752
66.0
0.696
67.5
0.790
60.5
0.794
65.6
0.724
72.2
0.750
72.1
0.887
67.3
0.812
58.3
0.788
78.2
0.798
62.3
0.721
68.4
0.872
57.6
0.788
59.1
0.772
73.7
0.727
61.9
0.743
72.8
0.934
58.0
0.765
62.1
0.741
61.5
0.826
64.2
0.840
85.0
0.863
62.7
0.843
67.3
0.844
62.8
0.812
57.8
0.753
66.2
0.878
61.2
0.748
64.2
0.784
76.8
0.882
69.2
0.771
66.1
