50.7
47.7
49.3
43.4
44.4
48.4
52.2
58.2
49.4
50.1
49.6
49.3
46.4
47.8
57.8
43.9
54.7
45.0
46.9
43.5
42.8
46.6
52.0
53.6
53.3
51.1
46.6
49.1
51.0
52.8
46.0
52.9
46.7
43.1
53.1
47.1
48.3
46.2
44.3
48.2
46.7
42.2
53.2
44.8
47.0
48.8
48.5
61.8
46.2
47.4
47.0
50.5
48.5
56.5
50.2
47.8
46.4
57.5
55.0
49.1
46.6
46.7
49.4
54.8
45.8
55.9
50.7
48.9
44.9
44.3
47.3
47.2
46.0
44.0
43.8
45.4
54.3
46.5
46.1
46.2
44.2
50.9
62.0
52.5
52.6
69.9
43.7
45.8
52.9
53.1
44.5
48.4
63.4
52.4
49.7
45.2
43.5
44.5
53.7
46.7
