47.6
56.3
49.3
64.2
53.0
53.2
53.0
52.1
51.4
48.9
70.9
50.1
46.5
55.4
60.4
47.6
67.9
55.0
46.4
47.1
56.6
68.3
54.1
52.4
57.0
74.0
52.6
59.0
51.5
50.5
51.0
48.4
52.2
48.9
48.1
58.2
46.6
52.4
46.2
49.9
52.8
48.1
54.3
48.2
52.0
47.2
75.1
45.1
63.8
48.1
46.9
46.0
68.7
49.2
46.9
58.1
52.3
48.8
46.6
46.9
48.8
61.5
75.9
53.7
58.6
53.4
60.7
46.4
51.1
60.8
52.1
53.7
47.1
52.7
50.8
63.6
53.5
51.3
52.0
45.7
57.5
72.2
55.7
48.2
46.7
49.2
49.4
49.8
54.8
54.7
48.8
50.2
49.5
46.0
51.1
58.2
65.2
50.5
49.0
61.7
