0.822
67.2
0.721
59.2
0.743
72.5
0.787
55.8
0.788
62.4
0.700
46.6
0.772
49.6
0.792
54.1
0.716
55.4
0.824
67.0
0.654
64.9
0.743
61.5
0.769
61.2
0.772
46.8
0.727
55.6
0.801
49.6
0.727
55.5
0.829
60.9
0.771
70.0
0.772
72.7
0.793
60.0
0.744
62.5
0.742
62.9
0.789
69.0
0.743
59.2
0.716
70.5
0.776
62.7
0.703
64.6
0.676
68.4
0.665
62.5
0.716
57.4
0.728
78.9
0.792
62.3
0.851
70.7
0.770
66.5
0.757
60.0
0.787
70.5
0.699
62.8
0.762
60.7
0.901
64.7
0.856
63.0
0.748
58.8
0.765
61.1
0.737
57.4
0.709
66.3
0.970
51.3
0.779
66.0
0.678
62.0
0.758
68.9
0.690
65.5
0.713
62.9
0.690
60.0
0.777
64.9
0.788
70.5
0.790
66.2
0.710
68.7
0.760
56.5
0.762
56.4
0.722
53.9
0.719
66.8
0.827
65.5
0.727
57.7
0.773
64.8
0.750
62.8
0.706
63.2
0.802
69.1
0.725
63.6
0.790
60.9
0.778
56.1
0.707
72.1
0.800
61.2
0.776
69.5
0.995
67.3
0.726
63.0
0.873
59.5
