0.817
60.2
0.777
84.3
0.816
*
0.779
72.8
0.816
75.2
0.744
67.3
0.722
60.4
0.791
77.2
0.739
119
0.777
127
0.734
97.4
0.737
77.9
0.773
91.7
0.756
85.5
0.808
69.5
0.805
72.5
0.727
92.1
0.820
77.9
0.786
72.8
1.15
90.0
0.914
76.8
0.751
70.9
0.824
72.1
0.786
74.6
0.742
70.0
0.729
76.9
0.698
74.3
0.689
67.3
0.672
79.6
0.716
72.3
0.704
69.4
0.697
68.5
0.714
70.5
0.798
67.7
0.732
86.6
0.799
72.2
0.780
71.8
0.697
80.9
0.800
75.6
0.707
72.5
0.715
72.1
0.759
69.7
0.864
72.5
0.742
69.3
0.825
78.6
0.740
69.1
0.813
76.6
0.772
70.8
0.731
*
0.720
72.2
0.736
96.8
0.720
74.5
0.829
91.2
0.800
98.2
0.791
72.5
0.715
73.0
0.910
72.0
0.744
71.4
0.783
71.9
0.780
72.9
0.787
73.5
0.694
72.7
0.678
70.6
0.705
75.9
0.935
74.0
0.777
69.5
0.725
73.9
0.696
73.8
0.775
73.9
0.711
66.5
0.798
65.6
0.829
66.7
0.757
67.7
0.709
71.5
0.739
79.6
