0.980
73.4
0.810
69.0
0.838
99.4
0.966
61.2
0.764
70.7
0.832
74.4
0.815
74.2
1.15
72.8
0.826
62.7
0.822
64.2
0.711
77.4
0.782
68.1
0.733
65.5
0.766
62.4
0.790
66.2
0.851
63.7
0.804
121
0.806
62.0
0.899
60.6
0.886
73.9
0.751
66.6
0.831
63.7
0.853
61.8
0.898
66.1
0.775
63.7
0.719
68.1
0.800
69.5
0.807
66.6
0.736
66.4
0.785
71.4
0.701
65.9
0.687
71.8
0.790
61.5
0.787
64.1
0.801
65.6
0.878
68.6
0.828
71.3
0.780
66.1
0.983
65.2
0.849
67.1
0.894
68.2
1.03
64.1
0.776
69.2
0.778
65.4
0.729
74.5
0.728
66.4
0.772
67.5
0.752
68.2
0.706
66.1
0.743
67.1
0.747
71.1
0.817
77.1
0.885
71.6
0.727
63.7
0.822
72.7
0.775
70.9
0.737
66.0
0.792
73.8
0.720
80.4
0.750
71.9
0.784
64.7
0.720
75.4
0.739
72.5
0.749
61.6
0.724
64.1
0.873
64.1
0.794
68.0
0.762
67.8
0.822
116
0.839
72.8
0.784
67.2
0.821
70.4
0.804
64.0
0.897
61.8
0.834
115
