0.938
46.5
0.822
45.5
0.829
85.4
0.879
47.2
0.787
56.4
0.987
51.0
0.755
50.8
0.839
51.7
0.743
43.8
0.774
46.6
0.763
49.2
0.771
51.5
0.728
45.6
0.795
59.1
0.730
54.7
0.761
49.3
0.744
45.8
0.908
44.0
0.779
49.9
0.827
46.2
0.749
42.9
0.810
85.5
0.758
92.2
0.775
49.8
0.796
44.9
0.718
62.2
0.763
52.5
0.772
60.2
0.802
49.6
0.684
51.2
0.714
47.4
0.747
46.9
0.920
43.9
1.05
46.9
0.729
45.7
0.783
47.1
0.775
54.8
0.726
48.4
0.793
47.5
1.00
48.7
0.827
48.3
0.753
49.6
0.717
73.4
0.777
56.9
0.712
57.4
0.795
45.1
0.829
43.0
0.790
78.2
0.771
46.4
0.831
52.6
0.806
48.5
0.785
47.3
0.880
49.2
0.862
49.3
0.883
50.1
0.798
54.3
0.709
54.3
0.815
59.0
0.803
43.0
0.758
56.7
0.814
45.0
0.751
46.3
0.766
51.7
0.814
48.2
0.716
45.8
0.761
49.6
0.809
47.4
0.736
44.8
0.775
45.2
0.674
51.4
0.782
46.5
0.821
43.3
0.767
58.2
0.769
58.9
0.760
62.9
