0.915
55.5
0.752
53.9
0.797
46.5
0.859
41.8
0.827
39.5
0.783
39.3
0.823
39.3
0.843
46.3
0.771
39.2
0.813
43.1
0.716
47.9
0.778
71.9
0.744
47.6
0.772
39.9
0.772
60.9
0.815
45.0
0.714
48.3
0.796
47.8
0.831
36.9
0.767
42.2
0.790
43.0
0.733
44.6
0.822
40.8
0.816
41.2
0.710
42.1
0.707
42.9
0.972
42.4
0.771
45.1
0.741
52.0
0.825
50.1
0.792
49.8
0.802
37.8
0.820
39.1
0.907
44.9
0.779
43.2
0.784
40.5
0.770
50.0
0.772
43.4
0.972
45.2
0.768
44.2
0.826
44.0
0.803
40.0
0.781
50.4
0.759
41.8
0.729
43.6
0.734
48.7
0.733
43.2
0.741
42.7
0.802
42.1
0.786
40.0
0.721
48.3
0.733
51.5
0.842
44.1
0.793
49.0
0.824
50.1
0.788
47.9
0.687
45.8
0.750
44.0
0.733
39.3
0.708
46.3
0.827
41.5
0.769
47.8
0.755
41.4
0.809
42.0
0.758
48.2
0.768
48.6
0.799
50.5
0.751
47.2
0.788
49.3
0.746
58.1
0.752
39.6
0.796
43.5
0.763
53.6
0.787
68.9
0.801
49.3
