0.915
61.5
0.750
67.6
0.794
*
1.18
57.4
0.793
59.4
0.791
58.2
0.786
56.1
0.785
54.4
0.736
114
0.807
*
0.675
77.1
0.732
123
0.735
75.5
0.778
60.7
0.785
82.7
0.723
48.2
0.692
65.8
0.780
114
0.758
56.0
0.774
61.0
0.795
53.6
0.739
48.3
1.08
83.9
0.804
66.0
0.903
51.5
0.735
*
0.834
53.7
0.761
51.5
0.736
50.7
0.705
56.5
0.718
52.2
0.687
53.0
0.729
54.5
0.674
48.6
0.756
54.6
0.951
49.7
0.938
47.7
0.690
51.8
0.812
59.2
0.714
64.1
0.806
51.9
0.787
49.2
0.727
54.3
0.778
53.5
0.727
72.7
0.789
52.8
0.765
51.3
0.760
51.7
0.656
60.2
0.672
56.0
0.907
63.2
0.703
65.6
0.795
53.0
0.733
60.5
0.802
65.6
0.708
53.3
0.697
67.5
0.949
56.0
0.746
50.9
0.767
54.1
0.747
54.0
0.673
51.6
0.679
48.2
0.795
54.4
0.767
51.1
0.795
57.0
0.842
55.6
0.670
57.5
0.733
53.0
0.692
53.2
0.939
*
0.776
52.8
0.765
53.7
0.690
49.5
0.786
48.4
