0.876
68.4
0.750
67.2
0.770
99.3
0.793
71.1
0.816
84.9
0.846
92.1
0.806
89.4
0.788
64.4
0.831
76.0
0.747
62.9
0.751
73.5
0.773
57.7
0.751
90.0
0.815
91.9
0.787
94.3
0.801
83.8
0.726
76.3
0.760
61.4
0.829
87.3
0.778
83.4
0.847
57.4
0.773
84.9
0.759
77.8
0.792
58.5
0.713
75.7
0.758
84.2
0.796
88.3
0.836
88.1
0.727
86.7
0.798
63.1
0.754
87.3
0.973
82.1
0.838
88.1
0.708
84.8
0.742
85.2
0.810
54.5
0.782
56.2
0.725
59.9
0.797
55.0
0.717
92.3
0.811
89.4
1.17
90.5
0.784
89.2
0.810
85.0
0.776
58.4
0.757
86.7
0.821
61.3
0.808
89.6
0.761
78.3
0.762
92.0
0.722
55.2
0.797
60.6
0.802
69.6
0.772
63.4
0.860
57.5
0.807
60.8
0.742
94.7
0.749
86.5
1.12
84.3
0.752
72.4
0.804
81.7
0.719
62.2
0.741
61.4
0.727
91.7
0.782
86.3
0.771
56.8
0.830
60.0
0.792
59.4
0.790
62.0
0.754
55.9
0.998
91.0
0.932
60.7
0.781
112
0.803
88.8
1.17
88.0
