0.889
43.1
0.766
47.1
0.803
41.1
0.932
45.4
0.922
39.7
0.845
51.5
0.808
47.3
0.843
45.2
0.751
47.0
0.836
42.0
0.755
40.3
0.812
45.7
0.737
39.8
0.727
46.2
0.732
48.7
0.748
44.8
0.715
69.5
0.747
45.7
0.723
102
0.843
98.7
0.714
66.1
0.810
92.8
0.835
139
0.794
57.8
0.673
58.4
0.733
67.9
0.726
50.9
0.896
84.8
0.762
44.7
0.701
47.2
0.825
85.5
0.793
41.7
0.843
86.7
0.726
51.7
0.827
54.2
0.801
51.8
0.880
44.0
0.835
44.3
0.792
47.5
0.783
82.5
0.768
86.5
0.990
86.3
0.816
81.9
0.797
51.1
0.816
41.6
0.766
52.5
0.794
52.2
0.735
44.2
0.744
78.0
0.722
83.6
0.738
51.5
0.765
51.4
0.836
53.8
0.759
123
0.799
53.2
0.800
61.3
0.710
47.7
0.773
86.5
0.765
45.8
0.770
45.4
0.802
49.1
0.710
46.4
0.740
44.9
0.817
46.2
0.758
88.9
0.778
57.8
0.854
41.0
0.771
51.3
0.829
48.0
0.742
50.4
0.795
45.0
0.835
126
0.787
89.8
0.763
89.8
0.807
45.6
