0.892
74.8
0.936
73.2
0.828
61.2
0.804
63.3
0.789
67.8
0.752
66.7
0.759
64.2
0.811
102
0.798
84.6
0.795
59.5
0.742
62.9
0.728
67.2
0.771
88.2
0.780
64.1
0.808
107
0.747
87.0
0.744
84.6
0.793
64.4
0.808
97.2
0.797
63.8
0.725
63.4
0.830
64.9
0.816
97.8
0.720
62.5
0.728
59.9
0.898
63.7
0.869
63.5
0.754
66.2
0.777
87.4
0.878
61.5
0.711
73.2
0.778
64.0
0.821
69.0
0.767
66.2
0.780
82.6
0.804
70.3
0.840
75.2
0.761
63.1
0.777
63.4
0.738
68.0
0.724
62.3
0.775
112
0.831
68.6
0.681
85.2
0.737
64.7
0.683
88.6
0.729
90.9
0.776
68.4
0.798
64.5
0.792
68.8
0.741
77.8
0.710
87.5
0.832
66.5
0.774
68.8
0.818
66.0
0.754
64.2
0.723
69.7
0.819
64.7
0.755
86.0
0.749
70.0
0.934
86.2
0.773
73.3
0.774
62.9
0.789
68.5
0.709
71.5
0.994
68.8
0.764
64.6
0.737
75.8
0.784
86.7
0.771
67.1
0.816
65.3
0.822
69.6
0.754
65.0
0.775
64.9
0.781
63.0
