0.825
65.0
0.789
76.6
0.780
85.0
0.813
68.7
0.840
68.4
0.816
66.1
0.800
77.4
0.753
69.2
0.761
63.9
0.783
64.5
0.754
74.2
0.701
93.2
0.720
75.4
0.905
69.0
0.800
65.7
0.799
67.4
0.691
65.7
0.799
99.0
0.743
71.6
0.848
62.9
0.730
85.0
0.794
73.7
0.754
72.5
0.769
62.2
0.701
64.3
0.704
71.8
0.868
67.8
0.736
66.0
0.714
70.0
0.738
71.5
0.676
62.9
0.726
67.1
0.782
74.7
0.766
67.0
0.728
65.1
0.794
67.8
0.768
66.3
0.691
67.9
0.760
70.2
0.709
71.1
0.750
66.9
0.800
66.8
0.794
69.8
0.729
64.0
0.747
67.9
0.741
79.7
0.762
71.8
0.765
68.9
0.723
93.2
0.734
68.4
0.768
66.2
0.726
71.1
0.860
68.2
0.795
83.9
0.830
64.5
0.748
69.1
0.705
68.2
0.800
65.9
0.716
62.0
0.749
68.5
0.771
65.0
0.716
64.6
0.751
66.7
0.752
*
0.782
70.3
0.791
75.9
0.768
70.0
0.736
65.9
0.818
67.5
0.774
62.4
0.754
62.1
0.806
66.4
0.742
72.0
0.738
66.5
0.750
86.9
