0.925
86.2
0.772
79.2
0.799
69.4
0.834
88.7
0.799
87.1
0.832
84.4
0.828
79.3
0.782
86.5
0.694
84.0
0.829
81.5
0.690
93.0
0.790
86.6
0.746
74.5
0.774
74.2
0.766
76.7
0.734
81.3
0.751
73.6
0.781
75.3
0.783
84.7
0.767
72.0
0.760
78.5
0.789
68.7
0.804
91.5
0.994
76.2
0.762
94.7
0.762
91.5
0.797
75.9
0.758
74.4
0.729
96.6
0.757
84.8
0.759
71.2
0.760
80.9
0.847
66.9
0.732
72.6
0.803
80.6
0.758
86.1
0.784
80.7
0.721
75.1
0.744
75.2
0.742
63.0
0.781
74.5
0.766
64.0
0.873
70.5
0.670
76.7
0.787
79.9
0.707
82.8
0.905
79.0
0.737
76.0
0.830
82.7
0.827
67.8
0.744
76.1
0.697
79.9
0.865
88.0
0.812
74.6
0.837
75.4
0.801
85.2
0.757
79.4
0.813
67.6
0.726
81.0
0.837
93.5
0.841
80.7
0.755
83.9
0.783
88.0
0.865
74.3
0.806
82.2
0.788
76.2
0.793
76.0
0.747
80.3
0.910
85.3
0.718
73.8
0.861
78.5
0.856
73.2
0.776
79.5
0.713
68.7
0.895
75.7
