0.819
73.0
0.792
64.4
0.744
103
0.743
77.9
0.819
102
0.783
76.9
0.762
67.9
0.769
52.6
0.792
67.1
0.786
72.3
0.671
56.9
0.738
57.4
0.899
61.6
0.753
49.8
0.771
63.8
0.772
52.8
0.696
56.2
0.712
88.5
0.685
66.7
0.818
64.7
0.732
60.7
0.743
58.8
0.769
63.5
0.756
61.0
0.789
62.9
0.688
78.7
0.764
66.6
0.759
64.7
0.653
63.9
0.720
58.5
0.721
60.9
0.659
62.5
0.755
65.9
0.721
62.2
0.709
62.1
0.799
64.9
0.887
62.0
0.699
61.3
0.756
63.8
0.670
63.8
0.744
62.1
0.758
62.1
0.770
60.5
0.752
60.6
0.701
57.6
0.744
58.1
0.739
65.8
0.783
61.3
0.729
60.0
0.657
61.6
0.695
62.9
0.659
48.1
0.731
64.4
0.772
73.9
0.741
65.3
0.721
56.9
0.709
64.0
0.727
60.4
0.719
52.2
0.714
70.7
0.742
52.9
0.726
61.4
0.737
64.7
0.786
55.3
0.737
66.9
0.799
56.7
0.757
59.1
0.928
67.9
0.763
64.3
0.774
55.8
0.786
65.7
0.783
61.1
0.776
62.9
0.698
62.6
0.784
62.0
