0.823
45.4
0.780
64.8
0.742
93.3
0.776
76.3
0.916
63.7
0.763
39.9
0.784
41.0
0.777
45.0
0.735
43.5
0.763
37.4
0.706
87.8
0.719
43.0
0.691
41.5
0.744
37.4
0.785
40.3
0.835
37.5
0.688
68.6
0.774
64.4
0.783
40.7
0.940
36.6
0.833
64.9
0.831
56.6
0.743
63.8
0.802
63.5
0.692
58.0
0.725
44.7
0.796
44.3
0.717
63.0
0.676
47.4
0.739
46.5
0.741
63.1
0.751
43.2
0.813
59.1
0.754
66.8
0.809
42.7
0.748
66.0
0.785
54.5
0.776
57.1
0.761
64.9
0.728
59.7
0.797
75.2
0.790
75.5
0.809
59.5
0.698
41.5
0.735
38.4
0.749
40.9
0.741
38.0
0.754
59.2
0.737
57.7
0.761
59.6
0.742
71.8
0.759
54.4
0.789
68.4
0.758
62.9
0.766
46.0
0.814
40.5
0.727
61.2
0.776
66.4
0.955
47.0
0.833
67.9
0.833
38.8
0.717
68.5
0.736
37.4
0.791
*
0.727
58.6
0.793
90.0
0.753
38.9
0.834
48.3
0.750
64.1
0.719
59.8
0.754
48.2
0.782
67.0
0.831
59.2
0.634
60.2
0.782
59.2
