0.914
65.1
0.782
64.8
0.924
103
0.963
63.1
0.788
59.0
0.856
60.2
0.774
59.0
0.974
77.7
0.803
105
0.813
57.0
0.781
65.8
0.819
60.6
0.886
73.6
0.855
61.5
0.887
71.2
0.834
60.0
0.799
59.5
0.781
66.0
0.858
69.3
0.902
77.8
0.835
67.6
0.861
64.9
0.862
65.2
0.894
56.6
0.820
64.4
0.836
59.9
0.853
70.0
0.757
62.0
0.800
61.2
0.984
61.5
0.739
62.5
0.877
66.5
0.873
68.8
0.810
68.7
0.824
58.4
0.902
60.7
0.813
64.5
0.780
55.6
0.859
59.9
0.784
58.1
0.868
61.7
0.875
63.4
0.879
65.3
0.807
64.5
0.786
64.9
0.772
65.3
0.869
76.7
0.827
60.6
0.817
67.1
0.809
63.0
0.862
60.6
0.809
64.1
0.861
59.7
0.785
63.6
0.812
59.1
0.820
69.9
0.750
85.6
0.771
63.9
0.779
63.0
0.729
65.1
0.748
77.0
0.771
58.0
0.708
62.8
0.780
81.5
0.748
62.6
1.03
58.9
0.867
66.2
0.771
64.6
0.802
67.0
0.730
63.3
0.751
69.5
0.762
61.4
0.756
84.7
0.778
60.7
0.748
65.8
