0.921
77.2
0.843
81.6
0.864
92.6
0.874
95.2
0.845
94.7
0.822
84.1
0.756
81.6
0.873
92.9
0.819
80.9
0.804
82.4
0.758
84.1
0.768
79.4
0.937
76.8
0.747
99.8
0.804
79.9
0.846
92.2
0.841
78.7
0.797
82.4
0.850
79.7
0.862
82.1
0.920
78.8
0.832
75.5
0.832
87.3
0.830
85.6
0.804
92.4
0.921
85.1
0.829
78.6
0.764
77.7
0.818
91.8
0.776
92.6
0.774
80.3
0.729
84.4
0.818
79.0
0.749
78.7
0.769
92.2
0.837
75.8
0.833
82.2
0.767
92.5
0.823
87.0
0.751
86.5
0.801
84.9
0.860
75.9
0.855
83.6
0.697
76.9
0.802
91.0
0.748
93.5
0.826
89.4
0.860
83.9
0.722
85.5
0.751
80.5
0.770
83.9
0.769
89.8
0.760
79.6
0.776
80.2
0.794
83.4
0.782
85.6
0.804
84.2
0.854
82.4
1.01
87.4
0.752
75.5
0.793
83.1
0.763
87.5
0.799
91.4
0.765
83.1
0.723
81.6
0.717
80.2
0.713
78.5
0.748
108
0.743
79.6
0.688
80.0
0.746
94.0
0.782
77.8
0.901
81.8
0.721
79.7
0.802
82.9
