0.848
76.0
0.742
78.3
0.946
141
1.11
68.2
0.830
63.5
0.774
62.4
0.782
68.8
0.784
72.6
0.705
66.4
0.791
131
0.742
124
0.746
122
0.745
82.6
0.975
83.7
0.717
74.7
0.938
67.4
0.738
71.2
0.800
65.1
0.770
65.0
0.765
70.1
0.741
65.4
0.784
63.9
0.780
87.6
0.742
70.6
0.746
70.4
0.834
67.2
0.850
85.7
0.775
66.9
0.796
67.1
0.712
66.6
0.702
66.5
0.699
186
0.708
61.0
0.721
73.8
0.785
71.4
0.730
68.5
0.999
66.9
0.723
72.2
0.840
73.2
0.722
57.2
0.830
67.5
0.735
67.8
0.754
69.3
0.747
78.3
0.664
63.5
1.05
68.1
0.766
72.1
0.824
72.1
0.744
62.8
0.728
62.4
0.715
72.1
0.751
70.2
0.776
65.2
0.726
67.6
0.847
80.4
0.797
68.2
0.696
184
0.792
62.3
0.786
62.2
0.697
63.2
0.772
69.4
0.666
63.9
0.750
68.2
0.743
68.0
0.740
61.0
0.864
70.6
0.770
63.7
0.696
68.0
0.731
80.8
0.723
63.7
0.744
67.4
0.797
62.9
0.777
58.9
0.745
65.3
0.721
66.8
