0.777
63.8
0.793
67.6
0.767
59.2
0.858
73.7
0.935
76.3
0.825
64.5
0.765
60.7
0.738
78.9
0.755
76.4
0.769
75.3
0.704
74.6
0.815
77.2
0.741
67.9
0.807
74.0
0.779
63.4
0.736
76.1
0.737
67.6
0.748
67.5
0.780
68.0
0.921
69.6
0.731
69.0
0.761
51.8
0.757
67.1
0.738
64.5
0.715
74.1
0.692
73.9
0.760
65.2
0.795
63.9
0.869
65.6
0.680
75.2
0.696
53.9
0.741
65.3
0.735
53.9
0.708
68.7
0.874
71.4
0.781
59.9
0.798
67.0
0.713
66.8
0.817
72.3
0.721
62.1
0.780
64.2
0.832
56.4
0.727
56.2
0.709
76.9
0.715
68.4
0.801
76.4
1.12
63.7
0.869
72.0
0.859
65.0
0.725
52.7
0.751
74.2
0.731
73.3
0.785
62.5
0.835
72.5
0.788
72.1
0.795
64.1
0.775
63.8
0.780
69.6
1.12
82.4
0.760
59.2
0.820
77.7
0.751
66.6
0.750
72.1
0.819
66.3
0.701
52.6
0.844
68.9
0.786
63.9
0.764
68.4
0.824
75.2
0.744
62.4
0.836
72.1
0.844
73.7
0.850
56.5
0.726
53.8
0.938
72.0
