1.03
60.2
0.796
69.1
0.735
58.3
0.897
63.4
0.817
76.2
0.816
77.3
0.951
89.3
0.796
83.8
0.775
74.3
0.758
76.4
0.705
84.6
0.745
77.7
0.966
67.2
0.780
63.8
0.820
69.4
0.815
77.1
0.750
58.8
0.797
82.5
0.823
84.4
0.849
64.7
0.728
65.0
0.757
66.7
0.757
74.8
0.795
65.0
0.771
83.7
0.767
71.6
0.791
63.9
0.796
68.5
0.880
74.6
0.790
61.9
0.718
66.9
0.729
73.5
0.814
59.7
0.777
64.2
0.787
79.2
0.835
66.5
0.817
68.7
0.748
79.4
0.800
66.7
0.774
64.0
0.794
111
0.788
73.4
0.930
74.1
0.745
80.7
0.752
71.5
0.757
76.4
0.797
74.6
0.830
70.3
0.768
54.6
0.768
52.1
0.713
60.9
0.729
72.0
0.955
60.3
0.769
58.2
0.835
57.5
0.848
54.8
0.781
69.4
0.733
62.2
0.733
59.4
0.727
58.7
0.775
60.3
0.768
60.3
0.767
57.4
0.781
64.2
0.883
59.6
0.761
54.1
0.797
55.3
0.765
54.7
0.835
60.0
0.723
60.7
0.719
70.0
0.724
54.8
0.802
54.5
0.725
60.8
0.776
68.8
