0.808
57.1
0.816
63.6
0.786
278
0.860
54.2
0.740
58.7
0.782
49.7
0.764
49.7
0.787
108
0.747
108
0.775
71.6
0.755
75.4
0.726
68.8
0.789
73.7
0.764
59.2
0.767
50.9
0.807
55.1
0.819
52.8
0.821
77.2
0.766
52.3
0.799
62.5
0.744
51.4
0.792
55.2
0.799
64.3
0.826
51.1
0.769
81.5
0.767
*
0.810
51.8
0.793
58.1
0.754
50.0
0.772
54.2
0.758
65.3
0.761
48.2
0.801
62.3
0.724
59.6
0.823
66.0
0.779
52.5
0.798
54.6
0.773
50.4
0.973
54.4
0.742
65.4
0.902
56.9
0.836
57.3
0.732
63.4
0.751
60.6
0.809
54.3
0.789
51.2
0.931
54.9
0.780
53.7
0.719
73.2
0.708
60.0
0.725
70.0
0.659
63.2
0.809
52.1
0.855
55.4
0.759
52.2
0.730
48.0
0.747
59.2
0.777
66.8
0.732
53.4
0.637
68.0
0.791
63.8
0.724
52.4
0.728
52.6
0.707
60.8
0.741
61.9
0.783
47.7
0.783
*
0.851
61.5
0.739
64.4
0.698
54.9
0.861
47.8
0.825
56.6
0.771
59.2
0.718
59.9
0.960
*
