0.979
45.9
0.759
47.1
0.799
264
0.864
39.4
0.842
46.1
1.04
54.4
0.818
60.5
0.843
49.3
0.779
49.1
0.765
43.3
0.725
40.7
0.768
41.9
0.790
43.7
0.800
56.6
0.755
40.6
0.766
53.9
0.785
43.4
0.812
38.4
0.764
44.6
0.835
45.5
0.731
43.0
0.796
56.7
0.784
45.5
0.795
49.0
0.877
38.1
0.746
43.6
0.772
48.6
0.784
58.5
0.753
42.7
0.719
42.0
0.787
62.9
0.800
47.3
0.831
60.1
0.751
51.0
0.811
47.4
0.794
43.0
0.775
42.6
0.744
46.6
0.782
43.8
0.748
68.3
0.791
61.5
0.825
65.5
0.745
57.7
0.718
53.2
0.742
50.1
0.725
43.3
0.803
46.5
0.786
51.8
0.739
41.0
0.728
64.2
0.703
*
0.791
42.2
0.806
41.7
0.825
40.1
0.840
48.1
0.793
49.2
0.759
48.5
0.771
61.6
0.792
48.0
0.804
41.8
0.751
43.1
0.743
38.9
0.910
42.7
0.786
*
0.762
68.5
0.841
46.4
0.856
39.3
0.717
50.0
0.800
44.8
0.717
49.5
0.734
39.5
0.743
48.0
0.826
61.7
0.757
61.6
0.805
53.1
