0.943
71.4
0.814
66.4
0.833
91.4
0.893
77.1
0.861
70.3
0.825
68.9
0.756
67.5
0.799
80.6
0.741
66.0
0.843
75.3
0.793
75.0
0.799
74.8
0.792
68.6
0.837
66.7
0.837
81.6
0.845
69.8
0.813
69.9
0.855
70.9
0.857
71.7
0.821
64.3
0.724
82.9
0.805
117
0.792
169
0.792
95.3
0.688
70.1
0.786
51.4
0.836
52.6
0.820
69.3
0.714
58.7
0.730
52.2
0.798
54.1
0.755
54.8
0.867
55.9
0.760
64.7
0.874
60.5
0.851
57.5
0.845
57.6
0.766
55.9
0.834
61.5
0.764
48.7
0.854
53.8
0.856
56.3
0.858
49.5
0.730
63.7
0.773
58.4
0.808
67.4
0.821
70.1
0.881
72.1
0.825
49.0
0.793
52.4
0.822
53.0
0.738
62.3
0.816
56.8
0.816
66.6
0.796
53.2
0.782
57.8
0.731
130
0.766
51.2
0.958
58.6
0.743
52.5
0.846
63.0
0.796
51.8
0.740
60.5
0.795
53.9
0.912
53.3
0.826
57.1
0.781
53.1
0.724
58.3
0.791
72.4
1.11
54.1
0.809
55.3
0.806
54.9
0.775
48.1
0.754
49.1
0.760
*
