0.871
54.3
0.732
49.6
0.765
48.6
0.826
47.0
0.877
51.5
0.818
62.9
0.760
52.6
0.762
53.3
0.754
52.2
0.778
55.8
0.708
58.2
0.824
55.3
0.826
48.5
0.767
48.8
0.772
54.4
0.792
58.9
0.767
48.5
0.739
46.8
0.745
56.5
0.706
47.6
0.684
49.4
0.761
57.9
0.749
50.0
0.770
53.9
0.741
46.6
0.753
56.9
0.741
52.0
0.806
53.1
0.733
63.5
0.732
51.7
0.913
52.7
0.698
54.3
0.886
58.6
0.795
53.1
0.731
70.6
0.814
51.7
0.779
53.1
0.705
56.7
1.05
61.2
0.754
51.3
0.752
53.8
0.795
53.4
0.782
56.1
0.716
57.8
0.681
53.3
0.700
55.8
0.788
49.1
0.754
52.7
0.738
52.0
0.696
47.6
0.744
53.7
0.774
62.8
0.827
50.3
0.703
49.2
0.718
56.1
0.819
56.9
0.765
54.5
0.750
52.9
0.719
48.3
0.743
56.5
0.769
54.1
0.752
52.4
0.764
50.7
0.781
55.9
0.753
54.4
0.781
54.6
0.780
55.5
0.763
51.4
0.785
47.3
0.730
52.8
0.788
57.5
0.731
52.0
0.827
54.8
0.770
65.4
0.752
57.0
