0.854
57.3
0.862
59.8
0.955
180
0.897
61.3
0.819
67.8
0.777
93.0
0.895
91.1
0.772
66.0
0.734
88.2
0.777
106
0.736
51.4
0.819
58.0
0.720
59.3
0.739
91.4
0.933
103
0.698
65.6
0.717
68.1
0.720
101
0.734
98.5
0.816
141
0.807
54.5
0.773
180
0.839
56.4
0.843
58.0
0.723
61.6
0.819
82.4
0.775
61.2
0.784
176
0.684
54.1
0.750
51.8
0.714
194
0.747
54.5
0.837
189
0.711
56.4
0.732
59.5
0.748
56.4
0.698
55.3
0.714
53.2
0.716
52.8
0.679
181
0.720
60.5
0.817
180
0.742
194
0.796
76.4
0.749
51.0
0.724
71.3
0.799
62.0
0.752
92.0
0.958
61.8
0.878
187
0.779
55.9
0.720
58.3
0.827
56.8
0.698
52.6
0.774
53.8
0.794
52.3
0.743
66.0
0.724
178
0.732
65.2
0.701
50.2
0.760
74.0
0.744
52.7
0.670
61.5
0.794
63.4
0.789
180
0.862
51.2
0.833
50.9
0.731
59.5
0.792
118
0.729
63.0
0.782
72.4
0.788
53.6
0.802
176
0.694
180
0.770
55.8
