0.879
53.3
0.724
57.8
0.962
61.4
0.838
47.9
0.785
43.8
0.773
48.6
0.739
53.0
0.789
48.1
0.767
48.4
0.810
45.6
0.731
47.2
0.923
47.7
0.802
50.3
0.761
49.8
0.820
47.9
0.798
45.0
0.737
52.6
0.884
50.1
0.898
52.0
0.808
45.7
0.697
50.5
0.756
61.3
0.730
44.9
0.778
47.1
0.754
50.4
0.709
51.1
0.777
53.4
0.753
57.9
0.741
50.5
0.714
52.4
0.732
46.2
0.700
58.0
0.825
61.1
0.741
47.4
0.800
51.2
0.810
59.8
0.709
48.2
0.748
53.6
0.809
48.3
0.721
66.8
0.915
50.1
0.845
58.5
0.798
61.0
0.774
50.0
0.779
51.9
0.883
61.2
0.806
53.5
0.773
43.8
0.752
45.5
0.761
67.5
0.961
47.3
0.763
61.1
0.747
53.7
0.808
50.0
0.777
54.2
0.817
47.9
0.735
48.2
0.790
60.4
0.709
47.5
0.730
49.2
0.889
50.1
0.784
47.8
0.754
51.1
0.793
*
0.801
64.5
0.780
49.1
1.03
50.1
0.810
47.4
0.847
48.1
0.776
49.1
0.813
50.7
0.818
47.6
0.790
47.7
0.810
59.5
0.782
44.7
