0.878
84.6
0.773
85.6
0.811
82.1
0.845
91.5
1.01
87.3
0.838
88.3
0.782
82.4
0.859
86.6
0.735
80.0
0.777
83.0
0.981
89.7
0.797
89.7
0.765
121
0.774
83.7
0.810
80.4
0.802
80.9
0.891
81.3
0.789
89.5
0.826
78.7
0.822
86.3
0.734
81.3
0.788
79.1
1.07
94.3
0.959
83.1
0.829
84.4
0.769
81.5
0.841
83.7
1.14
85.1
0.882
89.1
0.775
79.4
0.731
94.9
0.794
95.1
0.830
96.1
0.758
91.1
0.859
*
0.819
82.4
0.874
86.1
0.806
85.6
0.827
112
0.811
93.5
0.806
93.5
0.849
79.9
0.914
83.7
0.779
82.5
0.777
78.1
0.787
88.5
0.881
84.6
0.772
82.6
0.748
84.5
0.781
86.1
0.724
87.3
0.699
83.5
0.842
81.7
0.827
79.0
0.858
86.9
0.811
83.9
0.881
81.3
0.866
79.5
0.770
86.0
0.740
82.7
0.768
84.5
0.797
77.5
0.764
88.6
0.796
78.8
0.751
86.2
0.894
82.4
0.986
83.6
0.793
79.3
0.771
79.0
0.725
84.1
0.777
82.5
0.800
84.6
0.788
82.1
0.756
83.4
0.797
80.6
