0.868
96.5
0.750
73.9
0.778
72.5
0.737
79.1
0.834
105
0.843
72.7
0.761
76.4
0.819
82.1
0.695
89.1
0.801
71.5
0.784
78.1
0.753
73.6
0.705
81.3
0.776
76.1
0.776
85.4
0.848
77.7
0.717
103
0.800
90.5
0.800
74.2
0.734
79.7
0.718
83.1
0.788
76.3
0.713
80.8
0.738
79.1
0.743
94.5
0.726
75.4
0.807
86.1
0.797
79.2
0.719
72.8
0.729
85.2
0.729
80.2
0.772
75.1
0.791
82.4
0.744
81.1
0.807
76.7
0.768
77.2
0.762
77.9
0.710
73.4
0.769
70.3
0.750
72.3
0.731
76.0
0.915
73.3
0.755
76.2
0.682
90.9
0.693
72.5
0.762
70.3
0.760
82.9
0.890
69.1
0.748
75.2
0.791
77.4
0.759
74.8
0.771
78.2
0.797
79.9
0.781
72.8
0.804
80.9
0.792
77.3
0.716
74.4
0.759
72.3
0.736
72.5
0.714
77.4
0.776
70.4
0.826
73.5
0.706
74.4
0.783
*
0.717
79.2
0.762
73.7
0.982
73.3
0.715
79.7
0.742
71.1
0.859
71.0
0.751
73.1
0.780
73.8
0.739
99.2
0.708
76.5
0.808
73.6
