0.866
64.7
0.799
65.7
0.767
95.2
0.878
62.4
0.805
63.4
0.875
94.9
0.819
64.5
0.882
91.7
0.856
72.2
0.941
84.2
0.755
63.8
0.824
68.9
0.783
64.5
0.851
63.1
0.883
65.8
0.841
96.7
0.723
63.8
0.813
100
0.817
64.7
0.797
71.1
0.766
66.5
0.842
70.4
0.781
63.6
0.782
61.4
0.830
63.2
0.744
98.5
0.796
69.6
0.779
62.5
0.757
70.6
0.688
68.7
0.794
62.2
0.753
60.7
0.762
70.7
0.755
60.2
0.773
65.3
0.768
64.1
0.745
60.6
0.785
67.2
0.761
62.0
0.728
72.3
0.810
70.6
0.743
66.6
0.795
74.3
0.743
70.3
0.741
66.2
0.739
71.3
0.791
64.3
0.765
64.9
0.740
89.8
0.681
72.4
0.770
70.5
0.688
100
0.814
73.8
0.756
98.7
0.819
61.1
0.864
63.2
0.759
61.8
0.779
65.0
0.733
69.0
0.800
77.0
0.797
100
0.815
62.2
0.816
73.9
0.830
61.7
0.814
66.1
0.819
71.9
0.779
66.5
0.797
67.1
0.823
68.8
0.967
61.1
0.730
70.3
0.733
64.5
0.823
69.7
0.743
65.2
0.768
94.9
