0.889
83.6
0.772
86.3
0.751
64.6
0.868
88.4
0.809
79.4
0.806
86.3
0.858
84.6
0.789
80.4
0.768
78.5
0.975
85.0
1.12
90.0
0.725
92.3
0.722
83.0
0.759
75.4
0.907
87.9
0.823
77.4
0.713
86.3
0.796
86.1
0.820
84.0
0.893
84.1
0.770
87.1
0.804
61.1
0.812
90.9
1.02
88.1
0.724
90.4
0.719
82.8
0.807
94.1
0.791
61.8
0.719
135
0.727
122
0.834
93.3
0.815
98.6
0.787
69.9
0.855
81.5
0.818
116
0.786
83.5
0.766
86.3
0.857
82.3
0.818
82.2
0.750
69.1
0.773
64.8
0.783
76.7
0.730
66.0
0.764
100
0.817
86.7
0.727
86.6
0.751
82.8
0.756
81.6
0.751
83.0
0.746
67.8
0.682
85.7
0.716
88.6
0.820
76.9
0.784
94.2
0.824
87.1
0.795
83.3
0.745
229
0.757
87.9
0.909
85.1
0.745
84.5
0.764
79.1
0.720
93.9
0.718
89.9
0.727
83.5
0.694
80.3
0.750
87.8
0.818
83.9
0.941
81.0
0.799
88.0
0.676
83.8
0.734
85.7
0.968
76.7
0.796
75.1
0.784
65.9
0.750
85.1
