0.851
62.7
0.748
66.6
0.713
61.7
0.774
70.7
0.730
59.3
0.892
60.4
0.819
82.7
0.750
66.9
0.715
57.7
0.777
58.4
0.711
83.3
0.715
67.2
0.732
63.2
0.755
68.3
0.766
66.9
0.761
63.7
0.720
65.4
0.724
55.8
0.872
62.4
0.807
58.2
0.743
62.7
0.768
64.5
0.860
63.9
0.800
66.9
0.724
64.3
0.722
58.0
0.734
57.9
0.751
65.9
0.709
56.5
0.725
75.7
0.728
78.1
0.700
58.9
0.800
67.6
0.719
64.8
0.772
59.4
0.789
61.4
0.737
62.2
0.734
73.1
0.788
56.5
0.690
62.4
0.752
55.4
0.768
71.6
0.683
62.3
0.685
62.3
0.677
63.3
0.715
63.4
0.729
68.8
0.746
60.8
0.727
105
0.732
70.5
0.731
67.0
0.734
68.2
0.743
72.5
0.753
62.1
0.793
60.3
0.826
64.1
0.747
65.4
0.752
61.9
0.736
62.5
0.690
65.0
0.759
60.2
0.684
55.5
0.703
91.3
0.770
69.6
0.866
55.7
0.754
74.2
0.825
73.2
0.733
62.4
0.713
72.4
0.673
87.0
0.805
78.5
0.767
69.5
0.749
58.3
0.738
57.4
0.768
73.6
