0.902
53.7
0.764
48.6
0.712
51.7
0.863
54.7
0.802
54.0
0.788
48.6
0.756
53.9
0.842
49.0
0.883
55.0
0.807
48.3
0.749
56.0
0.783
72.1
0.766
55.4
0.796
53.3
0.774
51.3
0.780
54.6
0.805
48.9
0.814
61.7
0.823
59.9
0.796
53.1
0.731
53.0
0.733
55.1
0.816
51.2
1.00
54.9
0.789
53.4
0.679
49.4
0.736
49.5
0.795
54.1
0.762
54.5
0.767
54.3
0.746
57.6
0.767
50.9
0.841
53.2
0.719
51.9
0.743
48.0
0.895
55.5
0.813
53.9
0.722
54.6
0.749
53.7
0.768
50.6
0.789
49.5
0.748
53.5
0.814
58.1
0.823
50.3
0.751
81.8
0.762
46.9
0.793
55.1
0.827
48.2
0.754
55.8
0.746
54.7
0.760
56.1
0.780
57.2
0.858
51.6
0.818
56.5
0.855
49.7
0.917
61.3
0.789
46.8
0.811
58.3
0.720
49.4
0.719
52.8
0.762
48.2
0.879
55.3
0.698
49.1
0.798
*
0.758
55.9
0.785
53.4
1.02
51.4
0.767
55.5
0.794
52.6
0.730
66.7
0.777
53.3
0.787
48.1
0.797
50.4
0.838
47.6
0.787
54.2
