0.875
46.0
0.770
51.4
0.776
83.5
1.19
48.0
0.789
75.4
0.758
47.4
0.830
74.9
0.815
78.0
0.795
43.3
1.15
66.7
0.731
45.8
0.768
57.2
0.779
49.0
0.773
82.0
0.762
45.7
0.778
76.0
0.707
71.1
0.725
51.8
0.799
46.4
0.822
47.1
0.794
44.5
0.786
49.3
0.792
58.3
0.750
60.9
0.736
51.5
0.742
48.5
0.827
45.9
0.785
53.8
0.755
56.9
0.727
47.2
0.721
47.8
0.824
45.3
0.857
51.2
0.743
52.3
0.794
83.9
0.777
53.3
0.796
50.8
0.746
53.6
0.779
51.6
1.17
43.1
0.839
48.2
0.787
137
0.756
47.9
0.724
79.9
1.17
80.5
0.785
77.7
0.819
75.8
0.866
45.1
0.739
86.6
0.723
53.0
0.783
47.9
0.756
81.8
0.822
45.8
0.835
101
0.820
56.1
0.832
48.0
1.02
48.1
0.755
46.0
0.695
81.7
0.739
49.8
0.749
81.1
0.955
48.9
0.769
46.8
0.741
61.0
0.719
46.3
0.818
48.0
1.04
68.6
0.724
52.5
0.904
75.9
0.722
43.6
0.782
46.9
0.797
46.6
0.847
51.6
0.944
42.2
0.792
80.6
