0.882
79.9
0.766
104
0.762
67.2
0.838
78.8
0.821
82.3
0.786
77.4
0.839
89.6
0.847
61.9
0.768
74.6
0.817
79.8
0.736
81.3
0.792
80.6
0.753
79.0
0.797
79.1
0.750
75.0
0.805
61.9
0.724
73.3
0.794
77.9
0.805
82.2
0.867
76.9
0.799
81.1
0.788
65.6
0.788
74.4
0.852
74.8
0.716
80.0
0.794
82.5
0.819
78.6
0.852
67.1
0.840
76.5
0.753
80.9
0.841
80.6
0.798
78.5
0.999
62.2
0.739
80.9
0.813
67.2
0.814
74.3
0.787
80.6
0.742
79.8
0.810
82.6
0.767
70.5
0.705
64.3
0.763
72.8
0.772
70.0
0.734
61.5
0.745
75.6
0.745
60.6
0.938
63.1
0.801
81.5
0.727
75.9
0.738
64.9
0.873
79.9
0.752
66.2
0.760
75.6
0.754
75.3
0.792
84.4
0.718
76.9
0.777
58.7
0.791
71.1
0.798
69.0
0.744
83.4
0.797
68.6
0.793
82.8
0.751
73.4
0.830
*
0.736
68.6
0.808
72.9
0.830
99.3
0.764
75.3
0.758
76.5
0.956
82.2
0.849
78.8
0.796
83.7
0.781
82.2
0.756
61.7
0.726
79.7
