0.878
73.1
0.895
70.4
0.776
68.6
0.850
69.1
0.844
71.2
0.804
69.7
0.758
70.8
0.769
89.2
0.845
66.3
0.800
65.2
0.746
70.0
0.773
74.5
0.734
71.1
0.981
77.5
0.792
69.9
0.745
63.9
0.723
62.5
0.748
80.4
0.794
68.4
0.966
71.2
0.708
66.2
0.817
68.3
0.845
74.6
0.776
69.0
0.723
69.7
0.782
62.9
0.820
73.8
0.833
68.8
0.773
72.5
0.777
69.1
0.707
67.7
0.946
62.5
0.809
72.6
0.755
77.9
0.796
70.1
0.831
79.2
0.763
75.0
0.694
65.5
0.856
69.4
0.728
67.9
0.781
70.1
0.761
70.1
1.13
75.1
0.787
66.0
0.829
67.8
0.755
88.4
0.828
68.3
0.793
73.6
0.756
77.8
0.726
73.1
0.747
67.7
0.793
94.0
0.800
65.9
0.788
69.8
0.826
73.4
0.772
65.6
0.791
69.0
0.759
75.6
0.691
88.9
0.947
70.7
0.927
66.2
0.752
73.3
0.814
78.4
0.790
63.5
0.779
74.1
0.833
69.8
0.836
65.1
0.751
73.3
0.810
84.0
0.732
86.8
0.785
70.6
0.803
72.8
0.778
66.5
0.725
65.7
0.842
69.7
