0.967
70.5
0.765
78.1
0.808
*
0.841
71.2
0.878
77.6
0.853
71.1
0.783
72.1
0.826
92.8
0.842
81.3
0.816
80.6
0.729
73.2
0.761
74.0
0.749
73.1
0.773
72.5
0.816
77.8
0.823
71.3
0.725
76.0
0.750
78.9
0.815
79.7
0.844
73.9
0.725
78.4
0.806
71.2
0.777
77.1
0.744
75.2
0.738
76.8
0.778
73.4
0.804
65.3
0.755
74.6
0.695
75.0
0.701
69.1
0.963
70.1
0.735
77.4
0.826
71.2
0.785
71.5
0.728
77.8
0.758
72.9
0.727
72.3
0.765
72.7
0.791
77.1
0.739
71.8
0.843
71.5
0.830
72.7
0.756
77.9
0.963
72.6
0.773
72.6
0.920
84.3
0.732
72.7
0.760
71.9
0.725
82.8
0.731
199
0.731
76.7
0.737
77.9
0.826
72.7
0.768
70.9
0.771
70.4
0.782
71.3
0.761
75.3
0.805
70.4
0.718
70.5
0.747
72.9
0.815
72.9
0.790
72.5
0.690
73.9
0.820
71.8
0.733
77.2
0.975
79.7
0.816
74.7
0.682
93.1
0.804
73.0
0.711
75.3
0.782
74.0
0.819
73.8
0.773
72.0
0.937
78.4
0.725
69.3
