0.943
93.8
0.870
70.3
0.788
108
0.871
58.5
1.05
90.5
0.804
89.2
0.830
82.5
0.824
86.0
0.743
77.5
0.856
111
0.768
87.5
0.806
57.0
0.760
68.5
0.731
89.1
0.825
49.8
0.813
83.4
0.771
74.6
0.824
103
0.795
76.4
0.772
54.2
0.783
51.3
0.790
94.1
0.801
66.5
0.774
71.1
0.731
67.6
0.801
62.8
0.799
55.3
0.807
60.4
0.720
73.7
0.774
55.7
0.816
66.7
0.676
70.7
0.848
60.9
0.756
58.3
0.765
71.2
0.789
60.6
0.831
68.5
0.805
66.9
0.780
56.2
0.741
63.8
0.891
58.1
0.823
63.4
0.781
60.4
0.748
67.0
0.735
60.4
0.999
58.5
0.866
61.2
0.760
56.9
0.765
56.9
0.782
61.9
0.768
60.5
0.932
64.5
0.870
69.5
0.827
62.3
0.906
65.5
0.877
64.8
0.834
70.1
0.866
59.3
0.851
62.0
0.828
101
0.896
62.7
0.812
61.7
0.777
68.8
0.863
63.3
0.737
57.8
0.803
67.1
0.840
63.0
0.738
62.1
0.761
64.3
0.758
61.6
0.859
53.4
0.832
67.2
0.796
63.3
0.772
59.2
0.835
60.8
