0.935
77.9
0.748
79.7
0.778
75.8
0.852
77.9
0.798
74.6
0.810
74.5
0.818
76.9
0.889
91.7
0.835
73.9
0.848
80.5
0.746
76.8
0.849
75.7
0.857
76.1
0.803
75.6
0.807
75.2
0.811
72.5
0.754
83.8
0.783
75.1
0.770
77.3
0.779
74.8
0.825
76.8
0.784
78.0
0.837
75.5
0.833
80.4
0.784
85.5
0.752
80.2
0.912
75.0
0.834
77.1
0.759
83.7
0.726
73.5
0.733
80.7
0.803
75.1
0.811
74.8
0.799
80.1
0.816
94.9
0.797
76.5
0.780
73.2
0.839
75.3
0.844
87.7
0.769
76.2
0.844
74.6
0.797
81.3
0.933
82.3
0.973
93.0
0.781
70.0
0.798
72.4
0.838
75.3
1.04
76.1
0.793
72.1
0.806
77.0
0.746
*
0.748
86.3
0.804
73.9
0.822
71.7
0.811
77.8
0.728
81.6
0.701
76.5
0.782
86.4
0.679
82.4
0.751
79.5
0.780
81.8
0.753
84.6
0.746
78.9
0.736
82.0
0.753
84.9
0.893
75.4
0.834
73.5
0.750
79.2
0.785
72.7
0.650
74.0
0.793
84.9
0.756
79.3
0.857
75.8
0.700
74.3
0.823
76.3
