0.886
55.8
0.770
56.5
0.789
*
0.953
50.3
1.03
52.7
0.787
50.8
0.774
46.6
0.838
48.1
0.761
55.8
0.927
50.9
0.714
53.0
0.739
56.5
0.760
50.0
0.726
52.2
0.717
48.6
0.820
54.3
0.751
52.4
0.840
54.0
0.821
46.5
0.808
47.6
0.774
60.1
0.962
74.9
0.762
55.7
0.745
50.4
0.730
47.3
0.734
55.0
0.811
53.7
0.753
58.0
0.743
52.2
0.716
54.6
0.778
65.1
0.712
51.8
0.749
60.7
0.845
47.5
0.721
50.6
0.834
48.1
0.876
47.6
0.767
58.6
0.785
62.1
0.796
62.0
0.775
55.4
0.731
90.3
0.785
64.0
0.774
53.3
0.796
53.2
0.784
64.0
1.04
71.4
0.827
47.1
0.908
49.9
0.693
66.9
0.799
53.9
0.663
57.8
0.799
53.2
0.776
49.0
0.805
56.1
0.841
48.2
0.701
82.7
0.768
64.6
0.711
52.1
0.668
51.1
0.824
52.9
0.769
46.5
0.750
49.9
0.804
47.6
1.12
63.1
0.789
54.9
0.762
51.5
0.749
50.7
0.792
55.8
0.726
51.7
0.773
54.4
0.771
55.1
0.823
66.8
0.773
59.1
0.835
50.3
