0.977
75.6
0.832
76.2
0.936
78.9
0.866
82.8
0.913
81.6
0.959
73.0
0.800
72.9
0.893
52.1
0.756
82.1
0.888
74.4
0.784
78.9
0.952
78.4
0.835
80.9
0.780
42.1
0.799
83.0
0.831
81.6
0.731
73.8
0.751
75.3
0.869
78.1
0.826
84.9
0.808
76.8
0.855
76.0
0.795
79.7
0.824
78.5
0.816
74.5
0.774
81.0
0.880
90.2
0.830
67.9
0.687
83.3
0.722
79.1
0.901
80.6
0.874
73.8
0.807
119
0.774
139
0.755
102
0.785
78.7
0.801
77.5
0.765
69.8
0.764
70.3
0.777
69.7
0.784
70.9
0.795
76.2
0.789
80.2
0.781
78.1
0.786
73.8
0.722
65.5
0.804
71.6
0.837
71.0
0.771
74.0
0.889
73.7
0.734
78.8
0.762
72.0
0.775
71.9
0.903
66.3
0.849
69.4
0.803
78.4
0.822
81.7
0.759
74.7
0.707
71.0
0.894
69.4
0.804
69.1
0.733
69.3
0.689
74.4
0.838
73.5
0.757
78.7
0.831
68.3
0.828
68.1
0.773
71.6
0.829
72.1
1.03
68.1
0.842
83.1
1.00
74.0
0.812
74.7
0.794
65.6
0.855
73.4
