60.8
58.1
66.8
64.4
50.9
61.3
74.8
60.4
51.3
64.3
60.1
67.5
51.9
54.3
52.8
55.7
61.5
65.3
55.8
59.3
50.6
58.3
57.5
67.3
59.0
62.9
64.6
60.5
70.6
65.1
59.2
59.4
56.9
64.6
50.2
64.0
56.2
50.8
57.4
63.7
59.5
62.3
54.9
55.1
51.5
52.8
78.8
49.8
64.5
61.9
60.4
55.9
66.9
63.5
55.8
55.6
49.5
52.5
58.6
59.2
55.8
61.7
61.8
49.8
59.5
55.4
65.6
50.4
53.4
55.1
56.7
54.6
59.1
60.1
50.5
72.4
51.1
58.9
62.0
61.7
71.2
53.1
67.6
61.8
59.5
59.2
59.8
54.9
61.4
62.6
48.9
50.4
55.4
65.2
50.6
59.9
63.5
51.3
61.7
48.7
