0.880
46.5
0.815
55.2
0.779
82.1
0.957
47.2
0.858
124
0.814
47.5
0.728
52.0
0.851
51.1
0.892
55.5
0.773
41.6
0.737
54.5
0.758
51.3
0.818
52.5
0.801
46.9
0.772
56.2
0.915
49.6
0.738
79.9
0.806
54.3
0.799
46.3
0.946
41.9
0.821
45.3
0.761
84.2
0.791
122
0.762
44.9
0.762
51.0
0.738
44.2
0.795
43.3
0.786
84.8
0.773
44.3
0.746
54.7
0.752
93.4
0.768
41.0
0.766
86.1
0.797
55.1
0.800
59.4
0.781
42.7
0.783
43.4
0.771
44.5
0.806
47.0
0.759
90.2
0.805
83.4
0.780
90.0
0.796
82.8
0.758
57.5
0.760
45.5
0.713
60.0
0.768
48.5
0.782
48.3
0.735
47.0
0.714
87.6
0.736
54.1
0.731
63.7
0.797
45.5
0.755
119
0.792
41.7
0.737
56.0
0.783
43.7
0.786
86.5
0.693
50.4
0.713
48.7
0.791
46.8
0.750
55.7
0.724
45.8
0.775
50.5
0.768
85.2
0.791
44.9
0.736
40.8
0.720
51.5
0.751
44.6
0.730
47.4
0.746
57.5
0.824
121
0.752
94.6
0.728
78.6
0.801
46.2
