0.885
59.4
0.751
71.6
0.764
*
0.858
57.9
0.870
62.1
0.817
69.9
0.776
56.6
0.793
60.1
0.746
60.3
0.792
56.0
0.739
60.8
0.770
64.6
0.740
63.5
0.756
63.3
0.985
66.6
0.975
64.2
0.724
61.8
0.818
56.1
0.799
62.6
0.792
60.5
0.814
69.1
1.02
59.4
0.788
57.0
0.762
64.3
0.771
67.5
0.733
56.2
0.785
61.4
0.802
77.2
0.740
69.0
0.733
57.7
0.692
66.8
0.668
61.9
0.793
61.6
0.753
63.3
0.753
*
0.932
99.8
0.801
74.8
0.815
76.5
0.794
68.0
0.835
60.4
0.722
66.8
0.792
121
0.761
58.6
0.829
48.9
0.762
61.9
0.722
56.4
0.806
49.8
1.03
54.5
0.787
60.2
0.753
61.4
0.681
61.5
0.875
54.4
0.712
61.8
0.767
56.4
0.823
56.4
0.830
59.8
0.690
89.1
0.741
58.8
0.788
57.7
0.776
61.9
0.760
50.2
0.716
69.6
0.747
64.0
0.818
67.9
0.790
64.9
0.799
72.9
0.885
64.9
0.789
69.6
0.799
51.9
0.804
57.6
0.759
77.6
0.795
56.7
0.844
62.2
0.773
56.9
0.782
67.6
