0.844
46.5
0.747
40.8
0.740
48.1
0.833
45.9
0.930
48.0
0.786
41.3
0.780
50.2
0.816
43.6
0.771
41.7
0.744
41.5
0.681
49.3
0.783
41.7
0.785
41.7
0.770
41.4
0.803
53.9
0.776
45.7
0.707
39.9
0.826
63.8
0.789
47.5
0.806
51.4
1.21
42.2
0.919
40.6
0.827
43.6
0.791
45.6
0.840
47.3
0.820
40.3
0.904
42.7
0.803
41.0
0.727
37.6
0.743
47.3
0.791
40.4
0.738
43.2
0.752
42.8
0.745
47.9
0.773
39.8
0.801
49.1
0.817
*
0.724
41.2
0.931
40.5
0.733
115
0.782
46.7
0.735
42.7
0.772
47.8
0.748
43.1
0.757
42.9
0.737
44.5
0.974
54.0
0.730
38.7
0.802
43.9
0.738
97.3
0.728
54.4
0.769
39.8
0.843
44.4
0.827
41.8
1.06
40.3
0.811
56.2
0.722
40.4
0.836
36.9
0.714
39.4
1.13
39.8
0.921
41.7
0.788
39.6
0.731
46.8
0.739
44.3
0.726
43.3
0.803
44.4
0.952
40.8
0.829
38.1
0.808
40.4
0.708
43.4
0.790
42.9
0.777
47.2
0.826
37.4
0.914
42.3
0.823
50.8
