0.817
87.1
0.770
77.1
0.743
*
0.827
82.1
0.826
73.5
1.01
86.4
0.778
74.4
0.774
78.6
0.662
74.8
0.859
72.6
0.711
76.7
0.744
82.3
0.720
76.0
0.741
72.1
0.750
83.2
0.715
85.8
0.709
74.8
0.801
74.3
0.781
75.1
0.888
82.3
0.717
75.3
0.762
76.6
0.843
78.2
0.750
76.5
0.717
82.3
0.893
86.3
0.927
76.4
0.762
71.4
0.732
87.5
0.710
78.0
0.683
77.4
0.720
73.7
0.780
72.2
0.963
79.3
0.802
80.0
0.777
78.5
0.768
77.9
0.709
76.0
0.731
77.0
0.723
74.9
0.746
79.0
0.736
78.6
0.715
83.8
0.757
83.0
0.734
78.9
0.737
75.6
0.827
81.8
0.679
75.4
0.693
89.7
0.731
74.8
0.688
83.4
0.721
76.2
0.799
83.7
0.667
77.5
0.727
70.9
0.754
89.8
0.680
70.6
0.776
76.4
0.762
92.2
0.693
74.6
0.707
75.7
0.796
77.5
0.707
87.4
0.766
93.1
0.794
82.3
0.962
73.8
0.820
79.2
0.709
75.3
0.797
83.2
0.739
75.8
0.745
76.4
0.812
78.7
0.776
76.0
0.723
72.8
0.763
71.5
