0.864
72.6
0.700
59.2
0.740
107
0.836
63.2
0.778
84.0
0.900
88.0
0.792
89.0
0.788
64.2
0.764
76.1
0.767
60.0
0.729
62.1
0.703
86.2
0.779
85.8
0.739
83.9
0.801
86.8
0.806
87.6
0.705
52.2
0.821
69.1
0.801
87.0
0.805
87.8
0.749
54.8
1.00
87.9
1.01
80.6
0.778
59.0
0.763
52.6
0.721
92.5
0.831
88.8
0.826
85.4
0.929
86.4
0.774
55.2
0.792
95.3
0.752
89.9
0.862
85.7
0.770
58.1
0.788
85.3
0.831
58.6
0.819
60.6
0.786
117
0.772
97.0
0.734
67.6
0.765
84.8
0.870
120
0.894
77.8
0.842
91.3
0.727
78.7
0.742
68.1
0.770
57.4
0.914
71.6
0.735
56.7
0.729
69.5
0.692
80.8
0.760
51.1
0.825
64.0
0.777
75.0
0.811
76.0
0.820
52.3
0.755
76.4
0.762
67.0
0.823
58.2
0.795
71.1
0.834
55.6
0.780
70.2
0.775
53.6
0.851
57.1
0.787
67.4
0.795
73.3
1.01
76.8
0.796
66.3
0.825
67.7
0.768
52.5
0.815
54.5
0.795
66.9
0.797
64.3
0.764
76.0
0.756
66.3
