0.962
63.5
0.873
64.5
0.815
108
1.05
53.9
0.845
61.5
0.864
69.1
0.843
67.8
0.821
63.0
0.831
59.1
0.849
61.3
0.812
56.5
0.784
65.0
0.822
57.4
0.769
70.3
0.815
71.5
0.863
65.9
0.731
73.0
0.862
70.6
0.848
65.6
0.904
56.6
0.763
63.7
0.729
61.3
0.771
66.3
0.817
52.6
0.803
52.0
0.777
69.8
0.782
65.5
0.971
61.5
0.757
62.4
0.730
63.5
0.763
55.6
0.714
62.4
0.779
57.1
0.768
66.9
0.732
59.9
0.813
51.8
0.815
60.6
0.865
64.0
0.752
70.8
0.761
60.8
0.991
58.0
0.770
62.2
0.811
61.7
0.797
59.2
0.802
66.2
0.797
57.0
0.797
62.3
0.770
65.8
0.715
59.4
0.753
51.5
1.14
61.5
0.760
65.2
0.852
60.9
0.820
55.2
0.809
66.4
0.729
62.8
0.782
57.0
0.782
61.7
0.791
59.5
0.796
56.3
0.814
62.3
0.790
51.7
0.752
57.8
0.831
57.1
0.784
69.2
0.807
67.0
0.900
57.9
0.750
65.3
0.795
61.3
0.737
66.5
0.797
57.6
0.861
60.4
0.825
58.2
0.713
53.1
0.817
68.5
