0.820
123
0.742
103
0.705
133
0.803
112
0.821
101
0.871
106
0.766
112
0.780
132
0.741
113
0.801
110
0.705
117
0.705
108
0.703
162
0.750
103
0.817
105
0.861
109
0.724
114
0.805
105
0.981
110
0.798
108
0.725
113
0.702
77.4
0.739
103
0.774
102
0.731
109
0.727
123
0.788
117
0.810
52.6
0.713
105
0.749
111
0.777
125
0.739
141
0.755
169
0.727
113
0.743
101
0.743
105
0.846
107
0.739
108
0.789
108
0.746
58.7
0.783
130
0.759
54.3
0.780
56.6
0.716
110
0.705
109
0.750
109
0.717
106
0.752
102
0.704
103
0.894
169
0.732
115
0.687
130
0.774
115
0.783
105
0.770
103
0.760
103
0.758
136
0.752
54.5
0.722
108
0.769
104
0.792
110
0.745
125
0.732
105
0.771
113
0.870
49.5
0.813
105
0.792
104
0.723
112
0.734
123
0.686
101
0.893
103
0.784
113
0.808
126
0.714
60.1
0.798
107
