0.920
63.1
0.943
68.3
0.785
96.4
0.831
63.7
0.820
74.3
0.781
71.1
0.732
68.6
0.739
76.4
0.776
88.1
0.765
67.5
0.794
70.9
0.806
*
0.892
69.0
0.787
68.6
0.799
73.8
0.716
73.3
0.727
63.0
0.729
75.8
0.778
65.2
0.970
70.8
0.733
63.7
0.962
77.6
0.739
85.6
0.812
73.8
0.733
68.8
0.741
78.9
0.814
70.8
0.788
79.5
0.698
70.7
0.779
78.4
0.696
69.8
0.753
72.7
0.906
75.8
0.779
62.7
0.757
72.8
0.848
63.5
0.790
62.3
0.770
71.5
0.834
69.1
0.804
71.0
0.838
61.7
0.846
70.0
0.858
76.8
0.803
75.5
0.787
62.1
0.766
73.6
0.816
73.6
0.825
75.4
0.744
64.5
0.773
70.4
0.779
68.3
0.776
77.1
0.763
66.3
0.755
71.2
0.730
65.1
0.932
67.6
0.748
68.4
0.815
73.2
0.812
73.6
0.694
67.6
0.843
78.5
0.757
78.1
0.799
63.6
0.793
69.9
0.849
71.7
0.766
65.2
0.856
72.9
0.822
75.7
0.830
80.3
0.754
72.9
0.804
78.0
0.951
69.9
0.814
70.2
0.746
70.0
0.828
*
