0.778
74.0
0.729
78.5
0.768
104
0.828
79.3
0.874
79.6
0.770
77.6
0.742
78.4
0.797
71.5
0.703
73.2
0.800
72.5
0.731
87.2
0.666
75.2
0.749
74.1
0.711
79.0
0.769
76.5
0.744
77.2
0.731
77.7
0.773
72.1
0.800
77.5
0.787
84.8
0.783
73.8
0.751
104
0.799
74.4
0.745
79.3
1.08
77.5
0.719
78.5
0.779
77.7
0.712
108
0.720
70.8
0.680
78.5
0.923
72.1
0.722
140
0.787
114
0.728
85.1
0.756
80.3
0.754
80.6
0.862
83.1
0.765
74.2
0.771
75.1
0.715
111
0.751
75.9
0.796
103
0.743
112
0.814
79.5
0.752
69.8
0.740
74.0
0.771
71.9
0.776
78.4
0.781
75.9
0.650
112
0.703
73.9
0.666
75.7
0.766
81.2
0.759
81.7
0.761
77.8
0.747
72.9
0.752
134
0.898
111
0.775
71.9
0.721
72.7
0.736
77.8
0.798
72.9
0.757
79.3
0.717
72.5
0.793
114
0.771
84.1
0.824
74.0
0.709
74.8
1.10
81.8
0.711
72.8
0.732
77.0
0.775
77.0
0.736
118
0.718
107
0.807
78.4
