0.882
47.8
0.816
49.0
0.848
48.7
0.774
52.9
0.771
61.4
0.766
51.6
0.790
66.5
0.822
64.8
0.998
42.5
0.823
48.4
0.741
47.5
0.786
50.8
0.772
44.5
0.727
69.2
0.816
54.4
0.743
59.3
0.697
54.0
0.757
42.8
0.705
60.0
0.820
52.2
0.719
53.8
0.743
46.9
0.803
46.4
0.731
49.5
0.722
45.3
0.714
44.3
0.807
49.5
0.786
49.7
0.768
53.7
0.745
48.2
0.764
53.1
0.655
57.1
0.758
52.9
0.723
63.1
0.756
59.9
0.809
56.2
0.739
62.6
0.722
46.6
0.801
46.6
0.743
54.2
0.768
48.5
0.859
49.8
0.722
51.2
0.746
70.3
0.734
56.0
0.628
64.6
0.748
63.2
0.797
55.7
0.710
61.2
0.647
64.3
0.721
63.4
0.770
72.9
0.750
57.2
0.791
50.9
0.707
51.9
0.775
44.2
0.733
61.0
0.812
47.3
0.762
66.5
0.766
47.7
0.777
60.5
0.737
49.0
0.883
52.8
0.805
56.7
0.735
49.9
0.762
52.5
0.754
54.2
0.926
49.5
1.01
52.0
0.742
64.8
0.741
46.8
0.742
47.5
0.817
48.2
0.740
50.9
0.824
53.9
