0.881
57.3
0.781
61.7
0.825
*
0.877
69.6
0.910
65.2
0.836
66.8
0.810
55.5
0.913
62.6
0.825
65.4
0.803
64.0
0.757
65.0
0.841
56.8
0.770
96.4
0.774
52.3
0.705
62.3
0.835
60.0
0.741
57.5
0.802
74.2
0.830
68.6
0.823
55.9
0.738
53.8
0.816
62.9
0.737
73.2
0.814
61.1
0.762
54.7
0.712
59.6
0.787
59.4
0.795
55.2
0.794
66.0
0.737
62.0
0.822
63.8
0.784
58.4
0.839
62.2
0.738
57.7
0.775
52.9
0.820
55.3
0.822
52.3
0.786
136
0.822
126
0.775
73.1
1.08
59.2
0.750
69.4
0.806
69.3
0.813
66.5
0.676
64.9
0.717
65.3
0.738
55.7
0.770
64.5
0.871
63.7
0.782
57.7
0.782
75.9
0.747
61.2
0.807
65.3
0.762
60.1
0.810
58.2
0.790
62.5
0.734
73.9
0.793
58.9
0.732
61.0
0.710
60.2
0.736
64.7
0.747
69.0
0.737
69.6
0.826
61.1
0.758
60.7
0.845
56.6
0.826
51.2
0.822
59.1
0.847
54.9
0.755
52.1
0.818
53.8
0.822
55.7
0.748
64.6
0.741
59.2
0.762
94.9
