50.7
45.2
42.7
41.6
43.7
46.7
42.8
44.7
41.3
52.5
49.7
41.1
47.3
42.5
41.6
41.7
44.7
47.7
42.5
47.9
42.6
40.4
41.3
40.6
45.0
41.4
41.1
42.1
44.0
46.6
44.4
50.4
56.6
41.5
51.6
44.3
46.7
47.3
41.3
50.6
45.2
58.3
43.5
50.7
56.1
39.2
51.1
44.9
44.7
45.3
42.1
39.6
45.6
50.6
49.6
46.6
39.1
44.0
52.3
50.0
42.7
40.3
45.7
39.6
39.8
43.4
45.5
42.3
39.7
38.8
44.6
38.4
40.5
44.9
40.1
46.8
40.3
43.9
41.5
44.2
48.0
49.7
92.9
48.3
43.7
40.3
40.9
44.0
45.2
43.4
50.2
42.1
44.3
54.2
82.7
46.2
44.2
39.9
41.8
41.1
