0.819
63.2
0.821
60.7
0.753
149
0.839
70.3
0.804
147
0.783
62.3
0.788
63.8
0.848
59.4
0.815
55.6
0.792
57.9
0.767
*
0.755
61.6
0.834
58.0
0.751
63.0
0.801
57.8
0.806
155
0.738
60.1
0.902
61.0
0.798
57.5
0.763
60.7
0.767
68.0
0.819
139
0.807
60.5
0.866
58.4
0.783
61.0
0.815
60.7
0.786
63.0
0.808
145
0.729
60.0
0.922
58.1
0.719
139
0.759
64.3
0.738
138
0.717
65.4
0.793
59.9
0.758
55.4
0.739
65.3
0.734
56.7
0.802
63.7
0.775
146
0.808
141
0.778
144
0.835
140
0.763
66.4
0.918
56.7
0.794
57.8
0.786
58.2
0.767
73.0
0.737
60.3
0.870
156
0.871
65.5
0.768
67.2
0.788
65.2
0.832
53.5
0.712
69.7
0.796
60.1
0.746
60.4
0.802
147
0.718
55.7
0.735
66.1
0.833
141
0.750
54.5
0.778
64.8
0.785
62.2
0.787
146
0.792
58.0
0.796
58.3
0.903
67.7
0.767
61.7
0.701
63.2
0.734
58.0
0.739
57.1
0.795
143
0.694
140
0.760
59.4
