0.955
74.2
0.950
80.5
0.800
73.4
0.868
77.1
0.855
71.3
0.839
73.7
0.767
77.1
0.974
84.9
0.788
74.1
0.814
75.6
0.715
75.8
0.767
70.5
0.782
77.3
0.829
71.4
0.839
75.1
0.900
71.8
0.733
69.8
0.940
70.0
0.856
74.9
0.860
73.4
0.831
76.1
0.760
73.1
0.840
73.2
0.776
77.3
0.799
79.3
0.702
75.3
0.732
75.8
0.781
77.8
0.733
77.2
0.707
79.9
0.809
68.9
0.785
71.7
0.805
81.5
0.724
76.0
0.902
81.1
0.825
78.2
0.751
82.1
0.782
74.4
0.792
80.3
0.755
74.7
0.824
77.7
0.869
72.9
0.871
76.9
0.814
79.7
0.784
74.1
0.916
82.3
0.776
71.6
0.738
69.6
0.801
76.4
0.967
78.2
0.746
83.6
0.825
76.9
0.795
73.7
0.832
69.8
0.854
74.7
0.837
75.4
0.742
80.1
0.740
77.6
0.824
79.6
0.751
74.3
0.825
70.2
0.772
84.9
0.805
81.8
0.845
73.2
0.787
75.2
0.821
84.0
0.892
74.0
0.780
75.0
0.931
97.4
0.784
70.3
0.732
76.0
0.814
71.8
0.784
73.0
0.723
75.1
0.730
79.7
