0.828
79.7
0.726
82.3
0.893
68.4
0.926
69.4
0.794
121
0.769
112
0.725
81.8
0.819
65.6
0.762
71.9
0.726
92.0
0.747
98.3
0.743
84.0
0.743
64.6
0.824
65.2
0.707
67.5
0.773
68.4
0.670
63.9
0.732
67.7
0.737
77.5
0.816
78.4
0.774
66.3
0.693
64.6
0.864
85.6
0.744
66.4
0.757
89.3
0.711
68.4
0.742
69.5
0.735
67.8
0.733
68.1
0.892
60.6
0.745
65.9
0.743
65.6
0.726
63.0
0.711
74.1
0.772
65.3
0.760
87.1
0.725
88.2
0.709
65.9
0.770
78.5
0.729
64.9
0.834
67.2
0.774
296
0.749
67.1
0.715
66.1
0.763
61.8
0.838
81.7
0.698
66.6
0.728
64.2
0.668
66.2
0.726
77.0
0.897
63.5
0.684
75.1
0.865
71.0
0.732
74.1
0.802
61.0
0.791
70.8
0.749
67.5
0.743
64.7
0.734
62.7
0.704
66.3
0.931
73.8
0.717
94.9
0.733
71.0
0.815
68.2
0.744
62.7
0.754
69.2
0.758
65.0
0.668
66.2
0.808
94.7
0.699
70.3
0.771
68.5
0.810
65.9
0.743
69.9
0.714
66.3
0.827
71.5
