0.885
58.8
0.722
60.6
0.787
115
0.816
67.9
0.765
90.6
0.779
60.0
0.814
60.1
0.833
101
0.709
71.8
0.772
66.6
0.745
62.0
0.743
103
0.748
66.7
0.726
59.2
0.768
64.0
0.741
85.0
0.732
81.8
0.721
82.2
0.758
70.2
0.838
63.6
0.670
62.9
0.756
64.6
0.706
92.4
0.761
64.4
0.670
69.8
0.717
61.8
0.785
73.2
0.781
62.5
0.738
65.3
0.710
141
0.733
104
0.669
95.7
0.860
68.5
0.746
61.9
0.799
89.2
0.775
72.6
0.801
91.2
0.755
70.5
0.818
66.1
0.734
58.4
0.789
60.4
0.730
72.9
0.775
62.1
0.774
83.4
0.740
92.1
0.742
82.9
0.810
81.3
0.769
81.8
0.779
98.6
0.941
62.7
0.702
63.4
0.821
88.5
0.795
63.4
0.737
55.8
0.761
63.4
0.815
67.0
0.722
84.2
0.757
68.3
0.741
88.7
0.955
74.1
0.786
97.7
0.757
63.6
0.796
80.5
0.839
59.4
0.762
55.9
0.824
73.2
0.776
62.3
0.725
67.6
0.770
89.5
0.728
78.1
0.785
73.5
0.733
57.7
0.768
68.1
0.736
58.7
0.773
*
