0.955
63.1
0.881
65.8
0.865
69.6
0.848
67.0
0.874
65.4
0.906
57.2
0.795
58.2
0.894
65.3
0.810
64.7
0.886
59.7
0.917
57.7
0.796
61.2
0.807
66.5
0.806
57.0
0.858
74.5
0.821
69.1
0.791
60.8
0.928
70.0
0.889
62.8
0.863
67.8
0.775
66.4
0.826
63.2
0.897
56.2
0.965
60.6
0.716
64.9
0.771
64.5
0.730
68.4
0.827
66.4
0.769
61.7
0.789
60.5
0.755
72.5
0.777
56.8
0.872
65.4
0.801
64.6
0.832
71.5
0.812
56.4
0.794
58.7
0.789
60.0
0.725
65.2
0.746
64.1
0.751
49.1
0.822
70.5
0.707
67.1
0.768
69.8
0.928
59.5
0.761
67.6
0.830
61.6
0.786
57.6
0.759
74.5
0.829
64.8
0.960
62.7
0.717
61.5
0.777
72.7
0.782
59.8
0.733
63.4
0.842
63.5
0.711
69.4
0.741
61.7
0.716
65.4
0.716
66.1
0.823
62.1
0.773
65.6
0.983
56.5
0.806
*
0.706
58.2
0.781
55.1
0.839
61.5
0.773
67.6
0.811
61.8
0.718
55.7
0.800
62.6
0.797
57.3
0.801
68.3
0.808
57.6
0.785
73.9
