0.989
66.2
0.710
59.9
0.806
172
0.877
61.9
0.814
60.3
0.792
56.1
0.894
55.8
0.788
57.1
0.816
54.8
0.811
57.2
0.740
60.2
0.768
67.1
0.696
53.0
0.810
62.8
0.802
55.9
0.787
57.1
0.743
61.7
0.836
59.5
0.878
63.2
0.796
67.6
0.707
58.5
0.811
158
0.765
54.6
0.802
57.1
0.717
54.7
0.763
62.0
0.838
57.3
0.822
159
0.776
67.7
0.751
58.8
0.923
85.1
0.844
65.3
0.822
156
0.744
64.6
0.782
63.2
0.780
66.1
0.718
62.0
0.758
57.4
0.957
53.5
0.816
158
0.745
74.2
0.721
156
0.768
155
0.740
60.8
0.750
57.7
0.894
61.9
0.814
57.6
0.788
61.5
0.736
53.9
0.723
158
0.716
72.7
0.740
59.2
0.751
59.8
0.771
61.8
0.790
64.0
0.853
61.1
0.736
81.3
0.799
153
0.767
56.1
0.735
55.1
0.841
58.3
0.804
59.3
0.696
52.4
0.769
52.2
0.746
155
0.816
63.2
0.795
66.1
0.726
72.3
0.819
57.0
0.773
63.1
0.797
61.3
0.951
68.3
0.813
74.1
0.726
163
0.806
70.2
