1.10
65.3
0.964
85.8
0.730
*
0.809
59.1
0.829
73.2
0.728
56.9
0.860
68.0
0.829
72.8
0.753
56.7
0.753
73.6
0.677
63.8
0.677
55.1
0.709
66.0
0.747
74.5
0.796
66.7
0.779
74.0
0.790
65.1
0.792
90.6
0.777
61.4
0.801
83.0
0.715
62.7
0.703
108
0.866
72.6
0.795
62.7
0.706
67.9
0.688
69.3
0.809
57.9
0.820
111
0.798
59.0
0.719
58.1
1.02
82.4
0.992
79.4
0.876
104
0.801
81.4
0.818
70.9
0.904
65.1
0.804
55.9
0.774
58.8
0.835
69.9
0.790
109
0.828
73.9
0.870
105
0.843
110
0.782
76.2
0.775
73.4
0.776
78.3
1.02
75.6
0.820
70.5
0.776
56.9
0.672
112
0.734
66.9
0.746
77.2
0.856
60.8
0.833
69.1
0.762
61.7
0.823
59.8
0.793
*
0.813
106
0.829
80.0
0.771
60.6
0.787
88.3
0.797
62.8
0.727
72.1
0.809
70.6
0.752
106
0.760
61.3
0.793
63.4
0.751
59.5
0.784
77.6
0.743
63.2
0.766
57.4
0.792
62.3
0.760
136
0.717
101
0.833
63.6
