0.885
74.4
0.748
74.2
0.780
76.7
0.741
75.8
0.804
73.8
0.813
71.7
0.761
80.2
0.867
61.2
0.747
77.4
0.788
69.6
0.720
75.8
0.757
78.2
0.789
80.8
0.771
75.5
0.786
75.0
0.748
81.0
0.711
75.2
0.952
72.4
0.742
73.3
0.815
76.3
0.765
69.8
0.787
82.4
0.731
77.3
0.780
73.9
0.700
72.1
0.717
76.9
0.791
72.1
0.943
75.1
0.728
81.4
0.874
75.3
0.749
74.2
0.750
70.7
0.815
73.9
0.718
71.3
0.795
67.2
0.776
77.7
0.813
75.0
0.756
78.6
0.774
69.8
0.694
75.6
0.772
78.0
0.760
70.0
0.744
81.6
0.749
75.1
0.711
82.9
0.699
73.3
0.770
74.5
0.699
74.5
0.746
69.9
0.718
141
0.732
72.7
0.692
64.1
0.779
71.3
0.763
80.5
0.773
76.2
0.797
73.7
0.707
74.9
0.784
84.9
0.693
79.8
0.683
74.4
0.829
80.4
0.747
70.4
0.743
81.8
0.811
73.6
0.742
77.6
0.776
72.0
0.835
67.9
0.689
73.2
0.802
76.0
0.735
96.9
0.756
71.8
0.764
71.5
0.785
69.5
0.723
75.2
0.779
78.8
