0.832
35.5
0.915
45.7
0.775
*
0.851
42.7
0.801
57.9
0.838
35.4
0.791
57.3
0.787
67.1
0.898
64.7
0.747
38.5
0.781
40.1
0.711
63.7
0.751
51.5
0.812
59.1
0.804
45.5
0.787
61.8
0.704
44.2
0.767
34.3
0.822
67.5
0.818
37.3
0.797
35.3
0.788
60.7
0.803
38.0
0.706
36.9
0.711
50.3
0.796
60.9
0.761
47.5
0.767
56.7
0.799
60.7
0.674
41.4
0.745
58.1
0.688
34.9
0.948
68.0
0.749
41.7
0.784
65.5
0.852
38.7
0.749
49.3
0.777
37.0
0.764
34.8
0.766
64.5
0.787
59.9
0.695
57.7
0.790
58.6
0.913
59.7
0.944
59.5
0.712
56.5
0.801
60.5
0.748
63.3
0.749
40.9
0.736
62.9
0.731
93.0
0.726
59.5
0.848
42.3
0.815
39.3
0.978
39.8
0.798
63.0
0.884
37.4
0.769
57.2
0.742
63.9
0.713
45.5
0.805
62.9
0.758
39.2
0.711
58.8
0.784
36.9
0.746
63.9
0.809
49.2
0.817
53.0
0.750
92.7
0.771
64.6
0.741
62.0
0.800
43.1
0.823
36.5
0.771
64.4
0.699
61.5
0.807
40.3
