0.925
67.5
0.948
60.6
0.744
59.2
0.904
57.9
0.827
60.5
0.781
64.1
0.728
61.3
0.986
58.4
0.751
54.7
0.821
56.2
0.763
62.0
0.731
69.9
0.802
58.8
0.812
60.4
0.822
61.5
0.813
56.6
0.766
69.2
0.781
57.2
0.869
60.7
0.898
58.0
0.761
65.8
0.770
61.5
0.910
58.0
0.831
73.1
0.845
57.5
0.753
61.0
0.766
64.0
0.702
57.9
0.724
63.3
0.743
59.0
0.734
65.3
0.777
60.0
0.894
67.6
0.814
65.2
0.795
63.5
0.857
55.6
0.787
57.3
0.730
55.4
0.727
75.7
0.784
57.2
0.805
54.6
0.786
58.2
0.807
59.5
0.800
72.7
0.657
66.0
0.747
60.6
0.804
63.1
0.915
64.3
0.813
62.9
0.789
62.4
0.808
67.5
0.754
82.2
0.796
64.8
0.820
60.7
0.803
58.7
0.788
64.1
0.832
58.1
0.775
63.8
0.739
58.5
0.747
63.8
0.779
49.5
0.724
61.9
0.752
56.8
0.800
*
0.694
58.8
0.803
58.2
0.807
62.7
0.818
65.0
0.785
57.1
0.749
64.2
0.706
62.4
0.777
56.6
0.820
61.6
0.688
55.1
0.806
54.8
