0.815
64.8
0.900
63.7
0.832
163
0.833
54.2
0.866
63.8
0.817
72.8
0.817
62.1
0.833
63.0
0.803
58.8
0.783
61.1
0.780
58.4
0.888
60.6
0.765
57.5
0.754
67.1
0.776
66.4
0.908
66.4
0.880
57.2
0.791
57.8
0.882
66.5
0.763
64.3
0.765
56.7
0.828
59.8
0.751
62.4
0.824
64.1
0.741
59.6
0.756
63.8
0.775
60.8
0.789
65.6
0.735
65.7
0.739
65.9
0.721
68.7
0.744
59.5
0.778
67.2
0.747
70.6
0.769
65.0
0.781
65.8
0.760
63.6
0.713
75.7
0.750
66.1
0.675
58.0
0.716
61.8
0.848
115
0.766
61.6
0.685
60.6
0.698
62.8
0.902
65.5
0.717
64.5
0.751
66.4
0.682
58.4
0.701
58.0
0.743
64.8
0.703
72.2
0.895
57.6
0.798
58.1
0.828
59.5
1.16
58.8
0.776
63.2
0.773
65.5
0.725
63.1
0.746
55.6
0.833
61.4
0.734
61.0
0.759
62.3
0.765
62.0
0.690
71.0
0.776
56.7
0.776
69.2
0.714
57.1
0.782
63.9
0.730
55.7
0.802
59.1
0.769
54.3
0.850
67.9
0.931
62.4
0.823
61.1
