0.807
56.5
0.808
81.0
0.766
63.9
0.816
59.8
0.770
60.3
1.00
56.1
0.724
109
0.799
102
0.753
60.1
0.787
69.0
0.720
61.0
0.749
64.9
0.679
60.5
0.766
96.0
0.777
61.7
0.921
72.8
0.666
93.3
0.783
101
0.823
58.4
0.775
56.3
0.843
68.9
0.776
67.8
0.805
60.9
0.765
64.7
0.756
59.8
0.747
65.8
0.772
60.3
0.771
67.2
0.701
60.9
0.677
69.3
0.757
70.0
0.757
66.4
0.734
70.1
0.733
73.7
0.747
*
0.770
69.3
0.761
75.6
0.691
65.4
0.757
76.3
0.702
73.1
0.742
61.8
0.758
64.9
0.778
71.5
0.756
*
0.745
135
0.689
143
0.797
112
0.760
104
0.717
107
0.703
69.1
0.703
81.7
0.854
69.8
0.771
76.1
0.739
77.0
0.822
94.5
0.831
104
0.759
91.8
0.768
74.5
0.774
72.6
0.782
59.9
0.759
76.3
0.752
74.9
0.863
59.2
0.817
79.1
0.785
69.4
0.839
67.1
0.785
64.9
0.893
66.7
0.753
85.1
0.754
*
0.750
58.4
0.706
97.9
0.804
69.8
0.715
73.7
0.752
61.9
