0.954
72.4
0.769
68.6
0.792
81.7
0.843
64.3
0.874
65.2
0.766
64.8
0.777
63.7
0.829
62.0
0.726
59.2
0.841
80.5
0.789
72.6
0.798
63.3
0.800
74.9
0.788
66.8
0.845
70.8
0.844
69.0
0.760
65.8
0.844
59.7
0.824
69.5
0.829
71.2
0.785
65.7
0.789
69.5
0.754
68.9
0.751
71.6
0.714
64.2
0.704
68.5
0.786
64.6
0.803
60.7
0.829
64.0
0.698
69.5
0.758
60.3
0.770
64.3
0.833
65.4
0.910
68.9
0.908
76.9
0.847
62.8
0.776
62.3
0.706
65.7
0.849
66.3
0.784
64.5
1.09
66.7
0.838
62.8
0.769
63.8
0.800
67.7
0.759
68.1
0.759
63.9
0.864
63.9
0.811
67.6
0.842
64.1
0.728
65.6
0.758
70.3
0.774
71.8
0.802
66.1
0.839
74.5
0.906
61.8
0.860
69.7
0.759
73.7
0.790
60.1
0.967
62.1
0.789
70.4
0.811
64.8
0.757
73.9
0.789
67.0
0.788
69.9
0.896
59.4
0.852
79.8
0.858
82.4
0.748
75.8
0.777
131
0.728
63.5
0.774
64.4
0.766
61.7
0.758
62.9
0.721
63.2
0.799
125
