0.856
79.9
0.771
76.5
0.751
88.5
0.817
71.7
0.796
76.4
0.776
89.6
0.762
76.3
0.953
90.5
0.770
73.2
0.794
70.9
0.704
74.8
0.934
78.1
0.923
81.8
0.762
67.2
0.830
76.0
0.806
73.6
0.741
76.2
0.805
68.4
0.763
80.7
0.935
76.8
0.729
70.9
0.769
78.7
0.810
78.8
0.780
75.3
0.758
68.3
0.720
82.1
0.803
75.3
0.798
77.9
0.719
78.9
0.738
68.3
1.09
72.2
0.772
72.2
0.831
91.4
0.814
79.8
0.794
80.7
0.740
73.0
0.762
78.2
0.723
74.3
0.849
82.7
0.819
78.4
0.773
72.9
0.774
79.3
0.832
73.6
0.892
80.5
0.768
77.8
0.717
94.0
0.754
89.7
0.807
85.2
0.736
79.1
0.752
78.1
0.948
78.6
0.720
77.8
0.972
77.7
0.782
70.1
0.858
86.2
0.818
74.5
0.729
70.6
0.793
75.6
0.697
90.6
0.793
78.5
0.727
74.3
0.735
68.6
0.886
77.7
0.884
82.1
0.696
71.7
0.803
75.6
0.788
74.3
0.740
80.7
0.810
78.0
0.670
76.3
0.895
77.0
0.776
71.2
0.764
79.7
0.688
74.3
0.764
68.4
