0.836
86.3
0.764
87.8
0.766
63.7
0.791
83.9
0.757
85.3
0.843
87.7
0.823
94.3
0.863
82.2
0.725
81.4
0.792
88.2
0.732
86.0
0.714
94.1
0.751
82.7
0.755
80.4
0.799
92.3
0.782
87.0
0.748
81.5
0.846
90.8
0.805
92.1
0.802
82.7
0.780
87.5
0.751
65.4
0.735
82.8
0.800
91.2
0.753
85.7
0.734
93.4
0.802
92.0
0.738
84.5
0.705
83.1
0.716
85.6
0.729
84.6
0.709
*
0.806
66.5
0.687
84.4
0.728
83.8
0.857
80.2
0.895
86.4
0.833
101
0.764
103
0.832
69.6
0.796
81.8
0.829
82.7
0.813
65.4
0.902
83.9
0.773
84.2
0.741
88.5
0.776
84.0
0.778
83.7
0.788
95.0
0.813
67.1
0.742
90.9
0.696
85.6
0.837
87.9
0.793
83.9
1.12
82.7
0.816
86.5
0.729
83.4
0.716
112
0.762
82.0
0.678
97.0
0.777
88.4
0.733
85.8
0.714
84.1
0.857
86.8
0.706
59.0
0.796
90.4
0.793
86.1
0.728
86.0
0.774
88.4
0.765
85.6
0.794
89.6
0.824
87.5
0.771
87.6
0.890
68.4
0.767
86.2
