0.864
67.6
0.938
73.6
0.766
68.0
0.812
62.4
0.821
64.6
0.796
63.6
0.779
71.5
0.771
94.4
0.853
85.2
0.838
62.8
0.719
69.3
0.764
59.2
0.749
69.5
0.767
79.1
0.808
63.3
0.802
87.6
0.684
80.1
1.03
60.8
0.900
93.6
0.838
71.9
0.771
67.6
0.807
64.6
0.748
127
0.765
67.5
0.969
60.2
0.670
63.8
0.784
67.8
0.778
58.1
0.922
88.0
0.768
65.8
0.975
69.6
0.730
68.0
0.804
61.1
0.745
62.5
0.807
83.2
0.751
58.1
0.777
*
0.714
*
0.845
*
0.725
*
0.757
62.7
0.960
92.4
0.739
61.1
0.792
89.7
0.685
64.6
0.781
93.4
0.796
87.5
0.794
60.9
0.734
64.3
0.779
65.4
0.791
85.0
0.744
85.6
0.817
64.7
0.799
64.8
0.808
62.5
0.886
62.8
0.773
157
0.796
65.1
0.715
90.3
0.713
65.0
0.901
90.6
0.769
60.6
0.831
65.5
0.834
68.5
0.787
68.0
0.812
76.4
0.876
67.4
0.817
59.3
0.818
90.6
0.737
63.8
0.810
61.5
0.766
69.6
0.953
77.1
0.725
64.9
0.762
66.2
