0.773
73.9
0.800
47.1
0.766
271
0.860
39.2
0.922
42.4
0.782
39.4
0.874
42.2
0.772
46.9
0.804
46.9
0.782
40.3
0.758
44.4
0.774
41.7
0.922
43.0
0.754
43.8
0.765
48.1
0.851
45.8
0.721
39.9
0.809
38.3
0.903
57.0
0.780
37.9
0.725
40.1
0.789
57.0
0.795
49.3
0.837
49.1
0.749
38.6
0.900
46.7
0.736
48.7
0.795
58.7
0.743
51.0
0.702
46.4
0.824
63.3
0.792
39.7
0.840
60.4
0.729
47.2
0.773
50.6
0.824
43.1
0.812
46.8
0.706
50.7
0.791
48.2
0.750
62.0
0.779
61.9
0.836
57.6
0.812
57.6
0.784
55.9
0.741
47.8
0.776
51.4
0.737
50.1
0.778
44.2
0.722
43.9
0.701
64.3
0.711
48.2
0.732
50.5
0.736
49.6
0.759
40.4
0.741
48.1
0.944
39.4
0.681
45.6
0.857
72.8
0.763
45.7
0.746
38.2
0.798
47.5
0.926
38.9
0.792
50.8
0.802
*
0.733
60.8
0.761
42.6
0.828
42.5
0.765
45.8
0.819
42.5
0.797
41.6
0.714
48.2
0.771
48.3
0.754
62.0
0.737
61.9
0.850
48.8
