0.856
69.2
0.722
91.1
0.858
62.0
0.790
76.2
0.821
80.5
0.771
70.9
0.767
66.8
0.717
67.9
0.727
61.8
0.805
64.7
0.738
69.6
0.767
79.5
0.678
62.8
0.918
65.6
0.902
65.8
0.747
75.3
0.718
62.6
0.780
82.3
0.825
59.9
0.824
73.8
0.763
66.0
0.749
59.0
0.763
61.4
0.756
63.0
0.774
98.2
0.705
70.9
0.721
58.5
0.776
69.1
0.734
63.0
0.742
63.8
0.775
59.3
0.739
66.5
0.809
67.0
0.769
67.1
0.770
71.8
0.747
71.4
0.757
65.3
0.753
61.6
0.745
63.3
0.756
64.9
0.763
62.0
0.758
62.5
0.711
64.6
0.706
63.2
0.742
65.8
0.756
68.5
0.702
60.6
0.742
72.2
0.720
61.4
0.770
60.7
0.744
64.9
0.798
61.9
0.763
65.1
0.801
78.0
0.806
62.9
0.785
64.7
0.712
58.7
0.789
64.9
0.709
66.6
0.736
68.7
0.798
65.3
0.721
60.1
0.740
62.4
0.750
*
0.902
65.3
0.810
62.3
0.828
74.4
0.743
62.5
0.790
61.4
0.743
69.8
0.766
70.3
0.721
61.3
0.715
74.6
0.743
70.5
0.771
74.4
