0.886
72.3
0.721
60.5
0.953
77.0
0.797
64.9
0.886
80.7
0.743
62.1
0.830
62.5
0.803
47.8
0.720
79.0
0.818
60.0
0.704
62.0
0.685
73.5
0.732
58.0
0.709
57.1
0.804
70.0
0.815
79.1
0.729
79.0
0.776
61.1
0.791
66.7
0.711
60.7
0.705
56.4
0.782
62.8
0.713
62.7
0.732
64.0
0.851
61.6
0.746
72.6
0.793
55.9
0.745
57.9
0.728
60.6
0.752
58.3
0.727
61.7
0.784
68.7
0.755
61.2
0.732
78.4
0.746
61.0
0.785
56.5
0.765
62.2
0.745
66.0
0.704
63.8
0.729
59.3
0.765
57.6
0.783
78.1
0.757
65.5
0.839
68.4
0.750
55.4
0.960
49.8
0.774
63.5
0.767
61.9
0.692
78.0
0.708
58.9
0.678
60.9
0.669
46.6
0.742
60.9
0.764
62.6
0.703
49.3
0.754
70.3
0.734
61.8
0.765
58.8
0.696
50.9
0.883
60.4
0.700
61.2
0.760
66.7
0.730
63.6
0.782
80.6
0.733
75.5
0.799
62.0
0.768
59.6
0.702
60.6
0.774
78.0
0.744
59.0
0.782
67.4
0.743
62.4
0.776
61.8
0.850
61.8
0.782
76.4
