0.936
67.1
0.796
67.0
0.945
*
0.876
54.4
0.813
63.6
0.801
44.9
0.806
59.3
0.819
68.5
0.782
53.6
0.800
48.5
0.817
78.6
0.772
50.5
0.743
62.4
0.715
49.1
0.815
74.2
0.798
57.4
0.740
57.8
0.792
64.5
0.784
56.2
1.03
68.2
0.766
61.2
0.856
93.8
0.777
66.0
0.879
56.4
0.781
56.0
0.750
45.9
0.859
70.4
0.752
90.0
0.754
48.9
0.734
70.2
0.837
149
0.767
51.1
0.862
91.9
0.782
54.9
0.752
46.5
0.818
62.5
0.831
83.4
0.786
47.6
0.802
70.2
0.770
95.8
0.839
153
0.858
*
0.780
89.0
0.794
45.5
0.742
48.8
0.797
47.3
0.848
62.1
0.787
48.8
0.766
48.6
0.919
89.0
0.786
57.5
0.762
70.7
0.805
66.5
0.818
48.8
1.19
80.5
0.852
64.4
0.748
74.6
0.790
85.0
0.738
45.1
0.744
64.8
0.740
54.0
0.752
54.2
0.737
55.3
0.803
*
0.734
91.8
0.771
53.9
0.819
47.0
0.744
75.7
0.891
43.5
0.733
60.8
0.812
63.3
0.773
46.2
0.762
151
0.777
89.9
0.876
58.8
