0.828
91.8
0.727
100
0.771
73.5
0.873
77.1
0.822
79.0
0.793
76.4
0.803
80.1
0.736
87.7
0.757
77.1
0.815
126
0.750
83.2
0.685
77.8
0.693
80.4
0.728
77.4
0.747
80.2
0.780
81.8
0.674
85.0
0.706
85.0
0.800
74.4
0.713
70.8
0.715
76.8
0.729
69.5
0.774
75.3
0.729
95.0
0.714
82.9
0.753
75.8
0.737
82.4
0.754
64.8
0.718
77.3
0.685
79.1
0.771
80.3
0.771
76.4
0.810
66.8
0.767
75.6
0.784
76.2
0.900
73.5
0.771
75.8
0.826
76.9
0.807
70.6
0.766
70.7
0.823
72.7
0.836
66.6
0.908
70.2
0.840
78.5
0.785
78.5
0.781
85.8
0.787
88.2
0.738
84.2
0.771
77.5
0.714
68.0
0.678
84.0
0.703
99.8
0.873
76.6
0.730
90.9
0.843
74.9
0.852
75.5
0.714
73.1
0.734
67.4
0.746
86.5
0.718
80.6
0.803
75.3
0.684
73.8
0.745
81.3
0.860
80.9
0.754
66.1
0.786
82.0
0.821
77.9
0.743
80.7
0.754
78.7
0.756
89.3
0.758
79.8
0.823
83.6
0.844
91.7
0.763
67.2
0.726
75.5
