0.788
60.4
0.726
57.3
0.694
80.5
0.803
53.4
0.805
51.7
0.748
45.6
0.733
52.6
0.770
50.0
0.700
48.5
0.782
50.0
0.736
53.7
0.760
55.9
0.734
60.0
0.722
51.6
0.769
59.8
0.725
55.6
0.731
55.5
0.748
51.5
0.796
51.1
0.732
52.6
0.741
54.9
0.744
54.6
0.773
46.8
0.755
51.0
0.714
54.0
0.700
51.1
0.731
55.2
0.662
53.7
0.701
49.2
0.700
53.6
0.765
53.2
0.697
51.9
0.770
56.8
0.719
56.6
0.749
44.9
0.767
61.8
0.780
51.6
0.696
55.3
0.777
56.3
0.743
53.3
0.750
52.9
0.799
49.4
0.772
67.7
0.720
46.2
0.661
47.6
0.733
47.9
0.705
57.4
0.818
51.8
0.713
48.4
0.739
52.2
0.704
63.8
0.683
59.4
0.807
55.2
0.797
51.7
0.772
49.0
0.750
65.6
0.759
51.0
0.769
53.3
0.750
55.7
0.713
55.7
0.812
60.7
0.744
72.1
0.744
60.4
0.746
*
0.686
49.8
0.819
56.4
0.781
51.7
0.684
58.0
0.747
52.5
0.714
49.5
0.788
59.5
0.723
48.9
0.776
52.3
0.730
53.4
0.753
60.2
