0.873
63.8
0.856
69.4
0.737
60.5
0.819
58.6
0.834
61.8
0.836
72.3
0.755
57.1
0.772
55.6
0.765
68.0
0.742
63.1
0.703
57.3
0.793
58.6
0.697
63.3
0.786
55.9
0.819
64.3
0.803
60.0
0.725
59.7
0.763
57.0
0.796
57.6
0.794
64.1
0.750
62.9
0.811
65.6
0.745
68.7
0.786
58.6
0.697
58.9
0.764
62.9
0.813
63.0
0.779
60.4
0.698
54.5
0.711
62.9
0.712
66.8
0.741
65.8
0.795
55.6
0.744
61.2
0.813
56.6
0.776
61.7
0.750
65.6
0.754
61.5
0.773
71.9
0.756
61.2
0.752
60.1
0.788
59.6
0.787
60.7
0.716
58.1
0.721
59.0
0.734
58.7
0.809
61.9
0.760
57.4
0.756
63.7
0.732
64.1
0.749
69.5
0.694
59.5
0.911
61.7
0.791
70.1
0.824
63.4
0.792
70.0
0.744
62.0
0.826
63.1
0.753
58.4
0.798
55.3
0.812
54.5
0.710
59.2
0.785
61.2
0.857
*
0.765
75.2
0.809
69.2
0.804
53.9
0.743
65.7
0.754
71.0
0.732
66.9
0.809
63.4
0.806
61.1
0.746
64.3
0.780
58.0
0.797
67.8
