0.841
61.6
0.779
62.1
0.775
121
0.864
62.0
0.801
66.3
0.815
73.0
0.775
66.7
0.923
80.2
0.678
66.0
0.839
59.8
0.744
64.7
0.712
63.3
0.731
60.0
0.785
61.5
1.04
73.9
0.747
81.6
0.746
66.8
0.775
97.4
0.967
59.2
0.812
66.6
0.763
61.8
0.818
54.4
0.763
62.9
0.816
62.2
0.902
66.1
0.744
68.4
0.800
60.7
0.773
58.9
0.762
86.4
0.740
69.9
0.766
62.2
0.791
63.2
0.860
65.5
0.733
71.3
0.794
73.4
0.782
61.7
0.807
62.4
0.739
66.9
0.750
62.3
0.845
63.0
0.988
65.6
0.860
60.0
0.725
67.9
0.784
72.7
0.672
67.5
0.753
80.4
0.765
84.3
0.823
59.6
0.924
62.3
0.747
61.1
0.720
67.0
0.765
84.9
0.873
67.1
0.797
63.4
0.808
65.6
0.849
80.3
0.720
72.4
0.825
60.9
0.760
82.4
0.795
64.0
0.796
72.6
0.698
62.8
0.710
87.5
0.765
64.2
0.717
59.1
0.705
60.4
0.785
62.9
0.682
60.1
0.773
76.0
0.661
73.1
0.791
59.8
0.700
55.6
0.732
58.9
0.719
63.6
0.736
61.4
