0.921
57.9
0.782
52.1
0.804
47.4
0.862
51.9
0.808
61.7
0.895
67.0
0.808
60.9
0.834
51.9
0.748
49.0
0.810
48.1
0.794
54.2
0.806
73.7
0.754
52.5
0.834
46.7
0.803
56.0
0.819
56.2
0.768
60.7
0.810
49.1
0.845
48.7
0.865
49.2
0.697
53.5
0.739
102
0.813
107
0.808
104
0.781
98.3
0.800
101
0.771
97.8
0.920
49.3
0.768
104
0.769
86.2
0.779
108
0.725
82.5
0.793
49.8
0.764
81.9
0.768
106
0.790
90.0
0.988
85.1
0.774
100
0.772
90.9
0.754
51.3
0.804
102
0.831
44.5
0.854
51.3
0.760
100
1.00
97.6
0.835
123
0.761
104
0.790
105
0.757
97.1
0.744
51.2
0.905
88.4
0.759
112
0.790
84.5
0.786
98.8
0.775
84.4
0.877
82.8
0.772
86.7
0.805
48.4
0.775
101
0.749
91.0
0.775
108
0.742
95.1
0.782
93.4
0.745
81.1
0.749
57.7
0.797
87.5
0.788
84.4
0.754
82.9
0.836
102
0.726
92.4
0.811
88.1
0.747
82.7
0.826
105
0.836
45.1
0.766
81.5
