0.926
51.7
0.775
89.2
0.971
*
0.849
65.7
0.794
78.5
0.811
81.9
0.801
88.9
0.812
80.4
0.974
80.7
0.813
72.7
0.724
51.6
0.816
49.6
0.714
83.2
0.724
75.8
0.827
47.1
0.814
82.2
0.751
188
0.690
75.5
0.946
54.3
0.869
58.3
0.763
49.7
0.834
112
0.823
93.3
0.798
81.1
0.692
101
0.734
66.6
0.824
75.0
0.868
55.1
0.834
65.6
0.760
65.6
0.743
47.6
0.877
59.5
0.759
220
0.774
129
0.837
53.9
0.777
60.0
0.873
65.3
0.761
69.2
0.800
60.1
0.830
55.3
0.997
65.9
0.806
72.3
0.825
47.4
0.784
53.1
0.830
57.5
0.788
51.9
0.809
52.9
0.749
58.8
0.716
112
0.777
60.8
0.729
54.9
0.715
71.3
0.800
71.5
0.837
70.9
0.828
81.0
0.822
52.0
0.679
46.4
0.764
47.6
0.757
57.3
0.754
95.9
0.771
61.9
0.710
66.3
0.706
50.4
0.755
51.6
0.712
60.7
0.922
60.7
0.791
70.0
0.895
63.1
0.800
61.4
0.703
63.1
0.789
51.0
0.801
51.1
0.795
67.3
0.783
49.1
0.804
68.6
