0.826
54.0
0.768
54.0
0.776
*
0.825
56.0
0.863
58.7
0.799
64.5
0.809
56.5
0.765
59.9
0.753
59.8
0.765
58.2
0.663
69.6
0.742
58.8
0.694
58.8
0.692
55.1
0.753
60.5
0.737
60.3
0.727
62.0
0.779
56.8
0.815
59.9
0.774
52.4
0.682
60.3
0.730
58.7
0.790
54.7
0.703
60.9
0.692
62.9
0.736
59.0
0.793
58.2
0.738
63.0
0.969
59.9
0.742
60.4
0.706
63.8
0.698
58.4
0.773
58.3
0.752
56.8
0.885
58.1
0.770
63.0
0.727
54.9
0.685
64.3
0.740
79.2
0.773
59.9
0.778
54.4
0.871
70.3
0.823
60.7
0.703
54.2
0.737
58.4
0.701
66.7
0.783
57.8
0.764
55.2
0.711
59.1
0.670
54.5
0.683
64.8
0.707
63.3
0.753
58.0
0.789
65.5
0.715
57.6
0.778
65.4
0.716
59.7
0.760
55.7
0.710
53.3
0.714
61.2
0.806
54.8
0.732
55.2
0.768
59.2
0.734
*
0.742
56.7
0.800
64.2
0.785
62.0
0.686
59.4
0.781
58.8
0.716
54.3
0.697
59.5
0.805
54.0
0.725
54.8
0.760
58.7
0.727
57.4
