0.907
67.6
0.808
80.2
0.776
70.0
0.881
82.5
0.842
69.9
0.880
57.3
0.811
67.7
1.05
59.0
0.828
65.4
0.799
70.6
0.728
68.0
0.798
69.8
0.917
53.0
0.782
60.2
0.780
51.5
0.822
57.9
0.808
75.8
0.851
68.8
0.833
67.4
0.857
56.1
0.756
55.2
0.810
68.6
0.814
84.6
0.833
67.9
0.749
68.0
0.973
62.5
0.751
70.9
0.776
67.3
0.672
67.3
0.777
63.8
0.735
69.4
0.724
76.1
0.965
71.9
0.743
52.0
0.808
50.6
0.732
74.1
0.744
68.3
0.698
119
0.800
108
0.750
89.1
0.750
85.1
0.834
106
0.857
88.0
0.775
87.9
0.746
71.0
0.705
70.8
0.730
62.3
0.756
68.5
0.794
109
0.778
88.8
0.718
92.5
0.743
70.1
0.832
71.2
0.777
74.3
0.839
71.9
0.873
65.9
0.712
84.4
0.833
84.4
0.729
65.6
0.740
71.1
0.795
114
0.773
77.3
0.761
72.2
0.759
72.4
0.786
82.9
0.827
69.8
0.835
73.5
0.788
67.0
0.763
57.3
0.742
83.0
0.785
76.9
0.771
70.3
0.719
96.4
0.752
94.6
0.759
61.0
