0.822
46.3
0.786
53.3
0.825
48.4
0.841
50.1
0.788
58.8
0.824
46.2
0.808
60.6
0.769
53.2
0.751
51.9
0.867
49.1
0.748
49.4
0.751
55.1
0.733
48.2
0.707
55.7
0.820
51.4
0.786
60.2
0.720
50.9
0.954
70.3
0.792
54.6
0.774
49.3
0.679
63.8
0.848
46.0
0.805
52.6
0.748
51.4
0.675
46.0
0.704
112
0.818
107
0.704
75.7
0.733
55.6
0.761
52.1
0.679
55.2
0.757
53.5
0.842
54.8
0.723
56.0
0.738
52.0
0.748
58.7
0.814
51.9
0.691
52.2
0.736
54.1
0.734
52.5
0.726
52.5
0.749
54.1
0.771
51.0
0.770
52.6
0.723
49.3
0.760
69.3
0.808
51.4
0.738
50.8
0.756
46.6
0.743
46.1
0.707
55.3
0.670
58.4
0.816
59.0
0.736
54.9
0.846
51.9
0.798
54.5
0.741
46.6
0.785
48.8
0.764
53.3
0.775
46.2
0.768
63.2
0.722
48.5
0.703
56.2
0.767
48.8
0.742
52.3
0.759
66.8
0.777
53.2
0.711
56.8
0.745
63.5
0.711
57.8
0.794
55.3
0.785
56.8
0.751
75.9
0.755
52.1
0.750
47.9
