0.931
63.1
0.720
65.9
0.808
71.8
0.867
57.1
0.866
57.0
0.874
63.5
0.813
66.4
0.830
72.5
0.699
55.0
0.771
95.3
0.944
64.0
0.775
67.5
0.743
60.5
0.781
61.8
0.837
75.6
0.754
72.8
0.708
54.7
0.808
98.2
0.754
62.8
0.936
61.8
0.703
57.0
0.765
75.6
0.736
85.3
0.711
61.7
0.730
58.5
0.932
63.8
0.753
67.5
0.783
69.0
0.696
64.7
0.715
57.3
0.699
77.4
0.712
62.8
0.781
80.2
0.703
63.4
0.795
64.7
0.771
62.2
0.759
58.0
0.713
66.0
0.981
78.5
0.741
71.4
0.785
60.0
0.795
71.0
0.759
74.9
0.857
64.6
0.695
65.5
0.703
63.8
0.777
59.7
0.746
65.3
0.743
57.0
0.751
78.0
0.777
86.5
0.728
61.9
0.762
64.0
0.759
61.3
0.763
74.9
0.771
61.3
0.719
66.1
0.760
76.7
0.735
69.1
0.718
70.2
0.849
59.0
0.744
59.3
0.790
60.3
0.748
*
0.739
73.1
0.767
69.5
0.756
62.1
0.927
61.5
0.876
76.8
0.699
62.9
0.725
61.7
0.789
68.6
0.747
62.3
0.687
73.1
0.720
55.5
