0.816
57.0
0.758
56.8
0.750
*
0.808
55.6
0.774
60.2
0.843
54.9
0.751
71.5
0.786
67.5
0.715
51.1
0.793
58.1
0.726
56.1
0.739
52.7
0.745
55.9
0.766
55.2
0.809
59.3
0.832
57.2
0.729
61.5
0.773
58.6
0.825
66.5
0.789
50.4
0.713
68.0
0.768
55.2
0.814
49.9
0.833
68.3
0.714
54.6
0.781
61.5
0.772
64.2
0.734
56.9
0.792
56.8
0.668
59.1
0.696
70.9
0.747
56.5
0.799
61.9
0.708
57.5
0.738
74.5
0.789
65.6
0.762
70.4
0.732
66.3
0.829
61.0
0.771
69.9
0.769
73.8
0.804
49.6
0.786
56.1
0.688
67.7
0.726
54.6
0.778
58.4
0.823
53.6
0.751
54.3
0.732
67.8
0.706
56.6
0.723
61.5
0.751
72.2
0.786
61.5
0.788
57.5
0.773
56.6
0.885
54.4
0.731
68.8
0.794
51.7
0.681
57.3
0.731
51.5
0.755
55.1
0.702
59.0
0.694
53.9
0.771
57.4
0.750
53.0
0.749
59.6
0.791
60.7
0.714
50.0
0.742
61.8
0.713
60.6
0.775
51.7
0.811
56.7
0.736
67.8
0.778
68.7
0.808
55.1
