1.10
47.1
0.737
59.6
0.757
47.0
0.841
43.3
0.787
45.8
0.833
42.6
0.806
42.8
0.800
51.0
0.753
46.6
0.802
49.2
0.658
48.7
0.721
44.6
0.736
45.3
0.751
45.7
0.714
50.1
0.783
46.8
0.775
52.1
0.819
60.3
0.898
44.9
0.862
46.7
0.901
47.0
0.794
52.2
0.842
44.9
0.825
43.3
0.760
46.5
0.770
47.5
0.890
46.8
0.769
49.9
0.723
55.1
0.705
45.5
0.780
43.0
0.792
42.8
0.887
46.5
0.819
43.2
0.750
52.4
0.814
76.6
0.756
58.1
0.769
116
0.817
79.1
0.792
42.6
0.724
67.8
0.893
55.6
0.799
49.0
0.760
51.9
0.906
68.6
0.736
54.9
0.823
54.7
0.756
59.9
0.768
73.6
0.750
47.7
0.879
60.1
0.785
58.4
0.856
58.9
0.813
57.7
1.03
51.4
0.845
58.7
0.766
66.0
0.854
47.2
0.775
68.7
0.756
59.5
0.965
52.3
0.774
65.5
0.832
67.1
0.821
60.0
0.732
51.2
0.778
53.2
0.837
58.0
0.754
56.5
0.805
60.2
0.705
56.2
0.745
60.6
0.783
57.0
0.768
59.4
0.768
52.1
0.769
69.1
