0.818
75.5
0.702
92.4
0.779
94.4
0.809
77.2
1.08
85.8
0.796
73.6
0.766
84.1
0.776
80.4
0.764
82.4
0.746
82.5
0.655
80.2
0.922
77.4
0.692
87.8
0.675
92.4
0.798
76.7
0.791
97.3
0.953
85.2
0.960
81.8
0.805
76.7
0.814
78.8
0.707
82.3
0.790
61.5
0.773
91.0
0.788
82.0
0.763
75.6
0.736
73.6
0.826
79.6
0.789
58.3
0.771
83.2
0.919
80.0
0.700
74.2
0.784
79.4
0.792
58.1
0.762
80.1
0.792
89.1
0.766
81.7
0.770
81.3
0.746
82.7
0.781
77.9
0.708
75.7
0.763
82.1
0.766
69.7
0.750
73.3
0.899
83.2
0.766
76.2
0.683
136
0.775
119
0.764
97.0
0.648
78.3
0.786
281
0.736
88.0
0.692
105
0.686
84.6
0.739
81.5
0.787
99.2
0.697
84.5
0.688
75.3
0.763
81.3
0.709
81.5
0.904
77.1
0.713
82.8
0.757
79.7
0.722
77.3
0.792
78.8
0.693
74.6
0.941
84.1
0.823
89.0
0.726
79.2
0.724
82.7
0.718
78.4
0.776
74.0
0.804
80.4
0.820
94.8
0.838
81.8
0.793
73.7
