0.865
50.7
0.733
48.6
0.792
63.9
0.829
69.2
0.781
71.6
0.784
54.2
0.771
52.6
0.736
64.2
1.10
70.2
0.767
56.8
0.750
51.4
0.735
49.3
0.697
54.9
0.770
47.7
0.724
57.0
0.819
68.2
0.761
71.2
0.730
50.3
0.937
51.0
0.753
48.4
0.752
59.0
0.790
63.5
0.837
85.5
0.864
63.4
0.763
50.3
0.732
59.2
0.790
59.9
0.744
82.2
0.761
53.4
0.721
52.5
0.870
62.2
0.674
49.3
0.750
66.7
0.725
59.3
0.783
72.3
0.789
54.1
0.743
51.1
0.705
53.4
0.756
58.7
0.732
84.4
0.753
62.1
0.780
65.8
0.762
69.3
0.890
64.8
0.706
56.8
0.705
69.4
0.720
125
0.722
98.4
0.691
97.9
0.699
77.1
0.689
61.1
0.894
79.0
0.815
53.9
0.799
47.2
0.837
77.5
0.810
53.0
0.730
48.4
0.775
53.0
0.782
54.5
0.670
60.5
0.778
62.6
0.689
47.9
0.692
59.1
0.751
52.9
0.802
56.5
0.772
57.3
0.731
55.9
0.676
51.9
0.772
57.1
0.678
73.1
0.796
52.0
0.803
48.0
0.749
81.8
0.732
73.4
0.714
51.0
