0.849
66.7
0.705
58.4
0.752
81.0
0.838
63.5
0.760
60.5
0.771
62.7
0.771
83.6
0.764
70.2
0.696
95.9
0.801
66.5
0.723
63.9
0.767
68.5
0.763
63.4
0.748
80.6
0.783
64.4
0.796
67.4
0.727
59.9
0.791
64.0
0.804
83.3
0.838
58.5
0.725
64.4
0.784
64.6
0.772
67.0
0.780
63.8
0.771
74.8
0.773
61.3
0.733
61.6
0.793
67.8
0.733
69.9
0.711
61.6
0.721
71.4
0.713
67.3
0.803
64.7
0.716
69.1
0.873
58.7
0.787
70.4
0.759
62.6
0.747
67.2
0.816
64.9
0.753
71.4
0.755
67.1
0.752
68.4
0.795
68.3
0.750
60.3
0.768
68.3
0.660
57.2
0.741
62.2
0.747
63.2
0.738
62.5
0.696
78.0
0.709
61.7
0.780
63.1
0.823
82.9
0.771
70.8
0.749
59.8
0.710
57.7
0.769
61.7
0.813
72.8
0.785
67.6
0.756
61.7
0.816
62.0
0.747
57.4
0.705
58.7
0.754
66.8
0.757
86.6
0.773
57.4
0.766
73.4
0.697
64.9
0.765
62.1
0.716
76.2
0.779
65.8
0.701
63.2
0.743
69.7
0.728
63.0
0.766
66.8
