0.839
59.8
0.777
65.2
0.773
139
0.862
60.6
0.839
98.8
0.797
69.3
0.767
74.5
0.753
71.7
0.749
73.2
0.787
67.4
0.728
60.7
0.764
73.9
0.741
61.3
0.763
73.6
0.773
61.7
0.804
78.7
0.745
68.0
0.895
69.8
0.800
79.7
0.813
60.7
0.712
66.2
0.777
72.0
0.942
61.9
0.790
61.8
0.793
58.3
0.798
70.5
0.828
75.6
0.764
76.1
0.691
77.6
0.714
67.4
0.663
64.9
0.711
57.4
0.793
64.6
1.02
71.3
0.740
74.3
0.810
60.7
0.741
64.1
0.666
61.8
0.721
65.8
0.755
61.7
0.798
65.0
0.845
64.8
0.741
71.9
0.728
77.2
0.729
75.5
0.732
72.9
0.766
68.2
0.831
79.1
0.732
60.1
0.751
64.9
0.729
64.2
0.755
82.6
0.972
63.7
0.752
63.3
0.805
68.1
0.801
65.3
0.751
63.7
0.711
60.0
0.702
71.1
0.743
64.3
0.757
77.6
0.749
69.4
0.729
70.3
0.781
*
0.784
57.9
0.794
63.0
0.951
65.4
0.680
67.6
0.766
72.6
0.701
60.1
0.722
73.2
0.836
62.4
0.781
63.1
0.702
67.2
0.727
76.8
