0.967
77.1
0.792
85.9
0.812
*
0.788
80.3
0.806
97.8
1.15
84.0
0.873
77.9
0.794
81.7
0.932
80.2
0.827
85.1
0.727
73.2
0.751
85.6
0.761
76.9
0.776
79.0
0.795
79.2
0.821
87.7
0.782
86.2
0.813
86.6
0.811
70.8
0.839
82.1
0.737
80.3
0.847
87.3
0.742
85.6
0.823
76.3
0.751
80.4
0.725
77.9
0.788
87.6
0.764
88.1
0.775
82.1
0.796
82.6
0.783
91.3
0.719
82.4
0.801
85.8
0.758
78.1
0.802
79.0
0.950
81.3
0.701
82.2
0.747
82.7
0.852
69.5
0.782
89.5
0.774
87.1
0.912
83.8
0.752
89.5
0.737
82.1
0.711
83.5
0.777
100
0.783
86.6
0.760
77.4
0.753
67.8
0.945
93.4
0.727
84.4
0.684
85.6
0.773
81.0
0.802
85.9
1.01
79.2
0.829
87.0
0.775
81.1
0.782
85.2
0.758
92.6
0.753
77.6
0.787
105
0.941
75.1
0.721
95.3
0.794
83.8
0.676
81.9
0.802
112
0.954
78.5
0.681
81.2
0.834
85.7
0.670
86.4
0.767
83.4
0.720
74.4
0.818
92.5
0.703
89.5
0.810
75.2
