0.860
68.7
0.799
91.5
0.784
*
0.814
77.9
0.797
76.0
0.811
69.2
0.722
77.1
0.745
93.1
0.724
73.5
0.817
56.0
0.767
68.8
0.730
74.6
0.720
57.5
0.754
72.3
0.740
57.4
0.778
74.2
0.749
59.1
0.817
59.0
0.806
74.0
0.796
67.4
0.789
68.7
0.765
56.7
0.773
95.1
0.976
58.9
0.758
82.7
0.768
74.3
0.772
71.1
0.776
52.9
0.721
72.4
0.842
67.7
0.910
56.3
0.738
58.5
0.799
54.8
0.751
74.2
0.736
69.0
0.751
80.6
0.785
64.5
0.772
63.8
0.814
80.7
0.701
49.9
0.686
61.7
0.778
53.4
0.935
46.6
0.819
79.8
0.789
71.4
0.726
73.6
0.744
73.7
0.793
71.6
0.705
68.2
0.739
49.7
0.961
65.4
0.847
75.9
0.851
70.8
0.850
70.5
0.810
71.2
0.776
73.6
0.747
58.5
0.782
51.2
0.732
72.0
0.742
74.3
0.779
75.8
0.695
76.3
0.725
70.0
0.794
*
0.918
50.4
0.737
61.6
0.784
64.1
0.755
73.3
0.800
72.6
0.745
81.4
0.799
61.9
0.748
55.8
0.754
51.6
0.771
66.0
0.740
64.5
