0.877
93.5
0.729
93.3
0.766
86.0
0.817
102
0.889
96.9
0.818
91.9
0.799
92.3
0.835
76.1
0.773
103
0.807
96.9
0.742
88.6
0.757
81.9
0.766
78.0
0.763
90.2
0.833
74.0
0.753
*
0.757
87.2
0.755
96.3
0.734
91.9
0.945
75.9
0.801
79.8
0.782
72.9
0.765
102
0.968
79.5
0.970
93.6
0.921
88.8
0.814
81.8
0.797
78.5
0.728
92.5
0.888
84.9
0.757
79.0
0.821
99.7
0.791
75.9
0.734
82.0
0.938
89.3
0.839
91.3
0.785
85.4
0.768
82.6
0.791
90.0
0.705
86.9
0.795
82.2
0.786
311
0.763
75.4
0.732
80.9
0.740
91.8
0.721
95.6
0.791
102
0.783
87.8
0.765
85.6
0.682
304
0.733
82.3
0.717
76.0
0.741
90.4
0.767
91.4
0.885
85.8
0.917
92.2
0.689
93.6
0.780
75.4
0.718
93.3
0.913
94.0
0.791
103
0.733
94.0
0.752
77.5
0.788
73.3
0.761
77.9
0.966
94.8
0.753
83.5
0.752
80.3
0.812
*
0.781
80.6
0.919
74.4
0.798
83.8
0.787
78.9
0.802
79.9
0.816
107
