41.5
43.1
65.6
37.2
40.7
57.4
63.1
68.4
60.8
37.7
66.8
40.8
37.1
53.0
39.6
41.3
59.7
39.9
54.2
53.6
44.5
42.6
38.2
44.1
40.2
53.2
39.1
44.5
35.9
43.4
49.5
35.2
38.1
67.6
59.3
64.3
37.9
42.5
55.0
62.9
58.0
36.2
56.5
47.0
40.1
40.6
60.5
57.1
65.7
39.1
60.0
57.9
53.3
73.0
48.7
52.6
37.9
36.8
35.3
50.9
68.3
37.8
39.0
35.3
37.3
59.6
39.7
63.3
41.3
45.2
50.7
39.9
36.7
50.1
46.6
56.6
66.1
43.6
40.3
58.8
57.5
62.5
44.1
66.4
63.2
49.5
48.3
47.6
39.6
36.2
41.8
42.7
51.3
77.2
66.2
49.6
39.1
37.5
60.2
59.9
