0.963
43.7
0.837
39.9
0.837
43.4
0.869
51.5
0.808
36.4
0.784
41.6
0.761
47.2
0.811
48.0
0.809
37.3
0.883
38.9
0.699
43.7
0.749
41.8
0.974
47.1
0.830
38.5
0.756
38.3
0.804
42.8
0.738
42.4
0.743
37.0
0.751
43.8
0.802
42.3
0.715
48.9
0.710
42.9
0.795
37.0
0.763
46.5
0.755
42.9
0.706
36.8
0.768
53.0
0.805
39.5
0.797
41.9
0.770
41.4
0.786
44.1
0.768
43.0
0.823
41.1
0.712
42.6
0.791
41.7
0.811
41.2
0.807
42.2
0.706
49.8
0.782
50.3
0.721
37.7
0.781
45.4
0.763
40.0
0.746
44.0
0.933
48.1
0.735
38.1
0.690
47.5
0.785
53.7
0.741
43.2
0.703
98.3
0.717
42.7
0.748
47.9
0.716
41.3
0.776
47.6
0.842
38.5
0.913
43.4
0.797
49.9
0.949
40.5
0.842
37.3
0.666
37.8
0.737
45.1
0.758
43.3
0.804
42.1
0.718
46.3
0.769
50.1
0.751
43.9
0.771
56.0
0.752
40.8
0.762
46.3
0.864
37.1
0.727
101
0.741
45.8
0.732
36.2
1.09
41.0
0.712
43.7
0.780
53.0
