0.810
58.5
0.762
52.6
0.775
97.8
0.836
57.0
0.805
53.8
0.747
66.5
0.794
62.5
0.798
63.9
0.711
57.6
0.782
55.3
0.841
55.1
0.685
63.8
0.707
63.5
0.766
57.3
0.766
59.8
0.826
60.6
0.710
52.3
0.760
87.4
0.832
52.6
0.780
58.9
0.691
55.1
0.753
84.5
0.786
67.4
0.743
55.9
0.678
59.2
0.888
56.8
0.731
54.7
0.813
90.6
0.729
58.5
0.698
53.2
0.747
68.8
0.711
61.0
0.757
97.4
0.704
68.5
0.742
69.5
0.727
53.6
0.762
62.5
0.739
52.5
0.776
57.8
0.789
83.1
0.980
53.2
0.785
93.0
0.786
91.1
0.714
62.5
0.713
53.3
0.762
81.1
0.769
68.9
0.720
48.7
0.780
53.6
0.714
102
0.790
54.3
0.706
61.7
0.747
57.0
0.795
114
0.950
53.9
0.829
55.5
0.734
*
0.773
92.6
0.725
67.5
0.677
54.3
0.827
50.0
0.830
71.3
0.728
52.4
0.777
56.2
0.722
85.2
0.773
54.6
0.794
52.5
0.707
60.7
0.758
56.8
0.715
84.8
0.803
62.5
0.768
52.0
0.723
136
0.811
94.7
0.806
58.3
