0.774
65.9
0.776
57.7
0.738
60.9
0.752
59.0
0.779
56.5
0.763
68.4
0.765
76.4
0.792
69.3
0.712
68.2
0.865
56.6
0.783
60.2
0.757
68.0
0.720
64.2
0.737
73.8
0.738
58.8
0.772
70.3
0.726
59.6
0.841
68.2
0.775
62.6
0.799
62.0
0.713
63.3
0.786
66.4
0.892
57.2
0.779
61.2
0.774
62.5
0.716
78.9
0.751
69.3
0.726
66.8
0.723
87.7
0.856
58.3
0.744
68.0
0.719
68.0
0.749
64.8
0.736
57.8
0.799
66.7
0.768
56.9
0.788
62.8
0.738
64.5
0.762
66.8
0.829
67.5
0.725
60.6
0.795
88.6
0.782
61.6
0.709
81.8
0.727
58.6
0.666
66.7
0.784
72.1
0.709
68.3
0.753
61.7
0.716
78.3
0.686
*
0.731
67.2
0.821
58.1
0.745
61.1
0.739
57.0
0.814
61.4
0.720
57.2
0.966
71.7
0.753
66.5
0.685
58.4
0.809
60.6
0.642
53.1
0.733
60.1
0.780
57.8
0.734
80.7
0.798
64.6
0.744
61.5
0.666
61.5
0.773
60.8
0.701
61.9
0.742
59.5
0.773
58.0
0.722
90.7
0.670
60.1
0.800
59.1
