0.809
48.1
0.737
41.5
0.802
41.8
0.942
45.8
0.828
41.8
0.814
39.6
0.815
49.5
0.765
47.8
0.765
45.0
0.737
37.1
0.709
36.9
0.741
42.5
0.762
42.0
0.706
36.3
0.781
41.6
0.728
47.2
0.701
36.0
0.741
37.1
0.801
63.5
0.802
41.2
0.797
43.4
0.809
42.0
0.742
41.7
0.812
44.1
0.735
53.0
0.719
39.8
0.766
45.4
0.746
41.6
0.745
46.4
0.747
44.6
0.755
42.0
0.740
40.0
0.780
48.2
0.763
46.6
0.789
41.6
0.791
39.2
0.773
42.7
0.771
52.9
0.721
47.9
0.704
44.2
0.796
44.5
0.719
45.7
0.812
47.0
0.686
40.5
0.738
40.7
0.681
39.4
0.768
50.7
0.770
44.2
0.689
38.7
0.715
47.5
0.671
45.2
0.713
42.2
0.719
46.8
0.755
36.3
0.801
46.0
0.807
49.5
0.720
44.2
0.743
42.6
0.726
44.7
0.718
42.1
0.808
40.7
0.745
47.2
0.749
40.3
0.767
40.7
0.743
45.3
0.784
43.4
0.751
39.6
0.748
60.9
0.774
44.7
0.751
42.0
0.784
39.2
0.820
41.6
0.798
38.9
0.718
45.1
0.805
41.8
