0.815
66.0
0.779
65.8
0.886
87.8
0.776
56.3
0.753
60.9
0.842
58.6
0.794
59.3
0.746
75.3
0.712
66.3
0.782
72.5
0.703
62.8
0.745
67.3
0.714
59.7
0.726
61.2
0.765
66.5
0.727
59.6
0.706
64.2
0.803
62.1
0.720
68.5
0.807
65.2
0.808
65.7
0.802
89.2
0.752
58.6
0.803
61.5
0.768
57.4
0.891
76.7
0.754
59.8
0.713
106
0.696
57.6
0.715
57.2
0.733
94.3
0.812
66.3
0.845
91.5
0.766
64.3
0.755
65.8
0.735
67.7
0.785
83.2
0.749
63.1
0.773
61.3
0.697
87.5
0.727
96.8
0.743
91.3
0.711
92.1
0.732
71.4
0.725
63.1
0.740
64.3
0.753
60.1
0.734
64.0
0.748
62.9
0.746
93.0
0.694
75.1
0.753
63.6
0.828
72.2
0.828
62.6
0.853
61.7
0.916
61.5
0.764
62.0
0.785
94.6
0.676
62.6
0.740
57.8
0.755
64.8
0.711
65.2
0.913
63.3
0.769
*
0.909
98.5
0.900
65.3
0.921
61.3
0.748
64.9
0.772
61.2
0.723
66.3
0.775
62.2
0.804
59.9
0.796
88.2
0.741
96.0
0.797
58.9
