0.883
74.8
1.24
66.1
0.742
86.9
0.827
77.8
0.813
60.7
0.825
65.9
0.764
82.3
0.820
60.6
0.783
73.2
0.815
61.6
0.711
58.3
0.685
72.7
0.744
73.2
0.757
59.5
0.740
61.6
0.751
65.6
0.735
59.0
0.763
60.9
0.788
78.2
0.765
58.4
0.717
70.5
0.786
68.1
0.769
62.0
0.821
68.7
0.772
63.5
0.822
62.9
0.788
61.6
0.824
66.8
0.712
63.2
0.790
61.6
0.951
59.5
0.719
69.3
0.776
63.1
0.761
71.6
0.734
65.0
0.704
72.2
0.855
66.2
0.707
58.9
0.784
63.4
0.789
64.5
0.730
70.9
1.23
63.4
0.737
65.4
0.747
60.5
0.773
63.2
0.765
77.8
0.776
62.1
0.772
68.1
0.860
73.4
0.725
61.9
0.788
68.7
0.756
59.9
0.822
60.7
0.796
65.6
0.838
63.1
0.846
63.5
0.745
67.0
0.789
65.7
0.742
59.2
0.740
60.3
0.845
59.0
0.755
59.1
0.761
61.2
0.769
62.9
0.659
63.8
0.757
71.0
0.790
69.4
0.823
68.5
0.822
55.8
0.868
63.9
0.757
65.0
0.768
58.9
0.774
68.0
0.771
69.4
0.768
59.1
