57.7
53.2
63.4
62.6
63.0
45.1
51.3
56.3
58.9
55.1
55.5
56.8
60.0
53.0
55.4
49.0
64.8
58.9
49.0
45.6
61.5
61.5
76.6
49.3
57.7
42.5
60.4
53.5
65.0
60.9
40.2
48.4
63.9
53.7
65.0
56.1
65.0
59.8
42.7
56.0
61.6
58.3
51.4
59.2
57.5
66.4
54.7
60.7
53.1
57.7
58.3
51.8
54.9
60.4
56.8
70.3
58.0
52.5
60.1
40.5
43.7
58.2
48.2
67.5
47.9
58.1
63.6
63.3
60.2
56.0
46.9
63.0
60.1
41.9
49.9
53.7
64.6
66.6
62.7
55.6
56.9
58.4
65.6
71.9
76.5
42.5
42.4
42.5
57.2
57.9
57.1
52.4
56.5
42.0
64.8
41.9
55.8
68.8
56.6
61.7
