0.759
71.5
0.725
76.7
0.696
121
0.751
65.8
0.893
71.9
0.774
73.9
0.736
67.8
0.790
78.6
0.766
68.7
0.789
83.5
0.733
76.7
0.714
129
0.785
64.3
0.726
65.4
0.757
72.0
0.742
66.4
0.722
69.2
0.751
65.2
0.815
87.1
0.765
72.9
0.720
68.4
0.783
63.1
0.762
71.1
0.732
71.9
0.723
67.3
0.761
65.0
0.861
67.2
0.745
69.9
0.674
81.0
0.723
66.8
0.735
70.6
0.834
73.7
0.740
66.5
0.681
72.0
0.971
80.3
0.755
63.4
0.764
65.3
0.736
67.2
0.883
69.2
0.907
69.5
0.801
73.3
0.752
70.9
0.829
73.2
0.770
67.9
0.752
74.4
0.721
67.0
0.788
65.8
0.801
69.9
0.812
62.0
0.742
69.4
0.782
71.5
0.729
68.6
0.803
83.0
0.704
72.0
0.789
72.7
0.766
73.4
0.680
75.8
0.778
68.0
0.696
64.0
0.706
67.7
0.717
66.4
0.722
70.0
0.722
73.2
0.741
73.0
0.752
76.4
0.826
63.9
0.867
72.0
0.685
69.2
0.776
85.4
0.676
79.4
0.797
63.5
0.887
64.5
0.752
68.4
0.730
64.3
0.752
119
