0.908
45.2
0.708
57.2
0.739
64.7
0.811
46.6
0.853
47.5
0.813
47.3
0.789
48.0
0.851
79.9
0.792
76.8
0.880
48.5
0.791
57.5
0.820
50.0
0.733
57.7
0.696
46.6
0.730
47.9
0.698
89.2
0.713
98.5
0.728
53.3
0.817
52.9
0.883
57.9
0.729
47.8
0.868
44.4
0.823
44.5
0.803
51.9
0.686
58.5
0.755
63.8
0.816
46.5
0.785
46.7
0.725
47.4
0.790
46.3
0.646
51.5
0.708
44.9
0.807
52.0
1.08
48.1
0.762
79.0
0.868
48.2
0.787
49.4
0.720
51.2
0.805
48.1
0.690
45.6
0.732
46.7
0.810
112
0.747
52.1
0.728
81.9
0.730
49.4
0.674
81.4
0.684
48.4
0.826
48.3
0.728
46.2
0.908
53.3
0.740
46.6
0.751
86.4
0.786
53.3
0.794
54.7
0.876
62.9
0.853
49.8
0.681
56.5
0.770
49.5
0.748
76.5
0.811
53.2
0.765
81.5
0.740
47.6
0.741
60.4
0.788
46.7
0.698
50.9
0.807
43.4
0.855
53.0
0.780
50.4
0.816
80.2
0.766
42.1
0.789
43.7
0.789
41.8
0.788
48.3
0.745
46.5
0.797
51.1
