0.819
61.0
0.744
52.5
0.741
70.0
0.775
68.7
0.780
73.9
0.796
73.7
0.797
85.6
0.812
78.6
0.716
57.3
0.793
71.4
0.710
55.4
0.719
50.8
0.761
74.0
0.751
69.0
0.788
67.4
0.764
79.2
0.709
50.7
0.893
58.7
0.737
56.6
0.793
65.5
0.767
53.9
0.748
64.2
0.763
57.4
0.733
55.6
0.766
56.8
0.743
65.6
0.773
55.8
0.784
63.2
0.741
54.2
0.732
54.0
0.736
77.1
0.723
64.8
0.742
62.1
0.795
62.3
0.768
72.5
0.772
52.0
0.722
54.6
0.767
52.6
0.778
66.8
0.720
61.4
0.813
73.0
0.895
71.9
0.791
63.7
0.745
89.9
0.719
68.5
0.729
77.6
0.891
51.7
0.887
59.9
0.704
64.0
0.821
66.9
0.787
62.2
0.694
73.0
0.798
52.4
0.723
56.4
0.705
58.3
0.709
55.7
0.738
64.3
0.720
69.5
0.744
73.3
0.733
56.7
0.824
75.4
0.950
63.9
1.03
58.9
0.790
*
0.771
57.6
0.841
57.0
0.988
56.8
0.869
52.7
0.756
69.2
0.716
85.4
0.757
63.3
0.804
54.0
0.794
73.3
0.717
58.8
0.769
66.6
