0.927
82.3
0.861
77.3
0.837
66.0
0.814
89.5
0.772
73.5
0.805
75.1
0.786
65.2
0.816
103
0.670
70.4
0.825
82.3
0.741
64.6
0.791
75.0
0.769
72.1
0.750
63.9
0.721
71.8
0.781
67.4
0.748
75.6
0.718
67.5
0.957
66.9
0.847
64.3
0.713
73.9
0.775
60.5
0.788
73.5
0.872
75.3
0.729
74.4
0.738
67.0
0.782
80.0
0.744
61.7
0.741
65.0
0.788
67.6
0.754
67.7
0.745
76.6
0.798
66.2
0.739
67.3
0.928
102
0.845
83.9
0.752
64.5
0.791
62.3
0.853
92.7
0.758
88.5
0.759
61.6
0.774
80.1
0.818
63.2
0.774
96.1
0.757
64.3
0.733
96.6
0.796
67.0
0.788
63.5
0.746
64.6
0.688
67.3
0.733
71.8
0.666
104
0.757
67.3
0.713
67.9
0.792
71.3
0.804
63.2
0.923
64.1
0.778
85.7
0.786
94.2
0.769
66.2
0.768
68.4
0.757
75.8
0.729
69.7
0.777
78.3
0.867
64.5
0.827
66.8
0.785
67.5
0.796
65.0
0.804
75.4
0.894
76.7
0.785
65.6
0.735
66.0
0.773
63.1
0.717
64.8
0.762
95.0
