0.915
95.0
0.889
66.2
0.857
*
1.04
68.4
0.795
68.2
0.785
40.9
0.799
41.9
0.783
38.5
0.736
69.5
0.842
90.9
0.706
77.3
0.707
79.5
0.810
70.7
0.782
40.2
0.837
74.8
1.01
43.2
0.776
90.0
0.853
140
0.828
39.9
0.858
77.7
0.812
70.0
0.784
109
0.788
74.2
0.864
78.3
0.802
70.5
0.769
46.3
0.849
*
1.02
108
0.824
45.7
0.829
72.9
0.814
79.9
0.778
79.4
0.808
108
0.921
67.6
0.870
44.2
0.877
66.9
0.871
90.2
0.808
68.5
0.796
72.6
0.868
105
0.834
70.4
0.825
102
0.815
107
0.815
54.2
0.677
61.7
0.863
56.3
0.814
42.8
0.780
41.5
0.793
81.8
0.777
104
0.813
49.4
0.743
51.2
0.907
69.4
0.833
71.0
0.842
71.8
0.849
43.9
0.774
72.5
0.743
104
0.764
45.6
0.855
77.1
0.794
39.2
0.779
67.1
0.792
46.9
0.800
76.5
0.771
108
0.816
68.8
0.786
70.2
0.757
71.1
0.779
48.4
0.717
69.9
0.780
79.6
0.776
65.2
0.897
*
0.752
106
0.822
78.1
