0.882
49.5
0.787
55.9
0.773
*
0.809
47.3
0.846
58.6
0.821
70.4
0.803
70.7
0.851
78.2
0.826
60.7
0.798
47.7
0.774
63.2
0.790
55.9
0.757
57.4
0.772
60.9
0.819
60.5
0.731
67.3
0.766
63.1
0.848
51.1
0.765
52.8
0.824
55.9
0.701
77.4
0.836
54.2
0.782
49.8
0.791
50.4
0.734
78.8
0.739
60.1
0.752
47.4
0.740
61.9
0.763
55.0
0.766
50.9
0.764
53.3
0.789
45.4
1.04
44.8
0.777
52.3
0.829
58.8
0.800
54.0
0.819
47.2
0.734
46.8
0.763
62.5
0.720
43.8
0.713
48.9
0.731
52.9
0.763
56.7
0.781
62.9
0.746
50.9
0.741
46.6
0.865
46.7
0.743
65.8
0.697
73.1
0.892
47.5
0.768
48.7
0.746
68.2
1.14
54.9
0.753
43.4
0.768
46.8
0.732
56.9
0.828
54.6
0.752
44.8
0.920
52.7
0.767
49.6
0.830
59.8
0.778
61.5
0.751
52.4
0.857
49.4
0.705
43.9
0.807
47.4
0.871
47.3
0.743
47.3
0.813
45.9
0.713
66.1
0.764
51.9
0.814
45.8
0.751
48.3
0.707
47.2
0.801
51.4
