0.867
53.6
0.776
53.5
0.728
53.1
0.782
51.2
0.743
58.3
0.859
57.9
0.799
53.9
0.803
65.8
0.743
48.4
0.773
56.6
0.768
50.5
0.766
48.8
0.753
51.6
0.790
56.7
0.805
50.3
0.808
67.1
0.753
70.6
0.830
64.1
0.824
64.0
0.816
52.3
0.741
51.0
0.757
60.7
0.741
53.3
0.864
52.6
0.735
50.2
0.726
46.7
0.790
49.4
0.748
58.8
0.793
50.5
0.729
54.5
0.855
54.0
0.845
53.3
0.884
58.7
0.846
54.9
0.793
53.4
0.813
47.5
0.798
55.8
0.960
55.1
0.732
47.2
0.718
58.8
0.788
51.7
0.769
53.0
0.996
49.3
0.780
59.4
0.821
49.5
0.751
55.3
0.800
46.9
0.819
47.1
0.796
48.2
0.878
51.7
0.795
60.9
0.847
60.6
0.813
51.2
0.840
56.2
0.844
48.8
0.780
55.0
0.806
53.2
0.761
52.7
0.830
49.2
0.802
49.9
0.781
51.6
0.747
53.5
0.755
58.3
0.941
*
0.800
55.5
0.826
50.4
0.874
51.2
0.723
52.4
0.772
52.3
0.791
47.9
0.806
53.0
0.798
51.7
0.846
58.0
0.773
52.4
0.785
46.9
