0.841
51.4
0.722
51.5
0.784
103
0.730
47.9
0.747
52.3
0.971
47.0
0.728
52.1
0.793
44.5
0.744
47.9
0.779
56.9
0.694
58.0
0.778
46.4
0.728
89.8
0.730
51.2
0.917
62.0
0.771
48.0
0.726
44.5
0.757
44.3
0.789
49.7
0.809
71.1
0.762
44.8
0.765
89.3
0.769
43.2
0.822
47.3
0.755
58.7
0.747
48.4
0.814
61.8
0.796
89.8
0.747
48.0
0.732
46.3
0.769
82.1
0.730
90.4
0.798
84.4
0.687
49.7
0.958
44.0
0.803
42.9
0.764
52.1
0.790
49.1
0.787
51.6
0.759
89.7
0.905
86.8
0.815
83.0
0.828
94.6
0.740
55.0
0.771
50.4
0.733
48.7
0.787
41.4
0.737
44.3
0.688
50.1
0.773
83.5
0.761
63.0
0.717
54.9
0.761
52.0
0.783
45.0
0.815
46.2
0.794
70.0
0.746
87.6
0.798
92.1
0.774
50.8
0.707
48.1
0.756
49.7
0.737
43.1
0.751
47.6
0.806
51.7
0.754
84.9
0.780
49.1
0.817
49.5
0.914
50.8
0.778
46.7
0.723
41.4
0.768
46.9
0.795
46.4
0.732
83.8
0.693
92.4
0.784
44.8
