0.811
52.6
0.709
48.0
0.807
76.1
0.778
51.1
0.800
48.1
0.843
54.6
0.698
53.3
0.798
68.1
0.749
53.0
0.800
47.8
0.707
62.7
0.760
57.5
0.763
47.4
0.815
48.5
0.816
47.2
0.812
54.2
0.702
55.7
0.878
51.5
0.818
51.8
0.798
51.6
0.712
52.5
0.764
53.4
0.892
56.7
0.881
52.9
0.832
46.8
0.769
58.0
0.859
55.5
0.789
53.6
0.708
50.0
0.832
47.9
0.830
68.0
0.773
54.2
0.831
52.5
0.800
50.1
0.784
65.1
0.976
53.7
0.823
53.6
0.709
54.6
0.778
53.7
0.792
70.5
0.787
68.9
0.717
54.9
0.770
66.0
0.711
59.2
0.875
62.5
0.755
57.2
0.793
53.7
0.796
59.8
0.835
55.4
0.743
52.1
0.752
58.3
0.714
60.1
0.864
54.5
0.953
51.3
0.773
58.3
0.826
54.5
0.684
58.0
0.776
54.7
0.675
58.6
0.763
47.7
0.846
54.6
0.773
52.9
0.914
53.2
1.08
73.3
0.795
57.3
0.796
51.3
0.821
50.7
0.753
48.4
0.791
45.9
0.956
56.9
0.736
57.6
0.767
52.8
0.773
62.9
0.712
69.2
0.737
56.4
