0.843
60.8
0.790
64.1
0.806
69.2
0.855
67.3
0.751
60.8
0.774
67.2
0.735
60.7
0.791
59.8
0.743
65.0
0.806
57.8
0.692
58.4
0.898
66.0
0.778
65.7
0.715
63.6
0.735
58.2
0.876
61.8
0.714
69.2
0.804
61.0
0.764
62.6
0.848
60.9
0.753
61.2
0.792
59.5
0.762
63.8
0.802
61.8
0.791
68.3
0.707
68.6
0.734
57.8
0.770
58.9
0.724
69.0
0.672
58.7
0.747
63.3
0.730
66.5
0.781
64.3
0.804
72.6
0.713
55.7
0.801
60.0
0.795
86.6
0.951
61.3
0.810
64.1
0.790
74.1
0.745
60.5
0.741
64.3
0.792
62.8
0.761
61.1
0.935
67.5
0.790
59.4
0.859
57.0
0.765
67.4
0.714
60.5
0.738
59.9
0.936
63.6
0.697
62.5
0.827
58.7
0.765
62.9
0.794
64.5
0.806
62.7
0.702
62.4
0.822
70.0
0.876
61.4
0.743
61.8
0.799
61.1
0.748
65.8
0.703
66.7
0.826
70.8
0.732
63.5
0.759
65.0
0.893
63.9
0.723
64.7
0.797
60.0
0.724
59.8
0.783
63.2
0.771
60.2
0.769
65.1
0.720
65.1
0.799
56.8
