0.912
53.6
0.758
57.7
0.816
*
0.847
51.7
0.794
47.7
0.862
54.4
0.812
49.1
0.785
52.7
0.744
56.5
0.800
57.8
0.739
58.6
0.785
50.2
0.730
49.1
0.786
53.4
0.918
53.9
0.734
56.5
0.752
65.5
0.922
49.5
0.795
61.2
0.874
49.2
0.750
56.4
0.777
47.6
0.780
58.0
0.722
57.2
0.723
52.2
0.761
48.3
0.856
52.4
0.801
48.9
0.754
55.7
0.717
55.4
0.707
51.6
0.818
55.0
0.844
51.3
0.747
53.9
0.843
53.3
0.800
58.0
0.854
51.8
0.765
53.8
0.828
54.1
0.762
48.5
0.758
48.6
0.766
51.2
0.783
56.3
0.739
48.1
0.786
56.0
0.802
57.1
0.781
66.6
0.761
55.2
0.783
53.2
0.872
54.1
0.801
58.6
0.802
62.6
0.828
52.8
0.738
57.9
0.848
62.0
0.795
49.6
0.872
48.2
0.840
49.6
0.759
46.8
0.907
55.4
0.911
50.3
0.740
67.2
0.754
52.4
0.967
48.3
0.762
59.8
0.809
58.5
0.828
57.0
0.744
53.0
0.892
62.2
0.794
53.6
0.783
54.9
0.875
59.2
0.788
52.6
0.689
53.4
0.800
56.3
