0.861
60.5
0.758
68.4
0.850
*
0.805
64.0
0.817
68.1
0.793
58.4
0.814
62.8
0.813
65.4
0.758
63.1
0.758
89.6
0.744
59.1
0.777
62.1
0.757
57.6
0.719
57.8
0.802
57.3
0.800
61.0
0.726
67.7
0.818
68.0
0.816
59.9
0.827
57.6
0.727
68.7
0.793
53.3
0.771
115
0.830
76.9
0.736
64.7
0.718
56.1
0.740
59.0
0.792
64.1
0.704
62.5
0.770
58.8
0.820
57.0
0.748
54.9
0.855
57.9
0.721
58.6
0.824
59.6
0.783
57.5
0.794
73.5
0.764
64.0
0.789
63.6
0.719
63.8
1.01
60.8
0.788
56.5
0.812
69.6
0.739
63.1
0.749
57.6
0.702
57.5
0.735
64.4
0.752
60.0
0.706
59.2
0.710
63.8
0.911
62.8
0.733
65.4
0.789
54.7
0.781
59.3
0.796
65.1
0.798
60.2
0.740
55.0
0.758
63.5
0.702
59.8
0.682
62.7
0.770
59.9
0.726
63.1
0.738
60.1
0.848
66.7
0.809
58.5
0.791
67.8
0.788
55.7
0.684
53.2
0.778
54.2
0.724
60.9
0.704
52.4
0.745
72.4
0.721
61.3
0.695
62.7
0.784
60.1
