0.816
67.8
0.756
61.3
0.748
70.8
0.799
64.6
0.880
69.0
0.754
62.2
0.746
62.3
0.793
58.4
0.788
71.3
0.751
64.2
0.697
58.2
0.732
62.0
0.744
58.1
0.732
66.0
0.755
70.4
0.764
60.1
0.754
67.0
0.748
61.5
0.785
62.9
0.769
69.6
0.725
64.8
0.874
58.1
0.773
59.7
0.776
64.7
0.701
66.5
0.666
64.3
0.787
56.6
0.778
63.8
0.716
57.2
0.766
51.0
0.680
57.0
0.784
61.2
0.779
61.7
0.742
83.1
0.797
61.5
0.801
64.3
0.747
58.7
0.748
70.6
0.764
67.7
0.716
59.7
0.782
73.9
0.724
75.9
0.903
57.8
0.711
57.2
0.706
68.5
0.696
45.2
0.707
56.4
0.791
58.6
0.696
58.8
0.755
63.7
0.713
61.0
0.780
47.8
0.784
61.7
0.755
63.0
0.795
62.2
0.708
63.6
0.703
66.4
0.824
59.5
0.696
46.6
0.681
70.0
0.704
57.5
0.749
59.4
0.723
64.1
0.760
61.3
0.677
59.0
0.840
62.1
0.785
59.3
0.719
57.3
0.759
74.5
0.714
55.2
0.808
72.2
0.760
*
0.787
76.3
0.700
67.8
0.751
65.2
