0.822
55.0
0.737
59.8
0.751
89.6
0.820
57.4
0.821
59.3
0.788
60.5
0.847
62.8
0.861
60.4
0.767
61.1
0.778
58.5
0.695
56.5
0.739
58.8
0.710
61.2
0.768
56.6
0.790
75.8
0.792
70.8
0.724
52.9
0.692
54.2
0.827
66.3
0.991
63.9
0.821
62.5
0.814
50.7
0.750
54.4
0.747
58.3
0.742
50.4
0.674
61.4
0.791
61.4
0.846
60.7
0.815
62.2
0.716
58.9
0.762
59.6
0.691
59.7
0.736
56.7
0.684
60.0
0.743
56.1
0.795
61.6
0.755
56.4
0.738
56.6
0.751
53.8
0.714
53.2
0.888
59.6
0.769
62.0
0.771
64.9
0.785
68.3
0.668
59.6
0.738
63.9
0.776
61.6
0.770
60.8
0.706
78.0
0.751
55.8
0.723
60.7
0.735
65.5
0.818
60.1
0.798
69.3
0.808
59.2
0.778
61.4
0.760
59.0
0.780
59.7
0.768
62.2
0.733
50.6
0.792
68.3
0.918
60.6
0.870
58.3
0.820
*
0.741
55.7
0.777
56.8
0.806
60.1
0.733
58.4
0.778
68.4
0.697
60.1
0.775
54.3
0.808
57.8
0.754
59.7
0.766
60.2
0.752
63.3
