0.888
56.2
0.733
52.7
0.812
75.0
0.853
57.0
0.802
74.3
0.807
72.4
0.819
75.7
0.747
79.4
0.701
78.1
0.807
75.5
0.767
51.5
0.810
79.8
0.761
50.7
0.719
74.5
0.754
55.0
0.813
80.7
0.727
52.7
0.813
59.0
0.823
80.2
0.765
50.4
0.736
55.2
0.754
78.8
0.817
47.4
0.778
51.9
0.732
54.2
1.11
79.2
0.743
50.8
0.822
82.1
0.734
79.0
0.765
65.2
0.714
81.3
0.749
57.8
0.762
72.1
0.788
56.8
0.695
76.8
0.813
53.3
0.776
57.1
0.907
60.9
0.768
57.3
0.799
76.1
0.795
76.8
0.800
70.7
0.988
77.0
0.694
75.3
0.728
73.9
0.852
72.6
0.740
77.6
0.815
81.3
0.730
55.3
0.720
77.7
0.681
86.3
0.880
80.5
0.705
52.1
0.778
48.7
0.801
54.8
0.759
55.5
0.727
52.6
0.909
77.3
0.755
82.2
0.716
58.6
0.767
72.7
0.761
74.0
0.739
52.1
0.760
*
0.740
73.9
0.749
53.3
0.790
50.9
0.859
56.8
0.798
77.0
0.748
75.6
0.805
67.2
0.801
53.1
0.806
82.8
0.730
77.8
0.766
58.2
