0.876
62.4
0.822
62.4
0.859
56.7
0.867
60.0
0.801
78.2
0.785
78.0
0.796
95.1
0.796
82.9
0.767
59.4
0.791
109
0.698
57.5
0.780
56.1
0.712
68.2
0.735
76.6
0.837
59.1
1.05
96.5
0.746
80.4
0.874
77.3
0.799
75.7
0.825
72.8
0.782
61.8
0.796
64.2
0.820
56.8
0.801
67.8
0.755
79.1
0.763
80.8
0.791
61.2
0.708
66.9
0.738
90.3
0.682
62.7
0.780
57.1
0.784
60.5
0.845
62.1
0.772
61.3
0.757
85.0
0.798
61.2
0.775
56.9
0.726
56.5
0.791
84.4
0.725
57.0
0.748
59.5
0.767
117
0.841
63.3
0.764
85.0
0.691
83.4
0.744
84.3
0.751
78.8
0.818
80.8
0.778
55.7
0.798
58.0
0.716
70.4
0.789
81.2
0.831
59.3
0.864
75.1
0.834
62.3
0.834
57.9
0.797
62.7
0.819
67.4
0.776
78.5
0.701
61.3
0.810
82.2
0.745
61.5
0.756
66.8
0.818
60.0
0.717
62.6
0.737
63.8
0.782
60.6
0.766
56.8
0.769
61.0
0.718
74.3
0.795
59.7
0.804
55.1
0.747
59.8
0.817
57.1
0.730
63.7
