0.826
95.8
0.802
95.3
0.848
*
0.751
110
0.802
94.4
0.775
103
0.759
81.4
0.789
95.4
0.675
93.9
0.796
102
0.761
102
0.736
83.7
0.737
86.0
0.814
86.3
0.778
86.2
0.839
101
0.694
99.9
0.814
94.2
0.778
79.8
0.804
83.6
0.774
92.3
0.786
93.1
0.723
93.5
1.88
113
0.790
94.0
0.701
101
0.899
89.9
0.953
87.2
0.864
86.2
0.656
94.1
0.730
90.1
0.753
81.9
0.782
91.0
0.680
101
0.766
99.4
0.743
93.2
0.750
81.6
0.836
109
0.734
97.7
0.709
89.7
0.746
90.7
0.828
92.0
0.743
97.2
0.699
107
0.944
97.8
0.728
99.0
0.697
97.1
0.752
104
0.711
94.7
0.725
90.9
0.737
101
0.695
109
0.741
101
0.850
92.3
0.799
95.7
0.827
88.4
0.728
89.8
0.719
85.7
0.767
94.3
0.747
93.1
0.690
95.1
0.725
94.3
0.736
101
0.806
89.7
0.747
89.3
0.770
87.5
0.765
85.3
0.740
91.0
0.759
95.0
0.762
97.3
0.935
86.2
0.771
92.3
0.831
87.3
0.725
89.9
0.816
85.9
