0.946
60.1
0.803
50.5
0.763
59.1
0.854
50.4
0.971
59.0
0.874
55.0
0.813
59.0
0.785
53.9
0.760
51.3
0.907
57.4
0.806
55.5
0.857
53.4
0.786
52.8
0.790
55.4
0.859
62.7
0.733
60.3
0.900
58.3
0.808
54.3
0.700
53.9
0.878
48.6
1.12
51.5
0.936
57.5
0.859
77.2
0.808
51.2
0.816
58.3
0.816
55.3
0.806
54.1
0.787
53.9
0.767
64.4
0.790
54.3
0.792
55.7
0.778
56.2
0.943
47.5
0.770
54.0
0.757
58.0
0.833
56.6
0.844
52.1
0.765
63.2
0.813
57.0
0.938
51.6
0.744
55.3
0.835
49.3
0.954
60.1
0.724
52.4
0.852
52.1
0.766
55.0
0.830
59.2
0.766
59.2
0.771
54.1
0.751
63.6
0.780
58.7
0.778
62.6
0.866
116
0.714
108
0.844
93.6
0.858
69.6
0.744
70.4
0.868
66.5
0.752
57.2
0.711
52.6
0.772
59.7
0.753
55.5
0.702
55.0
0.730
70.7
0.771
62.0
0.736
60.9
0.795
51.5
0.745
55.4
0.757
54.3
0.739
52.6
0.799
53.9
0.806
57.5
0.757
70.3
0.760
59.2
0.749
64.3
