0.882
63.7
0.781
58.4
0.744
64.8
0.738
59.3
0.833
64.2
0.771
58.9
0.796
59.4
0.790
81.1
0.747
64.8
0.812
56.1
0.890
59.4
0.760
58.7
0.731
61.8
0.736
64.4
0.793
61.8
0.803
61.8
0.720
67.3
0.721
59.4
0.766
65.1
0.753
63.1
0.860
55.5
0.773
57.3
0.734
58.4
0.795
62.4
0.746
56.3
0.682
63.9
0.704
61.5
0.759
60.2
0.697
65.0
0.737
62.8
0.666
69.1
0.633
60.5
0.743
64.2
0.680
57.7
0.781
66.8
0.699
62.8
0.767
58.8
0.676
62.7
0.752
62.4
0.665
62.3
0.728
59.5
0.766
62.4
0.814
61.8
0.715
60.2
0.665
66.8
0.702
60.0
0.802
55.0
0.717
64.0
0.699
66.2
0.701
58.6
0.737
80.1
0.723
71.6
0.835
62.1
0.756
65.5
0.836
63.9
0.826
59.1
0.717
57.6
0.769
57.4
0.706
63.8
0.710
65.2
0.762
70.0
0.745
74.4
0.804
62.1
0.736
59.1
0.865
61.7
0.753
65.9
0.808
63.0
0.740
68.5
0.807
63.5
0.721
59.4
0.745
58.1
0.821
59.9
0.748
71.5
0.752
57.9
0.847
57.8
