0.840
85.3
0.712
95.4
0.729
83.9
0.831
92.7
0.804
83.7
0.831
84.2
0.804
84.9
0.768
88.6
0.749
84.7
0.881
85.2
0.746
92.9
0.749
82.2
0.727
91.2
0.757
83.9
0.819
93.7
0.774
83.5
0.769
85.4
0.881
81.0
0.851
81.8
0.745
87.0
0.768
87.4
0.756
63.3
0.757
98.0
1.01
92.3
0.845
84.7
0.742
81.1
0.756
90.6
0.772
66.4
0.743
85.7
0.701
87.4
0.682
79.9
0.881
88.8
0.742
69.4
0.737
90.9
0.761
78.0
0.774
87.9
0.782
93.4
0.739
90.2
0.787
84.3
0.703
73.8
0.823
93.1
0.769
70.8
0.754
68.0
0.702
80.9
0.706
79.3
0.688
91.7
0.767
83.1
0.767
88.5
0.729
109
0.750
74.0
0.721
94.6
0.765
89.1
0.787
92.3
0.801
89.5
0.774
86.7
0.787
89.9
0.735
87.8
0.805
84.4
0.743
81.6
0.713
94.0
0.780
85.3
0.685
92.6
0.770
87.1
0.804
*
0.748
62.6
0.740
86.7
0.765
88.8
0.673
87.9
0.763
82.4
0.741
91.1
0.698
114
0.832
87.3
0.791
91.7
0.888
67.8
0.732
80.7
