0.797
71.2
0.777
55.6
0.752
246
0.828
58.7
0.769
66.5
0.785
59.5
0.778
63.4
0.896
64.5
0.769
62.1
0.814
59.1
0.650
68.1
0.790
54.5
0.752
59.8
0.891
56.0
0.838
63.9
0.761
71.3
0.694
55.4
0.799
65.8
0.710
53.6
0.760
59.5
0.725
57.4
0.770
59.6
0.793
64.9
0.758
58.6
0.773
59.6
0.706
60.6
0.754
60.6
0.756
68.2
0.946
56.4
0.732
60.3
0.739
57.5
0.709
53.4
0.784
67.4
0.922
62.0
0.763
61.9
0.788
60.2
0.783
60.1
0.722
57.3
0.797
59.9
0.757
57.0
0.728
63.4
0.766
67.3
0.769
64.5
0.722
60.6
0.748
61.8
0.663
64.3
0.768
64.0
0.751
88.0
0.717
57.4
0.669
67.7
0.679
74.1
0.701
70.1
0.714
59.1
0.835
57.5
0.714
59.3
0.688
60.2
0.700
61.2
0.751
59.9
0.756
58.3
0.738
61.9
0.775
64.3
0.743
57.6
0.741
63.3
0.757
64.0
0.694
58.4
0.810
59.2
0.797
66.0
0.778
59.7
0.748
64.3
0.730
58.3
0.740
67.2
0.730
61.8
0.765
59.2
0.924
201
0.786
58.9
