37.3
37.0
37.8
39.1
37.1
45.1
36.6
37.4
42.8
39.2
40.6
43.3
38.8
38.4
42.2
42.1
39.5
42.3
49.2
40.1
43.6
47.9
52.0
52.6
58.7
46.0
41.6
47.7
53.0
39.1
49.5
36.3
48.0
38.0
36.9
51.9
42.3
46.4
43.4
47.8
44.2
41.2
45.7
48.2
48.5
38.6
38.2
40.0
39.2
40.8
44.0
44.5
45.1
45.8
43.0
52.5
45.9
43.5
49.1
42.7
52.5
37.5
40.7
39.0
42.0
52.8
41.2
42.9
52.6
48.3
44.0
52.2
42.3
60.5
40.5
52.5
57.4
44.7
37.1
39.8
41.6
60.5
58.1
44.4
63.5
40.5
52.7
45.0
48.0
46.7
47.8
41.2
42.8
47.2
44.0
41.9
43.9
38.9
42.8
58.1
