0.826
45.1
0.738
46.2
0.719
*
0.882
38.0
0.863
42.2
0.784
45.4
0.811
52.6
0.774
47.0
0.756
40.1
0.789
45.1
0.778
43.7
0.782
47.5
0.740
37.9
0.705
43.4
0.736
38.0
0.716
45.5
0.753
46.9
0.803
60.0
0.784
50.6
0.790
43.2
0.729
39.9
0.754
52.8
0.728
52.5
0.799
50.0
0.746
40.3
0.708
45.8
0.749
47.9
0.772
45.8
0.668
49.4
0.716
47.5
0.703
47.7
0.722
48.6
0.772
48.8
0.732
59.0
0.814
43.4
0.829
41.4
0.751
41.6
0.679
48.3
0.750
42.3
0.682
45.2
0.759
43.8
0.743
49.4
0.796
44.9
0.738
46.4
0.923
56.1
0.733
44.3
0.764
48.2
0.764
47.0
0.713
53.4
0.747
63.8
0.783
46.7
0.679
61.3
0.788
43.0
0.811
48.1
0.795
50.9
0.803
39.5
0.721
50.8
0.788
49.4
0.745
48.0
0.745
44.7
0.918
46.0
0.832
37.9
0.731
45.9
0.776
*
0.756
52.5
0.779
45.7
0.794
43.9
0.748
40.9
0.784
39.9
0.729
44.9
0.771
43.5
0.804
57.2
0.799
45.7
0.717
47.0
0.820
42.5
