0.775
46.1
0.738
53.8
0.818
82.7
0.834
54.2
0.775
55.1
0.829
42.0
0.777
50.7
0.851
65.2
0.767
61.1
0.807
55.8
0.738
44.6
0.831
47.8
0.723
46.4
0.751
52.6
0.795
48.5
0.801
48.3
0.723
42.8
0.744
46.9
0.796
66.7
0.785
44.4
0.713
42.9
0.745
50.8
0.779
47.8
0.764
46.2
0.743
43.6
0.734
55.0
0.799
53.5
0.783
81.0
0.959
54.1
0.721
44.0
0.678
52.5
0.736
45.9
0.794
52.3
0.689
47.3
0.801
60.3
0.759
45.5
0.746
45.0
0.703
45.2
0.804
42.4
0.683
44.4
0.730
55.0
0.748
44.2
0.749
44.1
0.707
65.6
0.750
58.8
0.665
65.3
0.706
42.6
0.792
49.0
0.744
63.3
0.770
71.8
0.746
49.9
0.738
67.2
0.803
54.9
0.797
56.4
0.758
53.1
0.755
49.2
0.698
42.4
0.781
44.5
0.724
63.6
0.706
50.1
0.968
48.3
0.686
42.3
0.721
43.0
0.827
*
0.732
47.6
0.767
48.2
0.777
48.9
0.725
48.7
0.889
58.0
0.702
52.0
0.761
64.5
0.748
48.2
0.781
50.3
0.754
69.4
0.721
59.9
