0.856
70.5
0.726
66.8
0.683
*
0.846
85.2
0.721
74.9
0.782
71.6
0.766
72.5
0.730
69.9
0.759
87.6
0.807
91.0
0.697
75.9
0.697
81.1
0.689
64.3
0.731
76.0
0.767
65.0
0.695
96.1
0.775
69.1
0.760
65.7
0.749
72.2
0.797
72.4
0.759
70.7
0.815
118
0.780
70.8
0.787
69.2
0.732
66.4
0.719
71.0
0.823
75.5
0.871
120
0.815
69.9
0.796
74.8
0.869
110
0.740
75.5
0.759
113
0.737
73.9
0.802
71.2
0.747
66.3
0.800
65.1
0.755
68.2
0.761
70.5
0.726
121
0.710
118
0.786
120
0.757
117
0.734
74.9
0.709
76.1
0.713
76.8
0.759
73.1
0.748
74.9
0.695
63.6
0.782
117
0.742
71.9
0.717
71.8
0.817
67.6
0.769
75.3
0.742
74.9
0.771
72.0
0.743
64.4
0.744
114
0.768
80.7
0.709
80.0
0.820
94.3
0.756
67.1
0.756
89.1
0.805
67.4
0.785
118
0.756
65.6
0.800
74.1
0.760
69.6
0.783
73.7
0.728
72.6
0.792
85.3
0.805
81.1
0.780
123
0.725
117
0.817
68.9
