0.930
84.8
0.868
79.6
0.835
189
0.879
78.7
0.850
85.9
0.859
81.8
0.841
87.0
0.838
79.1
0.755
67.7
0.943
69.1
0.742
69.7
0.779
68.5
0.933
70.7
0.915
81.7
0.788
75.6
0.860
86.4
0.732
70.7
0.868
66.1
0.867
76.4
0.848
69.4
0.982
70.3
0.880
83.1
0.860
67.8
0.828
76.5
0.783
71.1
0.807
80.8
0.792
73.4
0.795
80.7
0.811
82.4
0.783
74.1
0.817
82.8
0.794
67.5
0.850
85.0
0.765
68.6
0.879
86.0
0.839
70.0
0.816
74.4
0.768
66.8
0.820
88.7
0.767
89.0
0.802
82.3
0.792
193
0.810
85.9
0.787
80.6
0.696
83.8
0.746
74.4
0.812
92.6
0.752
72.5
0.776
67.4
0.786
86.4
0.724
73.9
0.729
91.9
0.819
74.6
0.806
77.1
0.842
75.7
0.863
72.7
0.784
76.1
0.889
78.3
0.785
68.2
0.773
75.1
1.08
81.7
0.790
70.0
0.746
72.9
0.808
69.8
0.801
87.7
0.783
72.4
0.885
65.5
0.707
73.3
0.939
80.9
0.711
71.5
0.801
70.1
0.826
77.2
0.861
83.7
0.770
80.9
0.851
76.0
