0.890
41.3
0.739
43.4
0.782
47.1
0.880
40.7
0.798
69.8
0.809
45.7
0.934
52.0
0.798
46.7
0.737
43.9
0.720
46.1
0.723
45.9
0.864
58.7
0.692
45.3
0.750
45.7
0.725
44.1
0.781
44.1
0.659
45.4
0.818
47.8
0.943
44.8
0.788
55.7
0.720
56.2
0.780
58.0
0.757
55.6
0.787
43.8
0.733
41.7
0.738
39.3
0.758
49.9
0.761
45.8
0.802
40.8
0.678
54.7
0.708
50.5
0.705
44.5
0.770
46.2
0.690
46.5
0.801
42.7
0.736
46.9
0.737
46.6
0.729
40.5
0.723
54.0
0.764
45.3
0.728
45.2
0.707
152
0.756
41.1
0.668
49.8
0.726
43.1
0.734
41.2
0.727
43.3
0.782
47.3
0.680
49.7
0.726
49.9
0.714
45.8
0.746
61.7
0.748
46.8
0.785
41.1
0.784
51.8
0.798
54.3
0.766
47.8
0.725
50.9
0.755
42.4
0.724
44.2
0.775
47.3
0.759
40.2
0.888
45.2
0.772
*
0.746
42.4
0.794
47.9
0.812
47.6
0.730
43.1
0.809
47.4
0.665
50.9
0.689
51.7
0.788
43.1
0.996
48.8
0.764
51.2
0.785
55.6
