0.835
50.9
0.774
53.5
0.798
66.4
0.836
49.8
0.847
42.3
0.768
51.4
0.726
50.2
0.770
44.4
0.773
41.8
1.02
47.1
0.774
54.3
0.813
42.7
0.798
59.6
0.813
48.9
0.795
43.5
0.834
63.6
0.792
45.7
0.813
42.0
0.880
48.1
0.803
42.6
0.797
51.7
0.796
47.4
0.708
58.5
0.867
49.2
0.779
43.2
0.758
42.8
0.764
45.5
0.856
55.7
0.737
47.7
0.767
45.2
0.791
52.6
0.733
44.7
0.820
44.2
0.727
45.5
0.770
56.4
0.833
45.4
0.782
48.0
0.765
43.7
0.801
62.5
0.717
49.9
0.791
44.4
0.865
65.4
0.723
53.1
0.738
56.3
0.761
43.7
0.742
43.7
0.757
47.3
0.837
47.7
0.731
74.2
0.713
45.5
0.756
56.3
0.787
53.4
0.829
42.5
0.739
43.6
0.841
43.7
0.773
51.7
0.739
51.5
0.801
53.6
0.742
44.6
0.718
49.3
0.834
48.7
0.822
49.5
0.696
46.6
0.745
*
0.730
45.6
0.780
48.2
0.993
46.5
0.878
48.1
0.811
44.5
0.783
84.6
0.828
44.5
0.698
43.3
0.771
46.9
0.754
46.5
0.850
51.9
