0.866
55.5
0.703
59.6
0.759
95.8
0.793
62.6
0.786
59.6
0.852
62.5
0.853
71.2
0.851
64.2
0.823
58.7
0.782
54.9
0.752
54.6
0.807
63.5
0.777
58.2
0.849
62.3
0.792
59.4
0.773
63.0
0.897
56.9
0.764
55.9
0.803
59.7
0.753
54.3
0.720
63.5
0.831
60.7
0.781
59.3
0.801
58.0
0.768
61.5
0.739
62.6
0.788
65.1
0.907
61.1
0.745
60.0
0.769
52.7
0.879
57.9
0.731
66.7
0.818
63.8
0.691
58.3
0.733
64.3
0.968
54.3
0.729
58.5
0.733
56.8
0.755
60.5
0.735
57.6
0.715
58.5
0.791
52.2
0.772
59.8
0.801
59.6
0.731
80.9
0.671
68.3
0.819
62.7
0.753
63.9
0.766
56.6
0.694
62.5
0.748
69.7
0.736
66.1
0.771
69.1
0.768
61.8
0.824
63.6
0.802
62.8
0.674
61.4
0.809
55.7
0.894
58.4
0.958
57.1
0.992
60.6
0.744
61.0
0.717
58.9
0.782
68.0
0.757
54.6
0.789
57.1
0.800
56.9
0.717
61.1
0.773
70.1
0.734
56.5
0.770
62.2
0.801
55.4
0.820
58.3
0.709
58.2
1.03
64.5
