0.889
53.7
0.813
61.3
0.805
59.1
0.920
48.8
0.848
59.0
0.795
49.8
0.837
67.9
0.847
69.5
0.769
57.2
0.824
52.9
0.791
57.1
0.796
48.3
0.954
56.1
0.735
52.1
0.739
53.9
0.764
53.8
0.800
52.3
0.789
53.6
0.835
59.1
0.895
73.9
0.762
54.1
0.847
54.7
0.815
52.2
0.821
51.7
0.764
52.6
0.836
56.4
0.830
53.4
0.935
55.8
0.771
57.0
0.766
61.7
0.772
54.0
0.829
49.1
0.868
52.1
0.802
55.6
0.787
60.8
0.817
60.2
0.815
50.0
0.775
46.6
0.969
57.3
0.816
49.7
0.783
51.2
0.836
55.0
0.821
53.0
0.731
58.8
0.744
56.4
0.832
58.8
0.859
63.2
0.808
50.5
0.762
51.6
0.897
50.5
0.924
52.5
0.779
57.6
0.815
53.4
0.799
74.8
0.828
53.3
0.913
52.7
0.757
56.9
0.776
57.3
0.748
48.5
0.761
50.6
0.801
53.3
0.947
54.1
0.809
48.0
0.861
*
0.748
53.3
0.832
66.8
0.814
55.8
0.851
52.8
0.829
60.8
0.797
61.2
0.865
51.5
0.864
57.6
0.827
49.4
0.814
45.4
0.815
61.0
