0.821
78.2
0.698
92.2
0.772
60.6
0.755
57.3
0.804
57.9
0.777
57.6
0.739
62.8
0.804
60.0
0.743
65.4
0.704
59.6
0.744
139
0.690
*
0.687
119
0.689
108
0.744
71.5
0.769
92.2
0.744
84.1
0.810
72.5
0.745
96.4
0.796
90.7
0.693
67.3
0.764
65.2
0.769
71.6
0.779
60.5
0.720
104
0.838
63.3
0.751
93.3
0.715
60.5
0.699
94.8
0.658
95.6
0.688
60.7
0.679
87.9
0.814
53.9
0.758
64.5
0.737
97.7
0.815
92.3
0.682
92.5
0.697
77.4
0.708
62.3
0.688
87.7
0.694
52.7
0.759
54.3
0.730
55.2
0.740
100
0.771
88.8
0.744
92.2
0.751
105
0.810
94.6
0.807
144
0.682
57.0
0.768
93.1
0.747
99.5
0.780
97.9
0.756
56.1
0.783
93.8
0.774
97.7
0.755
68.0
0.737
61.3
0.729
90.8
0.768
89.1
0.746
90.1
0.703
105
0.760
99.2
0.792
54.1
0.678
55.0
0.741
95.1
0.787
95.8
0.753
102
0.729
96.9
0.727
62.8
0.747
69.1
0.799
64.7
0.790
59.4
0.727
56.1
0.782
88.2
