0.876
54.0
0.881
40.3
0.802
267
0.907
38.8
0.826
49.6
0.807
42.0
0.815
49.3
0.911
44.3
0.777
43.5
0.820
46.9
0.734
44.6
0.743
41.9
0.741
46.3
0.800
45.3
0.770
47.6
0.819
53.6
0.731
43.1
0.784
49.6
0.787
48.1
0.772
49.1
0.696
46.4
0.809
60.4
0.779
45.0
0.845
44.7
0.746
37.9
0.752
43.7
0.794
44.2
0.782
66.4
0.738
47.1
0.712
41.7
0.732
63.1
0.760
39.4
0.785
60.2
0.949
48.7
0.751
47.7
0.789
42.8
0.747
46.7
0.763
42.9
0.807
42.8
0.750
68.4
0.761
65.5
0.860
61.5
0.966
61.4
0.823
63.5
0.708
49.9
0.717
59.2
0.780
46.2
0.766
44.0
0.757
44.8
0.731
68.2
0.726
55.9
0.789
43.9
0.783
41.5
0.789
40.2
0.838
44.0
0.786
52.9
0.730
48.6
0.750
61.5
0.730
53.2
0.730
42.0
0.923
46.9
0.794
42.5
0.799
50.5
0.795
*
0.788
64.3
1.18
50.3
0.784
50.1
0.740
45.3
0.763
44.6
0.724
42.5
0.717
42.7
0.881
43.8
0.819
60.0
0.760
57.4
0.778
48.5
