0.873
72.6
0.717
77.5
0.881
227
0.939
73.0
0.840
81.8
0.892
85.7
0.781
84.2
0.828
86.5
0.764
75.9
0.759
79.1
0.752
75.8
0.746
86.4
0.749
72.5
0.772
76.3
0.783
81.9
0.848
81.2
0.699
77.3
0.789
74.0
0.832
86.0
0.806
76.6
0.715
74.8
0.773
81.6
0.759
75.6
0.796
80.3
1.11
71.0
0.726
84.8
0.762
74.8
0.855
77.7
0.702
92.4
0.696
77.0
0.737
85.2
0.679
80.3
0.816
79.6
0.743
74.5
0.800
86.3
0.752
72.8
0.796
75.1
0.771
75.2
0.832
72.3
0.793
82.5
0.783
90.3
0.784
75.5
0.739
76.6
0.877
76.7
0.784
81.6
0.737
80.0
0.936
76.0
0.855
71.9
0.765
86.1
0.737
82.2
0.742
82.8
0.772
88.4
0.818
79.4
0.724
80.4
0.764
80.5
0.788
76.7
0.731
70.8
0.810
86.2
0.761
90.4
0.755
81.9
0.805
77.4
0.753
78.0
0.747
74.0
0.769
*
0.719
75.7
0.811
97.2
0.813
73.6
0.753
74.4
0.818
90.3
0.777
80.4
0.816
83.0
0.777
72.3
0.858
86.5
0.774
85.2
0.803
71.0
