0.904
53.1
0.764
47.6
0.824
50.4
0.785
43.1
0.819
44.9
0.980
49.0
0.851
49.2
0.809
83.7
0.802
53.1
0.845
49.8
0.787
50.2
0.775
45.4
0.783
53.8
0.779
57.0
0.791
65.0
0.774
53.3
0.761
64.5
0.772
72.2
0.973
50.3
0.786
45.1
0.783
51.3
0.830
50.9
0.799
101
0.817
49.5
0.786
52.2
0.774
44.8
0.774
53.6
0.795
43.6
0.767
56.7
0.715
48.6
0.733
49.3
0.881
52.2
0.813
47.7
0.737
53.3
0.755
44.0
0.795
42.2
0.970
59.6
0.725
48.6
0.785
61.4
0.745
47.7
0.789
50.0
0.836
45.0
0.755
48.5
0.799
58.3
0.790
78.7
0.797
44.1
0.851
53.4
0.768
49.9
0.751
42.5
0.797
47.5
0.737
57.8
0.723
85.5
1.04
49.5
0.813
45.5
0.826
57.8
0.789
49.7
0.693
42.6
0.726
49.9
0.714
54.1
0.678
45.9
0.822
57.8
0.706
44.1
0.744
52.8
0.770
*
0.734
46.4
0.818
43.3
0.834
47.0
0.741
50.9
0.781
49.6
0.727
46.9
0.808
47.8
0.799
43.9
0.771
47.5
0.755
48.6
0.834
44.8
