0.900
61.5
0.762
73.6
0.702
72.3
0.786
61.5
0.778
58.3
0.903
60.2
0.766
60.2
0.784
57.4
0.724
57.3
0.764
66.6
0.794
81.5
0.808
60.7
0.738
59.2
0.759
64.8
0.764
60.1
0.733
72.7
0.717
62.4
0.753
82.5
0.735
66.2
0.754
59.3
0.831
62.6
0.804
98.4
0.790
73.2
0.824
63.8
0.760
65.4
0.657
61.0
0.776
72.2
0.786
60.6
0.714
60.7
0.719
68.9
0.687
67.7
0.733
69.1
0.776
73.4
0.695
74.0
0.775
62.3
0.796
63.3
0.799
69.5
0.917
76.1
0.772
66.7
0.684
61.6
0.778
65.2
0.786
72.7
0.781
153
0.724
151
0.688
134
0.741
150
0.765
94.7
0.762
71.4
0.765
98.4
0.748
93.1
0.720
95.8
0.687
63.9
0.768
77.7
0.832
85.5
0.727
74.8
0.780
112
0.735
65.6
0.761
78.8
0.677
73.1
0.713
86.7
0.820
72.5
0.726
75.1
0.740
77.6
0.969
68.4
0.874
77.7
0.711
76.4
0.768
66.5
0.742
77.8
0.735
61.1
0.746
88.4
0.842
66.2
0.799
62.1
0.706
67.2
0.710
79.2
0.726
61.6
