0.877
61.7
0.772
60.6
0.853
62.6
0.872
80.2
0.807
56.5
0.784
69.0
0.809
69.3
0.818
57.1
0.751
58.0
0.801
69.7
0.757
65.5
0.748
61.6
0.716
62.6
0.738
57.6
0.805
58.0
0.745
62.6
0.693
61.1
0.810
64.8
0.777
62.2
0.771
63.0
0.783
68.7
0.783
61.3
0.840
58.7
0.751
60.0
0.720
64.5
0.738
73.1
0.776
60.6
0.795
61.7
0.687
67.2
0.745
64.2
0.729
61.0
0.718
63.6
0.801
59.5
0.764
57.0
0.824
61.2
0.783
70.0
0.754
62.6
0.692
58.8
0.777
58.6
0.751
67.4
0.804
61.9
0.816
61.6
0.801
61.6
0.746
64.9
0.760
59.9
0.737
63.1
0.776
62.8
0.798
59.7
0.795
57.5
0.705
64.5
0.741
61.8
0.789
68.6
0.787
65.6
0.785
62.6
0.815
64.2
0.781
61.0
0.761
58.4
0.740
64.7
0.727
57.2
0.746
73.0
0.809
60.8
0.719
63.3
0.725
62.8
0.815
*
0.729
63.6
0.751
63.5
0.857
64.6
0.723
65.9
0.815
57.1
0.756
57.9
0.780
61.5
0.829
61.4
0.813
65.0
0.774
58.2
0.753
60.9
