0.926
49.1
0.822
51.7
1.02
135
0.856
76.0
0.797
59.1
0.789
61.6
0.799
70.7
0.796
59.8
0.776
66.2
0.824
53.0
0.736
52.3
0.769
52.9
0.715
57.6
0.764
60.4
0.781
67.6
0.768
47.5
0.730
62.4
0.801
66.8
0.777
64.8
0.773
45.4
0.789
45.6
0.793
54.6
0.840
73.5
0.818
50.1
0.810
67.9
0.723
54.2
0.815
56.8
0.813
52.6
0.746
73.8
0.728
53.1
0.768
44.3
0.720
50.4
0.821
52.9
0.717
50.1
0.778
63.4
0.974
50.4
0.745
55.0
0.755
49.7
0.727
64.4
0.698
52.5
0.821
67.1
0.790
46.4
0.791
50.9
0.722
73.6
0.722
68.3
0.806
45.2
0.779
69.2
0.828
52.4
0.753
47.5
0.698
48.0
0.783
48.8
0.728
68.2
0.798
48.1
1.09
50.0
0.819
47.5
0.874
62.0
0.820
49.9
0.787
47.9
0.922
67.0
0.749
44.4
0.817
48.3
0.784
56.9
0.820
46.9
0.849
*
0.767
45.7
0.769
49.6
0.796
51.7
0.679
58.8
0.922
60.2
0.735
73.1
0.771
48.5
0.761
49.9
0.976
48.1
0.716
43.8
0.721
64.9
