0.990
76.2
0.760
64.1
0.754
*
0.823
69.9
0.793
68.0
0.765
66.7
0.949
69.3
0.792
64.4
0.773
59.6
0.787
71.6
0.667
64.8
0.737
143
0.727
71.1
0.767
64.3
0.704
67.9
0.779
69.3
0.740
71.2
0.833
61.5
0.815
67.3
0.740
66.0
0.731
79.9
0.905
57.4
0.722
68.0
0.818
62.6
0.744
62.8
0.759
58.2
0.796
67.2
0.834
60.6
0.659
85.8
0.726
66.6
0.729
81.0
0.749
69.3
0.850
68.9
0.731
67.3
0.754
59.4
0.736
63.6
0.930
63.3
0.778
69.6
0.793
63.4
0.779
64.1
0.802
63.7
0.737
63.6
0.758
64.9
0.693
67.5
0.748
70.7
0.833
66.6
0.747
62.9
0.772
85.6
0.748
74.5
0.805
62.9
0.711
66.7
0.769
68.9
0.814
70.6
0.783
67.9
0.816
67.4
0.807
62.3
0.788
67.2
0.779
62.9
0.710
60.2
0.729
63.5
0.794
68.6
0.753
58.4
0.734
59.9
0.897
66.1
0.684
63.2
0.796
57.7
0.807
74.0
0.726
71.0
0.849
66.8
0.724
61.0
0.803
62.6
0.795
61.4
0.728
64.7
0.699
63.4
0.777
138
