0.949
41.1
0.789
50.4
0.839
65.8
0.868
53.0
0.824
42.9
0.812
43.9
0.786
50.5
0.871
46.1
0.790
37.3
0.862
63.7
0.773
45.3
0.765
40.5
0.748
40.0
0.752
35.9
0.753
44.1
0.822
107
0.728
114
0.818
93.2
0.852
85.8
0.794
65.8
0.772
49.2
0.844
59.9
0.829
65.6
0.787
46.1
0.738
70.1
0.767
48.4
0.792
40.3
0.815
44.0
0.741
68.1
0.657
41.3
0.737
52.8
0.794
42.7
0.807
40.5
0.785
39.0
0.747
81.1
0.794
48.5
0.759
41.5
0.762
40.1
0.748
38.8
0.688
41.0
0.757
45.9
0.828
65.0
0.779
42.9
0.758
77.7
0.768
72.0
0.747
74.5
0.823
74.3
0.812
68.9
0.750
75.5
0.733
44.2
0.730
75.3
0.719
73.6
0.818
46.7
0.866
54.8
0.796
40.2
0.823
71.7
0.785
48.5
0.737
41.3
0.719
68.6
0.721
38.8
0.751
78.3
0.714
42.5
0.746
70.2
0.757
40.5
0.802
37.8
0.848
75.1
0.816
41.5
0.722
42.1
0.878
49.9
0.744
83.5
0.785
42.1
0.773
43.3
0.841
53.6
0.787
43.8
0.956
40.6
