0.903
105
0.890
103
0.835
110
0.910
117
0.849
101
0.905
103
0.793
99.4
0.931
136
0.797
102
0.884
109
0.742
111
0.811
105
0.790
105
0.857
103
0.824
105
0.739
112
0.734
128
0.799
132
0.720
130
0.812
108
0.720
102
0.766
102
0.777
103
0.805
107
0.706
112
0.701
107
0.768
102
0.819
107
0.713
103
0.749
108
0.899
107
0.708
111
0.936
110
0.727
110
0.799
130
0.822
110
0.787
105
0.736
104
0.770
119
0.784
108
0.768
110
0.715
106
0.747
110
0.755
121
0.780
108
0.773
107
0.895
111
0.796
131
0.751
123
0.713
110
0.785
130
0.763
125
0.790
106
0.799
108
0.836
115
0.797
115
0.711
134
0.793
110
0.785
101
0.769
120
0.825
111
0.746
138
0.779
101
0.837
105
0.695
113
0.805
106
0.774
102
0.727
107
0.777
103
0.737
109
0.762
106
0.813
121
0.763
108
0.700
112
0.821
107
