0.835
72.0
0.752
68.8
0.841
107
0.839
61.7
0.804
81.7
0.719
64.7
0.693
59.7
0.829
103
0.715
69.1
0.829
84.9
0.662
61.5
0.706
62.1
0.734
102
0.892
62.8
0.776
58.1
0.794
75.1
0.698
63.4
0.807
60.2
0.787
57.3
0.770
58.5
0.758
71.0
0.807
88.4
0.751
64.1
0.783
67.4
0.761
58.3
0.794
109
0.791
69.2
0.901
95.5
0.878
56.8
0.728
68.6
0.698
92.1
0.773
98.8
0.978
89.4
0.730
74.9
0.998
70.4
0.875
60.2
0.786
72.5
0.702
64.1
0.735
80.6
0.740
89.6
0.756
90.6
0.992
119
0.759
89.4
0.760
61.5
0.722
67.6
0.702
65.0
0.753
61.0
0.770
71.2
0.669
59.2
0.826
102
0.748
64.3
0.690
90.5
0.776
75.3
0.754
59.4
0.767
59.8
0.868
62.0
0.728
107
0.796
87.8
0.732
56.0
0.678
56.7
0.774
58.2
0.741
58.7
0.906
58.4
0.728
68.8
0.731
90.8
0.812
64.7
0.771
64.4
0.799
59.8
0.758
68.4
0.729
61.6
0.795
63.0
0.852
57.8
0.786
87.6
0.786
92.6
0.803
*
