0.840
79.6
0.778
69.6
0.834
73.3
0.823
77.8
0.827
142
0.773
125
0.767
93.1
0.903
94.8
0.900
100
0.802
105
0.751
112
0.768
76.5
0.726
96.2
0.754
96.0
0.767
94.1
0.814
90.9
0.732
83.5
0.799
137
0.791
100
0.820
91.7
0.774
72.2
0.793
57.8
0.789
101
0.819
95.9
0.759
76.2
0.904
95.4
0.772
101
0.714
60.0
0.901
99.0
0.796
93.5
0.766
65.3
0.695
53.8
0.763
62.3
1.00
64.6
0.906
96.3
0.851
67.7
0.777
75.1
0.720
97.7
0.769
66.7
0.723
63.4
0.871
93.8
0.782
60.7
0.775
62.3
0.815
112
0.698
89.0
0.752
96.2
0.798
94.3
0.708
96.8
0.707
83.9
0.696
58.5
0.723
95.3
0.723
103
0.816
72.3
0.750
55.7
0.873
92.2
0.783
88.2
0.718
89.8
0.799
71.8
0.774
94.3
0.680
59.3
0.746
92.3
0.924
64.7
0.716
96.4
0.728
92.3
0.726
57.9
0.780
88.6
0.694
56.4
0.707
90.3
0.895
78.3
0.724
55.4
0.788
91.3
0.784
62.2
0.736
61.7
0.717
61.6
0.783
57.7
