0.878
45.4
0.936
48.4
0.779
219
0.923
45.0
0.776
56.6
0.812
37.1
0.820
47.0
0.826
51.3
0.753
43.0
0.794
40.0
0.734
49.0
0.715
43.8
0.764
37.0
0.873
37.7
0.870
36.5
0.801
45.9
0.777
35.8
0.797
47.4
0.810
54.0
0.737
62.2
0.743
41.7
0.789
48.2
0.778
47.0
0.801
40.5
0.745
54.3
0.936
43.4
0.794
40.3
0.798
204
0.756
44.5
0.731
40.2
0.874
39.6
0.868
41.8
0.758
50.0
0.693
44.7
0.787
39.8
0.826
37.2
0.804
40.3
0.666
41.7
0.770
44.1
0.733
202
0.775
46.0
0.767
45.9
0.936
41.9
0.722
90.5
0.979
40.6
0.772
44.5
0.795
37.3
0.760
45.4
0.805
66.3
0.806
200
0.760
43.3
0.919
43.1
0.789
46.2
0.773
45.1
0.739
45.3
0.768
41.1
0.737
41.6
0.829
208
0.773
38.5
0.736
42.7
0.828
46.0
1.00
43.4
0.952
39.7
0.742
37.0
0.707
201
0.989
40.5
0.865
37.8
0.876
46.7
0.902
37.8
0.911
42.7
0.927
47.6
0.782
42.0
1.08
43.7
0.782
48.9
0.837
42.6
