0.877
64.0
0.816
62.5
0.956
78.7
0.828
61.2
0.808
75.0
0.826
80.9
0.762
78.4
0.825
86.9
0.745
93.3
0.776
59.5
0.677
64.5
0.750
66.2
0.737
64.3
0.803
84.2
0.743
61.0
0.774
79.4
0.720
59.3
0.765
60.5
0.818
93.9
0.776
60.3
0.747
62.5
0.812
82.5
0.770
63.8
0.777
63.8
0.747
61.8
0.718
89.7
0.727
62.7
0.800
76.0
0.745
92.9
0.682
65.7
0.753
78.7
0.691
64.6
0.786
73.1
0.719
118
0.769
92.2
0.801
85.4
0.774
68.0
0.808
75.0
0.765
78.2
0.753
76.2
0.780
74.5
0.743
65.2
0.758
65.5
0.703
78.7
0.757
67.3
0.783
67.6
0.779
76.9
0.774
66.0
0.768
65.5
0.770
81.0
0.808
71.5
0.755
73.3
0.816
67.4
0.813
65.9
0.795
67.9
0.835
66.2
0.809
67.5
0.836
64.6
0.755
73.7
0.708
65.6
0.804
82.5
0.817
67.1
0.791
69.1
0.953
62.6
0.768
68.5
0.807
67.6
0.803
67.1
0.735
64.5
0.804
70.9
0.747
66.6
0.807
61.0
0.773
69.6
0.755
79.9
0.909
75.8
0.824
63.5
