0.907
54.9
0.824
52.8
0.817
70.8
0.834
49.8
0.857
55.0
0.869
61.8
0.782
58.1
0.872
59.3
0.770
54.6
0.868
48.6
0.810
48.5
0.743
52.1
0.897
54.8
0.786
65.0
0.803
49.0
0.837
47.9
0.791
56.4
0.827
48.1
0.861
44.2
0.827
49.8
0.790
51.9
0.831
51.6
0.836
55.5
0.817
54.7
0.777
52.5
0.839
48.4
0.750
51.7
0.778
46.6
0.815
45.0
0.793
59.4
0.789
53.9
0.784
46.0
0.863
46.9
0.796
48.5
0.842
61.8
0.799
50.9
0.983
50.5
0.751
47.7
0.774
56.0
0.748
47.2
0.805
46.9
0.866
47.9
0.926
49.2
0.737
65.1
0.743
48.1
0.725
51.6
0.773
48.3
0.873
53.2
0.737
44.5
0.754
48.1
0.739
46.5
0.762
62.4
0.822
49.7
0.784
59.7
0.782
44.7
0.819
64.7
0.703
59.7
0.768
51.1
0.709
53.6
0.746
50.8
0.812
47.7
0.737
50.5
0.725
48.9
0.767
50.7
0.757
53.7
0.790
48.1
0.793
47.4
0.695
47.7
0.793
57.6
0.723
51.7
0.794
47.5
0.828
48.9
0.751
49.7
0.761
53.7
0.775
75.1
