0.937
59.1
0.754
73.1
0.823
67.7
0.774
60.4
0.909
63.5
0.828
65.3
0.770
55.2
0.866
81.4
0.701
110
0.964
58.2
0.997
64.6
0.791
60.5
0.779
56.0
0.859
61.7
0.757
59.9
0.771
68.8
0.788
108
0.787
91.8
0.847
59.7
0.842
57.7
0.791
55.0
0.765
55.6
0.795
57.4
0.738
56.0
0.771
67.2
0.769
64.1
1.08
59.8
0.877
78.6
0.800
59.1
0.790
60.7
0.780
61.4
0.759
66.3
0.758
69.1
0.720
64.2
0.823
80.3
0.834
60.3
0.782
59.6
0.737
54.6
0.799
63.2
0.785
56.7
0.815
55.8
0.802
69.2
0.802
58.1
0.733
93.3
0.715
69.5
0.661
92.1
0.981
96.9
0.853
64.6
0.784
60.0
0.774
57.2
0.767
69.2
0.754
83.9
0.812
59.1
0.799
71.2
0.807
54.3
0.941
59.5
0.739
67.8
0.760
57.4
0.710
78.4
0.691
67.7
0.875
55.7
0.952
67.2
0.974
60.4
0.800
58.3
0.702
62.0
0.787
69.2
0.770
63.1
0.743
73.7
0.928
59.2
0.758
59.1
0.773
61.9
0.801
62.0
0.862
63.8
0.755
54.7
0.809
63.2
