1.11
51.2
0.744
102
0.772
*
0.823
50.3
0.820
51.9
0.950
58.1
0.742
55.5
0.767
58.8
0.755
55.5
0.832
58.5
0.755
51.5
0.694
53.5
0.728
48.3
0.814
50.7
0.798
50.9
0.823
72.6
0.725
75.5
0.806
57.8
0.814
60.2
0.810
51.1
0.740
50.6
0.804
59.0
0.745
78.1
0.795
54.0
0.771
50.4
0.803
50.8
0.809
50.8
0.765
57.0
0.815
54.9
0.737
78.1
0.690
52.7
0.722
52.9
0.742
57.3
0.779
60.4
0.965
55.0
0.834
54.4
0.766
52.1
0.731
66.1
0.799
51.8
0.776
52.9
0.831
52.0
0.991
54.4
0.832
58.2
0.754
50.0
0.775
49.1
0.901
66.1
0.811
64.4
0.796
56.5
0.790
60.1
0.973
50.4
0.924
51.7
0.869
54.1
0.834
55.1
0.834
56.2
0.885
60.4
0.759
51.9
0.715
97.3
0.792
56.6
0.774
55.1
0.787
58.5
0.820
55.7
0.852
54.4
0.778
54.1
0.752
57.9
0.778
53.3
0.847
50.7
0.870
56.1
0.810
49.7
0.980
59.8
0.881
53.5
0.785
63.4
0.814
55.2
0.842
52.3
0.783
52.9
1.01
52.0
