0.947
246
0.765
244
0.792
*
0.917
240
0.912
251
0.831
243
0.746
251
1.01
103
0.766
242
0.796
252
0.743
247
0.759
100
0.780
248
0.740
249
0.960
246
0.819
110
0.754
95.8
0.786
89.8
1.00
248
0.764
269
0.704
246
0.816
69.4
0.765
260
0.816
243
0.754
244
0.730
97.6
0.837
246
0.806
57.3
0.668
255
0.745
246
0.771
58.0
0.733
247
0.843
61.5
0.757
248
0.776
103
0.786
250
0.726
250
0.669
254
0.801
247
0.744
57.9
0.751
61.6
0.827
66.9
0.908
60.2
0.783
94.9
0.731
255
0.760
89.0
0.795
243
0.770
243
0.694
248
0.695
64.2
0.738
*
0.717
93.3
0.805
249
0.766
248
0.835
252
0.835
252
0.799
263
0.736
56.8
0.769
100
0.881
246
0.884
95.4
0.795
252
0.715
251
0.782
247
0.752
61.6
0.695
250
0.760
250
0.713
243
0.786
244
0.729
271
0.767
246
0.821
242
0.749
63.9
0.705
56.0
0.738
*
