0.885
63.1
0.766
69.7
0.763
66.6
0.822
74.0
0.864
64.7
0.837
71.6
0.808
67.2
0.751
63.4
0.740
62.1
0.761
70.4
0.728
69.0
0.769
65.6
0.744
67.0
0.793
65.9
0.834
62.7
0.792
73.1
0.731
63.5
0.793
66.0
0.764
69.0
0.818
123
0.802
64.7
0.825
66.7
0.762
68.0
0.784
57.5
0.725
68.0
0.743
66.2
0.763
59.4
0.761
67.5
0.758
63.4
0.745
59.0
0.749
61.0
0.733
53.2
0.778
65.0
0.773
73.0
0.938
63.4
0.813
72.5
0.795
63.6
0.769
62.1
0.774
65.9
0.756
67.9
0.763
69.0
0.793
65.2
0.741
59.6
0.718
75.8
0.781
84.4
0.710
65.6
0.748
81.4
0.745
68.3
0.730
65.9
0.720
60.8
0.741
68.9
0.747
67.7
0.842
70.2
0.765
69.2
0.789
61.4
0.797
58.7
0.799
81.4
0.759
65.3
0.718
67.8
0.731
76.8
0.750
62.4
0.780
65.1
0.737
62.8
0.705
65.5
0.737
72.6
0.698
63.6
0.822
62.1
0.722
52.9
0.774
65.3
0.714
65.2
0.733
61.0
0.753
68.5
0.706
63.3
0.639
61.8
0.771
60.3
