0.874
55.7
0.718
54.8
0.750
135
0.758
47.9
0.763
104
0.767
48.5
0.735
52.4
0.811
57.4
0.705
60.1
0.878
72.3
0.788
47.9
0.814
58.9
0.688
46.6
0.702
64.0
0.763
60.2
0.711
90.4
0.774
58.9
0.827
50.0
0.792
49.1
0.750
45.4
0.722
56.1
0.801
93.2
0.760
103
0.888
57.5
0.771
45.7
0.729
113
0.753
48.0
0.766
88.8
0.743
54.0
0.715
63.4
0.729
92.2
0.743
62.1
0.788
88.0
0.699
56.2
0.750
89.1
0.726
*
0.772
50.3
0.933
57.8
0.747
57.7
0.723
91.7
0.742
89.4
0.778
90.6
1.01
91.2
0.781
93.2
0.746
65.4
0.716
94.2
0.777
89.6
0.772
52.4
0.742
43.9
0.716
95.2
0.719
50.1
0.731
56.8
0.723
55.3
0.801
90.1
0.766
53.8
0.824
44.9
0.763
56.2
0.771
86.5
0.786
103
0.707
51.7
0.761
112
0.704
55.8
0.723
64.6
0.784
56.2
0.665
94.9
0.717
51.1
0.805
55.2
0.741
51.8
0.803
55.3
0.727
59.4
0.753
49.7
0.760
106
0.778
86.2
0.745
94.7
0.754
93.5
