0.844
48.9
0.825
48.8
0.976
199
0.798
49.1
0.938
65.7
0.952
42.9
0.776
45.3
0.745
60.6
0.778
47.3
0.797
46.9
0.779
50.9
0.732
186
0.746
130
0.701
92.3
0.754
78.9
0.769
45.8
0.737
62.7
0.810
67.9
0.795
55.5
0.843
70.1
0.727
41.9
0.765
132
0.739
56.2
0.797
43.6
0.833
42.1
0.750
42.8
0.779
48.9
0.808
123
0.785
51.6
0.696
44.5
0.723
58.3
0.743
44.3
0.809
130
0.762
41.7
0.838
43.8
0.773
40.6
0.754
51.6
0.701
41.7
0.804
49.8
0.743
128
0.809
48.9
0.834
123
0.798
128
0.775
38.7
0.793
49.0
0.845
41.2
0.833
52.5
0.779
48.5
0.778
45.8
0.950
142
0.717
58.6
0.911
56.5
0.781
50.1
0.699
45.4
0.741
40.8
0.795
41.0
0.696
66.4
0.721
135
0.749
39.0
0.706
42.7
0.779
39.6
0.707
48.7
0.822
50.6
0.780
47.6
0.791
137
0.753
60.5
0.838
49.7
0.731
48.4
0.790
59.5
0.710
42.3
0.741
39.0
0.806
43.5
0.711
126
0.648
134
0.744
55.8
