1.12
48.1
0.893
48.6
0.785
99.3
0.908
48.6
0.796
62.0
0.811
53.0
0.810
44.9
0.823
90.2
0.765
46.5
0.855
65.0
0.709
62.4
0.744
46.3
0.739
49.8
0.833
75.1
0.801
43.5
0.836
95.5
0.710
89.2
0.802
59.9
0.785
58.2
0.764
47.2
0.765
108
0.793
48.9
0.896
58.1
0.780
46.1
0.761
51.6
0.917
49.3
1.00
55.5
0.798
44.4
0.732
52.7
0.775
45.5
0.687
43.9
0.733
48.8
0.931
47.1
0.731
51.2
0.798
92.0
0.852
45.4
0.795
47.5
0.728
58.6
0.854
47.6
0.736
52.4
0.769
51.2
0.777
49.8
0.769
42.8
0.762
86.6
0.729
45.2
0.875
91.4
0.813
89.9
0.813
53.0
0.721
47.8
0.693
51.1
0.867
45.3
0.713
95.6
0.823
55.1
0.807
66.5
0.798
43.9
0.804
56.4
0.787
44.2
0.759
46.7
0.771
89.3
0.742
51.8
0.786
87.3
0.711
92.7
0.726
48.7
0.724
45.7
0.796
45.5
0.966
64.6
0.804
52.1
0.783
45.1
0.940
64.7
0.734
52.2
0.799
52.6
0.772
47.3
0.810
52.4
0.691
54.0
0.781
90.2
