0.813
*
0.755
70.5
0.840
80.1
0.797
67.7
0.730
76.2
0.784
61.6
0.799
81.1
0.794
69.3
0.686
99.5
0.751
74.0
0.756
61.1
0.717
77.2
0.743
90.1
0.794
99.9
0.782
65.1
0.786
68.4
0.704
107
0.755
74.2
0.784
67.3
0.738
80.5
0.750
72.6
0.790
64.3
0.782
105
0.801
72.2
0.751
90.4
0.754
62.3
0.768
68.3
0.718
63.3
0.667
67.5
0.666
66.4
0.747
72.5
0.686
68.6
0.792
78.4
0.736
65.4
0.772
66.5
0.755
59.2
0.807
60.7
0.776
63.2
0.770
61.5
0.754
62.6
0.768
61.0
0.822
86.2
0.782
59.4
0.778
64.9
0.775
64.9
0.781
65.9
0.827
70.2
0.802
67.1
0.763
137
0.793
59.1
0.661
78.3
0.836
68.0
0.768
72.4
0.812
82.0
0.824
58.6
0.836
76.5
0.680
72.0
0.709
61.5
0.662
69.6
0.633
70.6
0.792
55.7
0.722
87.8
0.767
61.0
0.893
66.0
0.725
57.4
0.812
58.6
0.761
59.7
0.780
57.8
0.803
55.9
0.789
93.6
0.821
62.5
0.798
73.2
0.827
63.4
0.767
57.3
0.828
93.9
