0.806
59.4
0.742
68.4
0.677
76.0
0.783
85.6
0.768
88.6
0.838
85.3
0.798
64.0
0.757
81.9
0.678
59.8
0.799
66.4
0.744
65.8
0.711
89.6
0.783
74.7
0.767
71.4
0.723
98.4
0.766
94.5
0.710
66.2
0.757
60.9
0.778
65.7
0.963
60.5
0.719
64.1
0.776
67.8
0.752
81.3
0.795
63.7
0.660
82.3
0.746
63.0
0.741
64.6
0.717
76.5
0.731
64.5
0.684
70.1
0.707
110
0.708
125
0.824
*
0.795
87.4
0.741
88.8
0.840
63.6
0.755
73.5
0.679
79.0
0.757
77.1
0.699
65.7
0.742
63.7
0.811
66.5
0.782
82.9
0.732
74.5
0.751
68.0
0.932
79.3
0.743
68.8
0.784
71.6
0.730
90.5
0.751
67.1
0.713
69.5
0.923
69.2
0.796
68.1
0.761
64.2
0.797
70.1
0.830
71.1
0.749
73.5
0.726
65.2
0.869
71.8
0.724
67.9
0.797
78.2
0.687
71.6
0.750
73.6
0.867
69.8
0.781
63.3
0.768
66.9
0.813
64.8
0.680
66.6
0.814
66.9
0.869
66.4
0.721
80.9
0.776
68.5
0.765
66.5
0.769
65.2
0.765
65.5
