0.805
64.7
0.814
63.9
0.730
*
0.842
56.3
0.773
66.3
0.823
65.0
0.804
59.2
0.739
53.6
0.746
52.7
0.781
51.2
0.785
65.5
0.741
57.5
0.746
58.7
0.762
54.5
0.784
58.9
0.799
59.7
0.741
59.6
0.857
67.1
0.775
54.9
0.845
55.5
0.686
57.3
0.793
40.6
0.736
70.8
0.765
63.1
0.758
55.8
0.747
56.6
0.809
57.8
0.766
44.5
0.717
58.3
0.688
57.3
0.662
59.7
0.703
59.2
0.750
37.2
0.727
54.1
0.729
55.3
0.745
70.0
0.790
65.1
0.744
56.7
0.740
64.8
0.690
43.3
0.769
61.0
0.810
42.0
0.752
42.3
0.695
54.1
0.739
61.8
0.714
57.5
0.790
60.4
0.795
57.8
0.688
60.0
0.719
55.5
0.790
56.3
0.906
56.6
0.735
68.8
0.955
73.6
0.776
58.3
0.767
61.3
0.879
64.8
0.723
58.2
0.744
58.1
0.720
67.4
0.767
60.2
0.757
61.0
0.884
55.0
0.788
*
0.732
39.8
0.757
52.7
0.827
52.9
0.831
63.3
0.814
54.1
0.712
51.2
0.796
55.2
0.824
67.2
0.732
54.7
0.735
42.6
0.787
57.4
