0.899
44.2
0.783
37.6
0.884
62.4
0.822
45.2
0.831
42.2
0.841
43.5
0.765
42.4
0.775
71.0
0.738
72.4
0.867
60.7
0.755
54.0
0.776
48.5
0.789
44.8
0.792
44.0
0.834
48.9
0.773
50.0
0.730
54.3
0.702
49.4
0.841
60.1
0.797
68.9
0.751
46.7
0.721
45.6
0.733
44.1
0.830
49.2
0.787
48.5
0.758
48.5
0.794
52.5
0.814
44.7
0.748
57.8
0.753
47.0
0.727
48.2
0.771
44.5
0.880
41.2
0.727
40.4
0.805
46.0
0.922
45.6
0.810
50.9
0.767
42.8
0.729
45.7
0.746
51.8
0.775
49.1
0.831
52.9
0.814
48.3
0.745
48.6
0.695
38.0
0.715
50.9
0.733
48.7
0.764
44.1
0.736
70.4
0.698
50.9
0.746
54.9
0.710
74.2
0.841
59.0
0.789
42.7
0.810
46.6
0.831
53.9
0.685
55.0
0.765
46.9
0.663
55.6
0.738
47.7
0.831
45.0
0.783
38.6
0.694
48.7
0.813
43.9
0.799
45.8
0.745
51.1
0.771
49.8
0.715
49.4
0.794
44.8
0.761
37.8
0.825
48.1
0.778
46.5
0.778
50.4
0.706
46.3
0.778
52.6
