0.890
64.8
1.14
61.5
0.700
104
0.799
65.9
0.846
66.2
0.810
75.3
0.792
62.3
0.838
63.2
0.724
70.0
0.823
63.2
0.722
64.2
0.844
57.7
0.801
59.4
0.788
69.2
0.809
67.6
0.847
71.1
0.673
67.6
0.743
63.0
0.733
63.1
0.827
67.0
0.724
61.2
0.849
64.0
0.822
86.2
0.740
61.0
0.766
66.3
0.778
62.7
0.833
58.4
0.925
62.8
0.739
62.7
0.792
68.1
0.701
65.0
0.685
63.9
0.702
59.1
0.677
68.7
0.775
67.4
0.730
69.7
0.854
58.9
0.778
66.8
0.790
58.5
0.653
67.6
0.726
66.0
0.729
84.4
0.768
63.5
0.723
63.3
0.720
64.3
0.716
59.8
0.758
63.9
0.800
67.6
0.738
62.5
0.749
63.4
0.744
63.7
0.753
73.6
0.800
66.9
0.785
77.3
0.803
64.0
0.816
66.7
0.780
59.2
0.779
68.7
0.779
60.6
0.684
60.8
0.802
70.8
0.733
63.1
0.756
64.1
0.795
*
0.913
68.8
0.821
56.9
0.807
65.1
0.752
60.3
0.771
79.4
0.708
65.6
0.775
58.6
0.992
60.0
0.829
59.5
0.761
66.0
0.825
61.2
