1.00
67.0
0.754
73.5
0.850
*
0.865
73.7
0.830
66.1
0.814
63.9
0.818
69.8
0.881
81.9
0.775
89.3
0.756
84.5
0.869
63.1
0.803
78.1
0.787
86.1
0.737
68.7
0.793
75.4
1.11
89.5
0.748
69.9
0.789
66.1
0.832
66.2
0.893
97.8
0.754
70.0
0.756
70.4
0.797
195
0.762
66.7
0.905
71.5
0.739
67.5
0.847
79.2
0.816
76.3
0.781
76.2
0.926
66.8
0.889
70.3
0.798
68.7
0.823
68.4
0.698
62.4
0.781
68.1
0.802
66.7
0.891
64.3
0.808
68.1
0.800
70.6
0.759
68.7
0.702
67.0
0.954
198
0.986
65.5
0.852
66.9
0.723
70.7
0.752
66.3
0.749
70.0
0.782
73.5
0.766
77.4
0.760
198
0.726
80.9
0.754
77.7
0.770
70.6
0.927
206
0.844
74.3
0.733
68.1
0.728
71.3
0.709
65.3
0.903
64.1
0.783
70.7
0.831
70.3
0.765
73.5
0.979
83.3
0.775
65.7
0.768
74.9
0.951
76.5
0.735
73.1
0.693
66.8
0.975
74.7
0.781
75.3
0.757
68.3
0.809
68.7
1.00
*
0.719
71.3
0.804
205
