0.948
91.3
0.809
68.1
0.769
*
0.791
58.8
1.03
66.0
0.874
68.2
0.833
64.9
0.868
65.2
0.739
64.1
0.803
53.4
0.743
62.7
0.907
68.9
0.763
64.1
0.752
67.1
0.760
62.0
0.804
70.5
0.749
59.0
0.942
60.1
0.808
82.0
0.835
65.1
0.687
59.6
0.719
63.9
0.792
56.6
0.771
56.7
0.720
56.3
0.794
73.0
0.709
60.0
0.813
60.6
0.747
69.2
0.752
58.1
0.766
67.8
0.721
64.6
0.772
69.0
0.718
60.3
0.811
66.0
0.796
61.4
0.708
60.1
0.751
58.7
0.801
60.8
0.725
65.3
0.793
85.8
0.963
63.2
0.765
66.0
0.725
76.6
0.805
62.3
0.735
62.9
0.765
68.2
0.768
65.6
0.747
60.6
0.676
70.8
0.821
60.1
0.718
66.0
0.756
62.8
0.757
70.4
0.792
59.7
0.791
55.1
0.711
58.8
0.739
65.1
0.724
86.3
0.885
65.2
0.958
72.6
0.795
56.8
0.708
59.3
0.729
67.2
0.701
75.9
0.736
60.0
0.758
53.8
0.757
58.4
0.753
63.9
0.720
53.6
0.718
62.7
0.778
59.2
0.735
75.7
0.686
75.9
0.756
60.3
