0.872
68.5
0.760
61.0
0.716
*
0.807
58.3
0.858
52.3
1.05
56.5
0.746
58.7
0.798
74.6
0.749
50.3
0.786
77.7
0.706
60.7
0.765
49.7
0.833
49.8
0.718
66.0
0.800
56.1
0.790
53.4
0.742
61.2
0.796
57.2
0.786
51.3
0.823
55.6
0.719
58.8
0.819
63.8
0.773
59.6
0.846
54.4
0.718
105
0.721
56.8
0.750
54.3
0.791
62.8
0.726
56.6
0.715
57.6
0.712
60.8
0.700
49.7
0.802
71.1
0.820
58.7
0.731
51.7
0.741
52.2
0.764
60.6
0.714
60.2
0.746
52.8
0.717
66.6
0.794
67.4
0.810
66.2
0.783
64.9
0.720
50.5
0.732
54.1
0.727
54.2
0.745
55.2
0.767
55.3
0.806
59.2
0.676
76.7
0.755
58.3
0.754
65.8
0.753
54.8
0.722
56.3
0.815
57.3
0.913
57.8
0.770
50.4
0.796
66.3
0.738
56.3
0.727
52.7
0.768
50.5
0.751
50.0
0.775
55.6
0.773
*
0.766
66.8
0.797
60.6
0.787
57.6
0.738
61.2
0.785
60.6
0.740
53.7
0.721
57.3
0.737
56.2
0.760
81.6
0.739
71.0
0.762
*
