0.839
44.8
0.781
44.6
0.806
42.4
0.910
44.2
0.885
48.5
0.868
56.2
0.833
55.2
0.801
63.0
0.809
53.5
0.864
45.8
0.781
53.3
0.797
43.9
0.828
45.1
0.796
59.7
0.833
43.4
0.829
56.8
0.775
45.9
0.824
43.4
0.870
61.0
1.00
44.0
0.781
53.3
0.816
50.6
0.938
62.0
0.845
51.2
0.930
48.2
0.807
67.8
0.840
45.2
0.796
47.3
0.771
54.3
0.754
47.9
0.885
41.3
0.762
41.6
0.727
47.6
0.744
46.0
1.09
62.3
0.779
46.6
0.973
55.4
0.733
49.7
0.795
51.5
0.941
75.3
0.805
52.4
0.793
45.9
0.779
47.0
0.762
56.2
0.733
67.8
0.749
53.1
0.959
50.0
0.801
63.3
0.696
41.1
0.853
44.3
0.762
45.9
0.732
69.2
0.769
53.4
0.715
50.9
0.983
51.8
1.26
47.9
0.717
44.5
0.828
46.4
0.734
53.3
0.768
49.2
0.804
44.9
0.812
54.5
0.773
50.0
0.781
42.2
0.816
51.7
0.755
52.3
0.786
44.9
0.804
43.2
0.781
59.8
0.686
47.7
0.829
63.9
0.745
61.7
0.754
65.3
0.788
59.3
0.810
57.8
