0.914
59.1
0.751
53.5
0.845
80.2
0.832
54.8
0.833
60.1
0.830
59.2
0.785
51.5
0.809
61.8
0.746
58.2
0.784
55.2
0.889
58.3
0.814
51.6
0.803
65.9
0.759
50.2
0.768
75.4
0.783
64.7
0.845
71.3
0.793
48.4
0.789
57.7
0.799
50.7
0.750
50.7
0.731
66.0
0.746
75.3
0.740
56.0
0.722
56.3
0.731
56.7
0.748
62.9
0.797
51.5
0.735
63.7
0.857
55.3
1.31
55.1
0.760
48.4
0.780
58.7
0.764
56.3
0.801
55.5
0.783
55.5
0.796
57.3
0.844
54.9
0.803
53.1
0.731
52.3
0.779
55.0
0.786
52.5
0.745
50.0
0.900
50.1
0.900
57.5
0.713
63.2
0.790
52.9
0.792
57.4
0.780
50.6
0.749
55.4
0.837
59.5
0.721
71.2
0.789
56.0
0.740
49.8
0.818
54.9
0.767
52.7
0.736
81.8
0.766
55.1
0.756
57.2
0.748
62.0
0.760
57.7
0.716
48.9
0.748
55.8
0.766
*
0.733
58.4
0.740
54.1
0.738
49.5
0.728
52.6
0.826
62.7
0.705
55.9
0.757
54.9
0.780
55.2
0.908
53.2
0.739
58.2
0.763
54.1
