0.812
56.1
0.746
55.1
0.765
48.9
0.814
48.0
0.819
49.2
0.819
48.5
0.840
60.8
0.781
65.9
0.711
68.4
0.779
73.5
0.697
53.3
0.755
50.8
0.729
70.8
0.791
63.9
0.754
48.8
0.786
54.0
0.720
60.9
0.815
48.6
0.773
55.2
0.818
45.2
0.716
48.2
0.749
46.4
0.819
45.6
0.955
51.0
0.744
50.1
0.712
58.7
0.813
49.7
0.800
49.8
0.738
53.6
0.747
50.9
0.762
54.4
0.743
57.3
0.827
48.6
0.712
54.7
0.784
63.3
0.706
53.9
0.767
55.0
0.695
51.8
0.776
55.2
0.708
48.1
0.760
45.0
0.779
58.5
0.783
55.5
0.753
75.2
0.720
55.7
0.667
51.9
0.781
54.8
0.787
58.0
0.706
100
0.723
52.0
0.706
66.7
0.701
65.0
0.759
53.0
0.745
44.1
0.756
54.2
0.719
49.2
0.663
55.1
0.776
46.6
0.749
49.6
0.697
49.2
0.741
52.4
0.738
54.6
0.681
50.9
0.766
61.7
0.738
56.4
0.796
49.6
0.765
68.4
0.722
52.7
0.786
65.6
0.719
51.1
0.789
54.8
0.753
49.2
0.849
50.3
0.756
48.6
0.769
49.1
