0.860
61.8
0.865
57.8
0.785
*
0.875
55.0
0.783
67.9
0.814
67.6
0.765
63.7
0.921
63.9
0.785
64.9
0.831
64.8
0.746
61.9
0.760
60.1
0.699
54.0
0.743
72.5
0.745
53.6
0.806
81.1
0.695
64.2
0.826
63.9
0.810
63.4
0.745
55.4
0.680
52.7
0.967
52.1
0.780
113
0.775
70.6
0.691
66.0
0.684
62.1
0.725
63.7
0.819
52.0
0.897
58.9
0.862
77.6
0.700
56.7
0.753
57.2
1.02
59.6
0.698
56.7
0.800
79.6
0.806
54.1
0.769
55.8
0.674
67.3
0.801
51.4
0.730
51.7
0.898
113
0.733
55.8
0.770
51.4
0.693
70.0
0.757
75.2
0.999
72.7
0.784
78.4
0.813
80.4
0.711
60.6
0.739
54.4
0.743
77.4
0.763
71.1
0.837
58.2
0.819
74.6
0.846
74.0
0.796
65.7
0.727
53.5
0.728
56.0
0.782
73.5
0.764
57.7
0.761
63.6
0.683
64.9
0.738
68.8
0.800
54.0
0.728
52.4
0.745
65.4
0.775
77.3
0.743
69.3
0.838
66.6
0.748
63.0
0.780
54.3
0.787
55.3
0.763
63.4
0.751
75.1
0.769
68.4
