167
101
100
90.6
88.2
93.0
85.8
95.7
88.2
105
82.5
83.3
105
91.0
81.1
91.2
80.9
92.1
79.7
82.4
87.5
82.4
83.6
98.2
79.2
85.3
111
113
93.3
85.9
94.3
83.1
93.3
117
86.6
87.4
86.4
78.6
88.8
82.6
106
87.8
81.7
81.1
79.0
83.4
84.1
97.0
97.0
87.6
87.7
83.1
86.8
79.3
82.5
84.2
83.2
105
96.5
82.6
112
81.1
86.2
80.7
103
85.0
83.5
84.6
93.3
79.8
102
87.2
83.8
86.8
80.5
81.5
78.1
89.6
85.9
102
80.9
84.8
94.0
90.1
98.8
88.3
80.5
101
89.5
220
79.5
220
90.3
90.8
121
116
88.9
94.7
222
94.9
87.2
81.0
78.8
87.6
104
78.0
90.9
78.1
83.9
92.5
78.3
85.5
83.4
101
*
86.4
91.3
91.7
95.2
80.3
120
88.7
100
85.6
97.1
95.1
89.1
82.0
80.8
95.8
81.7
101
113
83.9
84.4
91.7
80.0
78.0
83.8
91.3
86.1
79.2
83.5
87.2
