151
150
134
125
118
130
125
145
131
130
127
133
124
127
128
133
125
130
126
137
137
127
129
134
124
126
123
*
127
132
139
134
134
133
124
130
128
127
130
127
137
130
124
130
117
137
132
121
134
134
124
128
127
137
138
131
129
128
126
129
131
131
131
149
124
130
126
130
118
127
123
126
131
128
128
134
125
134
121
124
120
123
127
125
124
117
141
137
132
132
130
135
127
119
117
126
136
129
128
131
126
120
122
118
127
128
131
127
137
118
130
133
123
134
*
129
124
131
122
132
129
127
133
116
126
131
129
124
132
124
128
124
123
134
129
129
123
134
135
126
120
122
126
130
