0.923
56.2
0.840
79.2
0.804
62.5
1.00
46.4
0.888
61.1
0.865
50.3
0.827
50.5
0.697
52.2
0.797
65.8
0.754
46.8
0.800
50.4
0.820
49.8
0.760
52.9
0.790
46.3
0.799
75.4
0.796
52.7
0.929
53.4
0.864
52.3
0.800
56.2
0.827
61.0
0.775
61.7
0.769
55.4
1.11
48.9
0.872
63.4
0.733
71.8
0.890
51.2
0.797
53.7
0.843
48.6
0.791
72.6
0.797
49.5
0.839
46.3
0.834
52.6
0.797
66.2
0.852
*
0.817
106
0.809
50.6
1.02
53.9
0.821
51.7
0.832
56.8
0.687
50.4
0.777
53.9
0.741
55.2
0.831
49.8
0.782
59.7
0.771
56.4
0.753
58.2
0.922
52.7
0.750
57.8
0.823
49.7
0.764
47.3
0.763
47.6
0.768
54.3
0.760
67.8
0.748
60.9
0.801
69.1
0.807
48.9
0.783
55.8
0.752
59.3
0.781
66.9
0.825
52.4
0.848
61.2
0.745
50.5
0.866
54.4
0.797
50.3
0.795
54.4
0.785
55.1
0.819
51.2
0.818
57.7
0.838
51.1
0.857
55.0
0.838
48.3
0.740
66.8
0.799
46.7
0.811
68.9
0.708
56.7
