0.883
46.4
1.25
51.8
0.833
62.6
0.934
60.8
0.893
80.9
0.830
63.5
0.828
64.9
0.828
57.5
0.788
62.9
0.752
54.4
0.814
52.6
0.889
69.0
0.818
51.8
0.788
56.6
0.843
48.2
0.766
65.1
0.870
60.7
0.800
46.4
1.00
59.3
0.797
46.7
0.752
56.5
0.795
64.4
0.833
50.2
0.867
55.5
0.793
51.2
0.742
65.1
0.813
72.7
0.732
47.4
0.760
65.4
0.831
48.1
0.772
52.3
0.830
55.9
0.796
70.4
0.828
47.2
0.884
63.0
0.883
48.1
0.778
65.6
0.826
72.5
0.824
46.6
0.813
52.2
0.768
52.4
0.748
48.0
0.787
50.5
1.01
59.9
1.13
70.6
0.707
48.0
0.928
51.3
0.819
70.1
0.793
68.7
0.836
57.2
0.926
80.6
0.935
66.8
0.803
50.6
0.764
60.4
0.893
66.5
0.736
49.6
0.821
51.9
0.837
51.8
0.828
49.1
0.796
52.9
1.00
61.0
0.776
62.1
0.889
47.1
0.819
51.1
0.773
48.1
0.797
50.5
0.798
61.0
0.792
46.3
0.756
46.4
0.784
50.4
0.860
63.7
0.757
59.6
0.917
52.9
0.836
61.5
0.741
53.1
