0.873
68.4
0.830
67.7
0.798
68.3
0.797
69.2
0.806
74.5
0.840
74.9
0.874
72.8
0.787
67.8
0.794
73.8
0.859
89.7
0.804
73.0
0.702
62.9
0.790
69.3
0.862
71.7
0.886
68.8
0.828
65.5
0.790
71.8
0.877
78.5
0.828
73.4
0.769
66.2
0.793
76.1
0.718
68.5
0.840
71.0
0.877
63.4
0.764
77.6
0.688
69.3
0.764
67.5
0.845
72.9
0.688
74.5
0.760
66.2
0.747
72.6
0.864
69.5
0.846
68.3
0.817
*
0.847
67.0
0.867
66.7
0.842
68.1
0.889
67.5
0.815
65.5
0.785
*
0.793
76.8
0.805
75.3
0.774
70.0
0.661
67.1
0.729
65.7
0.785
73.3
0.777
81.3
0.772
70.8
0.797
81.2
0.804
72.7
0.937
69.7
0.794
63.7
0.850
65.7
0.753
68.4
0.817
107
0.887
67.8
0.860
71.1
0.823
70.7
0.826
68.7
0.837
69.8
0.803
74.8
0.766
104
0.801
67.2
0.815
72.2
0.863
69.8
0.765
70.6
0.771
81.9
0.776
67.7
0.856
64.9
0.772
65.5
0.917
72.2
0.793
68.4
0.784
72.0
0.759
66.6
0.756
85.2
