131
98.7
119
122
120
109
111
109
123
141
117
113
114
122
118
117
109
109
112
113
122
118
112
120
110
114
114
*
107
112
114
113
116
117
108
109
111
115
110
110
114
121
112
117
118
112
115
116
125
118
125
110
113
126
117
112
121
126
114
111
120
148
119
118
118
111
112
111
111
109
121
120
114
114
118
115
121
111
126
117
112
126
116
125
116
119
113
110
119
113
109
112
121
115
119
113
115
109
109
116
116
110
116
119
114
115
115
122
114
109
114
107
117
109
*
114
108
130
122
108
111
113
112
124
116
115
113
111
130
110
111
124
108
110
121
122
114
124
126
124
110
126
117
121
