104
89.0
67.9
63.2
71.9
63.3
66.3
*
74.1
71.9
64.4
61.5
76.5
71.9
79.0
71.9
73.5
75.4
73.5
66.3
70.4
71.2
71.7
62.9
70.2
72.2
69.1
*
75.3
81.8
58.0
73.4
64.6
72.8
72.2
71.5
83.9
70.0
74.7
75.5
71.4
61.9
70.3
72.1
77.8
86.8
69.8
64.0
71.1
76.2
72.7
85.0
88.3
75.7
76.1
73.3
74.8
124
70.6
69.8
70.4
80.3
76.1
76.3
70.4
73.8
75.9
73.4
70.0
83.9
64.5
80.2
72.2
66.3
73.5
70.0
68.1
72.8
62.7
71.4
65.4
61.1
72.2
60.7
61.2
60.7
72.7
69.4
75.4
72.1
63.1
65.3
71.0
63.6
61.3
70.4
62.7
61.8
96.1
70.5
70.1
87.3
81.0
67.1
64.7
72.3
75.6
69.3
64.5
83.4
77.2
77.2
73.2
73.3
*
71.1
70.3
140
65.7
69.4
71.4
74.8
75.7
61.3
70.3
74.1
72.5
81.7
72.7
70.2
72.3
64.8
65.3
75.5
73.6
72.4
78.3
71.1
86.2
61.7
71.7
67.0
77.0
73.4
