136
134
125
104
96.9
142
96.2
130
138
137
128
103
138
102
124
133
125
131
129
128
104
145
133
103
103
105
137
*
131
125
134
129
129
103
140
101
124
114
103
129
100
126
140
129
154
128
140
132
124
129
136
105
133
100
129
128
125
135
133
131
133
136
127
128
123
102
132
104
127
102
127
128
106
124
142
135
96.9
99.5
137
95.9
129
124
113
132
129
129
101
105
128
130
129
128
95.5
135
129
132
129
128
129
133
105
128
136
127
130
133
131
112
102
137
130
131
103
134
*
129
131
124
128
136
96.7
135
124
133
105
127
110
112
101
102
128
129
137
128
103
139
101
105
127
129
121
97.7
130
131
