83.8
77.2
114
98.3
91.8
*
98.9
*
85.1
123
96.6
101
90.3
94.4
88.4
88.9
117
88.8
94.8
96.1
91.9
101
93.6
99.5
86.8
100
93.1
*
112
95.0
97.1
90.4
92.9
95.8
101
84.3
90.9
101
91.2
90.6
88.1
98.1
96.2
97.6
108
92.6
88.4
96.6
96.3
120
94.5
102
91.0
92.0
92.8
89.1
91.9
89.1
89.5
95.5
94.9
98.5
89.3
92.4
95.1
93.7
101
90.5
104
89.2
108
93.2
87.2
110
90.9
90.1
89.4
91.0
91.9
106
110
92.4
90.3
94.1
93.0
96.1
91.3
88.0
91.2
87.9
92.9
93.2
91.0
101
107
95.6
104
86.1
90.8
89.2
102
98.3
96.4
89.8
98.0
88.8
101
102
98.3
93.0
98.0
88.4
106
85.6
*
87.4
93.3
97.1
107
100
91.6
85.0
86.9
92.0
*
98.7
94.1
93.6
87.8
90.5
88.4
92.9
97.7
90.7
89.5
90.3
94.7
99.8
94.4
100
111
95.3
92.0
91.2
