107
90.1
89.3
93.5
87.5
90.7
90.1
75.2
96.6
90.6
92.7
83.3
76.4
81.4
89.1
72.9
77.5
78.1
83.0
104
93.8
74.1
89.7
94.5
83.1
84.4
95.5
*
85.0
88.6
88.2
89.8
86.5
97.9
106
89.8
83.4
84.2
87.3
75.4
72.8
75.1
90.0
88.2
90.3
82.5
89.3
87.8
88.0
88.6
81.8
88.2
90.4
73.7
94.4
84.6
75.8
89.5
77.1
87.9
77.1
77.6
83.3
76.4
88.1
91.6
87.0
77.3
92.1
88.5
87.9
71.8
92.4
78.1
83.5
88.3
73.1
92.9
93.7
80.2
86.9
85.4
88.0
92.6
85.9
88.6
90.5
91.3
97.0
83.2
90.5
88.0
104
84.5
93.9
71.2
80.1
87.8
88.7
89.0
73.9
86.3
85.8
85.1
84.5
89.5
80.1
75.6
87.8
86.6
94.1
89.3
74.5
76.4
*
102
79.5
88.2
84.6
96.9
79.3
74.8
97.5
74.4
91.9
98.0
88.8
88.7
93.0
93.6
98.0
83.0
89.6
76.1
84.5
80.2
86.9
92.9
71.5
77.3
87.2
74.0
89.8
89.7
