100
77.1
54.0
62.3
68.3
72.8
62.7
67.5
71.7
58.2
56.6
60.3
62.2
59.2
80.4
70.8
60.2
61.1
63.0
64.0
58.9
55.9
67.9
70.0
65.1
60.3
62.6
*
55.4
61.5
55.5
58.3
65.9
65.0
56.1
62.3
56.9
65.0
61.2
57.9
63.4
62.9
54.0
54.6
61.0
65.9
56.4
65.7
61.9
62.4
61.6
55.1
64.4
60.3
61.6
64.5
60.9
60.5
68.8
64.3
50.6
65.5
58.0
71.8
61.9
63.7
67.8
53.1
59.0
55.4
54.7
57.8
60.3
64.7
57.4
54.8
66.2
57.9
58.2
59.4
55.3
64.1
55.1
68.4
62.8
57.0
56.5
55.3
64.0
50.2
61.4
53.6
61.7
60.2
55.5
54.8
61.2
55.7
64.4
62.5
59.0
62.6
61.3
61.9
52.3
59.5
54.2
71.1
54.6
60.2
55.0
69.5
65.9
55.8
*
56.8
67.0
59.5
*
65.6
58.5
55.2
64.1
65.3
57.3
62.5
60.4
65.4
58.2
62.0
65.5
65.9
56.5
52.4
63.9
60.1
59.8
56.1
59.4
62.9
51.8
58.5
57.8
65.1
