251
290
*
*
*
106
121
100
83.3
66.9
69.9
70.2
73.8
71.7
56.0
*
84.6
71.4
76.2
76.7
77.7
77.4
80.3
81.6
79.5
73.5
80.4
57.2
76.2
75.4
76.0
111
57.2
76.1
74.3
58.5
71.4
80.2
55.8
70.1
104
101
76.0
75.4
50.6
73.8
77.9
79.2
76.8
69.9
53.6
56.3
71.5
74.1
60.1
84.6
75.1
57.0
90.6
96.7
78.8
78.0
74.7
76.2
66.0
60.0
64.6
79.6
71.6
53.6
69.9
73.2
103
60.7
76.1
86.7
58.5
75.1
68.5
61.3
81.0
65.0
77.0
59.4
80.4
75.5
76.1
76.8
83.0
74.3
80.1
72.7
52.5
62.8
56.3
60.1
57.6
70.6
69.9
86.2
62.7
60.5
97.6
58.9
57.3
63.9
77.0
79.2
61.3
80.2
59.2
52.9
62.8
77.3
*
64.8
60.2
66.2
58.5
64.4
73.3
85.3
73.2
60.1
76.5
74.7
51.3
81.0
71.2
56.4
59.9
104
70.3
77.8
83.4
63.1
78.3
56.9
81.9
75.9
73.8
65.0
75.5
78.4
