106
123
63.3
66.2
98.6
58.2
67.2
67.4
85.2
63.2
67.9
64.6
81.1
61.8
65.1
64.5
67.7
103
97.8
64.0
91.0
73.1
67.5
94.2
69.7
73.0
84.4
78.1
66.7
71.5
65.4
66.1
61.4
58.1
71.5
62.6
68.9
65.8
63.5
62.4
64.8
67.7
74.9
64.9
67.2
111
76.5
67.5
65.3
67.2
87.9
63.3
67.6
64.5
64.6
67.0
64.4
68.1
73.6
66.3
62.9
78.6
64.8
63.5
71.0
63.0
77.4
71.4
65.0
61.3
69.8
63.0
63.4
67.8
69.9
70.6
62.1
63.5
69.3
63.4
65.5
66.6
102
61.4
64.3
71.0
69.0
61.7
67.8
73.6
62.7
75.9
58.6
67.6
72.2
75.7
62.9
75.5
62.9
63.2
62.4
66.9
75.7
63.1
95.5
63.2
65.9
72.0
75.7
87.8
71.4
62.6
68.0
64.4
*
75.5
77.3
60.8
59.6
64.5
74.3
57.8
92.7
77.2
63.6
59.9
68.2
61.1
60.7
63.4
64.1
72.7
62.8
67.3
63.7
89.7
81.0
72.3
64.7
70.1
104
70.7
72.0
66.9
