126
152
107
65.1
70.2
57.2
55.9
99.1
80.3
74.7
57.0
61.5
86.0
70.6
59.1
60.3
64.2
93.0
56.6
62.4
63.7
57.8
63.6
60.4
56.9
94.8
87.5
*
66.2
66.5
76.5
62.4
60.3
73.9
86.8
76.3
65.2
82.9
64.7
58.7
62.0
71.7
81.8
62.1
104
70.0
62.9
61.0
62.8
83.6
58.8
61.7
63.0
68.3
67.9
58.5
60.9
72.1
61.6
59.9
60.8
58.9
68.5
102
61.4
77.5
91.2
63.9
73.0
96.2
53.0
58.3
75.7
102
97.8
55.9
99.9
65.0
56.0
66.6
55.6
63.9
67.1
60.4
60.8
101
59.4
68.1
57.8
104
57.8
108
59.4
65.1
101
70.6
102
64.5
97.6
63.0
57.2
97.3
85.0
70.6
60.4
65.5
67.0
63.8
57.4
83.9
60.1
72.8
66.4
61.6
*
95.0
91.4
61.3
*
106
72.6
59.4
56.5
57.3
70.6
88.3
96.5
65.5
58.8
100
62.2
56.8
56.7
66.6
56.1
59.4
71.9
58.0
99.6
61.7
70.3
97.2
57.2
56.3
