139
107
173
172
117
115
175
115
112
137
119
144
114
115
144
112
140
173
119
146
137
135
189
140
123
115
115
*
*
*
*
*
115
*
116
*
*
*
*
117
114
116
114
113
*
125
114
113
*
*
169
*
*
*
120
142
157
99.4
120
126
105
101
101
78.4
124
83.6
79.9
100.0
117
64.6
126
79.6
65.0
120
101
68.3
119
64.0
102
71.8
91.2
118
72.0
114
80.4
93.5
103
72.5
70.4
66.3
126
106
66.5
126
124
99.1
122
97.5
75.9
64.6
65.6
64.5
101
137
100
68.8
101
69.2
94.8
95.4
67.0
65.1
67.8
95.5
*
91.4
99.5
71.5
124
112
95.6
76.9
94.5
123
123
94.0
66.6
65.6
72.2
76.0
70.1
108
95.9
105
65.4
90.4
96.5
107
70.6
72.9
129
128
96.2
77.6
