129
129
98.7
55.0
63.4
53.8
58.1
63.2
59.9
63.2
70.5
57.6
62.5
65.5
68.8
64.5
59.1
72.2
64.7
56.9
61.2
68.5
59.8
53.5
61.6
63.2
78.1
*
62.3
61.2
60.8
62.5
57.7
59.6
88.7
55.7
81.6
64.4
61.8
64.7
62.9
64.3
58.3
67.6
63.7
*
67.2
61.6
71.3
67.7
54.9
59.3
57.3
63.5
62.3
67.6
67.2
59.2
58.9
62.7
62.0
61.7
69.6
63.4
60.5
62.7
62.9
65.3
64.4
62.5
58.9
70.2
78.2
69.9
54.0
62.5
53.3
68.5
52.6
59.4
61.0
62.9
64.7
52.3
66.1
60.1
63.0
62.5
62.9
80.8
89.6
*
70.5
84.4
141
138
126
132
*
116
83.8
138
85.6
119
131
80.9
92.5
76.6
75.8
79.1
74.4
70.3
65.0
111
*
67.0
77.4
85.3
*
71.5
136
77.3
91.8
117
65.9
95.6
127
125
119
82.0
80.7
134
72.0
82.9
77.7
116
135
75.1
74.0
76.5
119
126
111
78.2
