0.899
53.5
0.794
61.4
0.791
54.1
0.815
51.9
0.794
77.0
0.828
50.9
0.822
51.2
0.759
60.7
0.814
47.2
0.725
52.9
0.823
54.2
0.875
47.2
0.818
66.2
0.764
53.1
0.823
76.4
0.729
61.2
0.857
52.6
0.774
59.4
0.837
56.3
0.799
52.0
0.707
48.1
0.750
52.7
0.779
51.9
0.892
108
0.773
173
0.810
48.6
0.804
48.1
0.912
60.9
0.749
54.3
0.777
172
0.850
*
0.842
49.7
0.752
50.1
0.786
*
0.853
51.6
0.875
52.8
0.813
46.1
0.859
47.2
0.883
52.3
1.01
*
0.805
47.4
0.852
67.8
0.790
47.9
0.768
51.4
0.783
54.3
0.767
54.2
0.724
76.1
0.804
50.4
0.823
52.3
0.812
48.1
0.928
50.1
0.830
52.1
0.806
48.9
0.722
53.7
0.817
57.3
0.986
55.3
0.766
56.0
0.866
51.3
0.806
53.1
0.760
50.3
0.822
58.3
0.738
47.8
0.772
56.8
0.798
52.3
0.807
52.8
0.869
50.6
0.821
62.0
0.781
47.2
0.872
55.6
0.825
50.0
0.819
52.6
0.785
52.5
0.830
52.6
0.803
56.6
0.767
46.6
