200
222
77.6
84.8
81.5
107
87.7
112
76.6
106
106
110
107
111
83.0
116
116
107
82.1
77.8
102
102
82.0
84.2
108
103
113
76.6
106
87.5
110
118
106
81.8
105
82.1
85.2
77.3
83.8
113
108
79.1
76.3
83.2
83.1
116
108
91.7
77.5
108
85.5
80.2
106
108
125
80.0
82.0
106
80.4
74.8
76.7
119
113
109
149
87.3
104
77.8
74.8
107
111
112
79.1
94.8
109
118
82.7
108
106
105
76.3
106
95.9
78.2
107
92.4
75.7
75.8
109
96.1
109
111
105
111
103
104
108
113
77.5
80.1
75.9
77.2
108
81.5
78.1
113
93.4
74.3
112
108
84.1
89.2
111
75.0
90.8
78.0
81.6
107
84.2
106
82.2
87.8
108
111
117
79.6
102
117
79.9
80.4
104
118
112
72.2
76.9
106
75.3
74.9
114
112
109
83.6
121
