123
114
72.5
74.8
71.8
65.9
54.2
62.3
68.5
74.2
71.4
64.0
60.6
69.2
60.4
74.5
60.3
73.4
61.3
119
99.3
109
111
89.4
79.3
66.7
58.2
*
79.0
71.0
59.6
61.8
80.4
81.9
61.8
126
70.5
72.3
64.2
57.4
71.4
55.0
59.5
57.3
80.7
58.8
57.7
71.1
57.4
80.8
62.9
60.5
60.0
62.1
56.3
63.2
53.0
63.0
63.3
59.2
61.9
81.3
61.8
86.1
63.2
64.0
57.7
80.8
59.7
58.8
59.6
62.0
61.9
58.4
57.1
72.3
58.3
57.8
75.5
68.4
62.2
61.0
58.7
60.1
64.6
62.9
56.9
58.5
68.3
79.9
66.7
60.0
70.5
59.3
67.9
63.3
58.9
61.5
61.8
68.4
72.6
64.0
59.1
67.5
67.0
59.5
57.4
68.6
58.8
61.8
57.5
59.2
61.3
68.7
*
61.9
67.4
55.0
68.2
60.3
65.1
63.8
60.9
58.4
79.0
63.2
59.4
67.9
68.0
57.9
70.7
59.3
61.2
61.9
60.9
59.5
65.1
61.5
66.1
61.8
70.2
59.9
56.9
62.2
