136
98.9
59.2
69.5
68.3
84.3
64.3
88.6
81.5
82.8
91.2
67.7
67.7
92.8
76.5
89.9
63.8
65.3
82.6
67.0
85.2
66.7
70.1
64.3
67.4
96.3
90.4
*
69.2
69.7
65.2
87.7
90.7
62.3
85.2
64.0
90.5
65.0
63.4
62.1
94.2
71.5
84.2
*
67.4
105
85.5
93.3
63.5
72.1
83.4
74.1
79.1
87.1
84.2
86.6
58.5
83.5
96.3
69.7
75.2
94.3
72.3
85.7
98.6
71.5
84.9
69.1
87.3
69.2
86.1
61.0
85.7
87.7
66.2
86.5
84.4
62.3
105
88.2
70.0
96.1
84.8
100
99.3
94.7
70.9
68.0
79.4
90.9
86.8
83.5
64.5
102
84.5
85.6
82.3
92.0
95.4
68.4
87.2
66.1
63.2
103
88.0
96.5
69.0
82.2
69.4
96.3
87.6
84.6
88.6
71.2
*
86.5
66.2
87.6
89.6
70.5
100
86.1
60.7
97.6
90.1
65.6
62.8
68.5
69.1
68.7
85.4
95.2
78.9
64.5
93.7
66.7
100
71.0
61.7
62.0
87.0
94.9
58.9
79.1
