0.905
61.0
0.838
54.8
0.881
56.7
0.868
44.7
0.816
47.6
0.813
59.0
0.800
52.9
0.805
49.5
0.810
58.5
0.831
49.7
0.815
52.6
0.788
49.0
0.917
59.0
0.822
51.0
0.798
55.9
0.792
61.2
0.813
73.7
0.737
55.7
0.875
54.8
0.800
45.7
0.756
53.0
0.894
50.7
0.781
54.8
0.794
58.3
0.735
58.4
0.765
45.7
0.724
47.1
0.726
52.0
0.732
49.4
0.790
54.4
0.777
51.8
0.759
56.0
0.762
63.6
0.865
48.4
0.852
55.9
0.776
74.9
0.771
47.8
0.834
55.6
0.735
48.9
0.926
*
0.765
48.7
0.781
64.5
0.797
53.4
0.782
53.2
0.763
57.5
0.720
55.6
0.742
72.0
0.817
51.1
0.840
58.4
0.835
50.6
0.765
48.5
0.727
57.0
0.827
55.5
0.736
61.2
0.816
53.1
0.768
54.6
0.793
50.3
0.865
49.1
0.851
45.3
0.767
49.2
0.790
50.1
0.953
58.4
0.814
48.5
0.800
58.0
0.907
44.3
0.812
47.9
0.821
58.8
0.901
61.1
0.901
58.1
0.850
62.3
0.831
53.6
0.756
48.6
0.753
63.7
0.838
53.0
0.803
50.3
