205
86.4
88.1
82.6
108
75.2
89.7
*
70.2
80.5
79.3
71.9
70.1
84.4
76.4
72.4
78.0
67.6
71.9
77.3
70.5
74.4
68.0
80.1
70.2
73.4
68.6
*
79.5
69.3
73.4
75.0
75.3
70.2
70.8
71.4
78.4
66.1
73.1
69.9
79.2
69.4
72.7
82.6
72.3
72.0
77.6
66.8
72.8
108
92.0
73.8
79.7
81.3
74.2
88.2
73.9
69.7
87.3
76.7
77.2
71.7
81.2
84.4
68.5
68.6
80.7
71.5
73.2
80.3
73.7
80.6
77.5
71.9
72.6
101
68.5
74.8
81.6
82.8
73.0
71.0
72.1
68.8
67.1
76.3
75.6
69.8
71.7
76.8
82.0
67.7
73.9
96.4
78.4
66.6
70.9
71.7
*
85.3
67.2
69.8
70.9
77.4
71.2
68.9
71.8
71.8
74.0
70.5
74.6
74.8
86.6
74.5
*
78.2
69.6
74.4
77.6
70.8
78.5
67.6
71.0
73.0
85.6
83.6
73.9
72.2
82.8
73.2
65.8
72.3
67.4
70.2
75.5
69.9
78.9
72.9
75.0
72.8
70.2
69.5
73.1
69.7
