1.11
92.6
0.802
94.9
0.719
95.0
0.814
84.3
0.851
102
0.792
89.3
0.730
127
0.769
88.4
0.756
119
0.790
117
0.794
121
0.792
99.5
0.784
118
1.00
87.1
0.852
92.4
0.777
95.4
0.803
100
0.808
90.6
0.835
128
0.758
96.1
0.735
120
0.695
89.3
0.818
98.3
0.818
91.9
0.744
102
0.731
88.6
0.982
88.3
0.816
118
0.757
135
0.892
124
0.867
129
0.802
88.8
0.825
96.1
0.896
98.7
1.11
90.8
0.915
96.8
0.739
95.3
0.809
108
0.885
119
0.729
*
0.820
100
0.766
97.3
0.809
104
0.771
93.0
0.808
102
0.776
89.0
0.781
86.4
0.758
88.6
0.935
91.4
0.956
96.0
0.816
130
0.839
90.5
0.868
97.2
0.761
114
1.03
96.9
0.817
89.8
0.836
94.9
0.848
105
0.800
115
0.785
92.9
0.940
121
0.784
85.9
0.933
124
0.867
131
0.741
110
0.801
90.6
0.818
128
0.777
96.6
0.784
122
0.804
98.8
0.795
163
0.769
118
0.813
120
0.790
118
0.791
89.1
