82.4
118
73.5
83.7
88.2
83.4
82.3
85.3
65.3
92.3
85.4
86.9
63.2
54.1
*
59.7
62.8
82.6
62.7
89.2
62.8
*
86.9
83.5
82.8
87.2
54.9
*
85.5
57.5
91.8
58.9
90.3
95.2
55.6
87.5
53.1
73.9
84.5
85.4
56.4
61.8
59.0
91.4
55.4
65.0
85.3
61.4
90.5
83.7
82.0
54.7
64.5
56.6
83.4
63.1
63.3
86.0
53.9
97.9
63.2
56.7
53.2
57.6
81.4
92.6
54.1
56.3
83.9
57.7
84.4
74.4
68.2
86.6
84.3
53.1
79.1
68.3
88.1
54.5
87.8
85.7
61.2
92.3
57.9
86.0
62.3
57.8
66.2
85.5
85.8
85.0
66.2
83.7
89.6
68.7
86.7
51.0
85.7
80.5
80.8
84.7
71.6
96.2
85.1
75.9
87.4
59.2
60.3
67.0
53.8
85.5
76.5
83.7
*
59.8
65.2
81.1
*
78.9
56.8
56.0
60.1
74.6
61.4
80.2
62.9
88.3
90.7
89.1
85.8
64.7
70.4
88.7
67.1
78.7
63.3
64.2
63.2
86.0
67.2
91.0
61.7
62.0
