0.886
67.9
0.825
63.2
0.806
67.1
0.980
54.7
0.788
63.4
0.808
77.3
0.822
51.2
0.751
77.1
0.765
55.9
0.733
55.5
0.899
56.8
0.878
54.2
0.717
65.9
0.837
60.0
0.825
56.1
0.982
59.9
0.819
62.0
0.812
91.7
0.846
54.0
0.795
53.5
0.685
76.0
0.791
58.5
0.758
57.0
0.816
64.9
0.779
187
0.733
68.4
0.798
59.2
0.783
75.5
0.892
67.4
0.779
54.7
0.750
70.9
0.810
73.3
0.817
64.8
0.824
*
0.778
54.5
0.827
60.9
0.800
52.8
0.855
63.6
0.951
56.4
0.720
*
0.815
65.3
0.771
59.4
0.752
56.5
0.980
60.6
0.720
82.9
0.763
55.9
0.707
49.7
0.772
64.4
0.838
55.4
0.860
67.8
0.911
64.0
0.944
55.5
0.840
66.3
0.769
60.6
0.801
53.7
0.772
63.3
0.858
55.5
0.926
62.3
0.808
65.1
0.850
62.9
0.870
62.3
0.738
57.0
0.838
58.5
0.776
63.0
0.851
60.5
0.776
62.7
0.737
66.9
0.753
60.0
0.812
54.9
0.846
54.2
0.802
58.2
0.770
64.6
0.789
54.0
0.839
67.0
0.751
55.2
