84.1
44.4
57.5
55.9
72.2
58.9
58.6
86.7
65.8
80.5
74.6
53.4
59.2
61.2
64.6
59.2
105
55.6
63.3
56.8
57.4
66.1
54.1
119
*
107
96.5
*
86.6
71.2
69.7
55.3
56.0
54.8
71.1
68.7
68.3
58.4
63.6
57.9
58.7
70.5
68.7
55.8
*
68.4
59.6
61.0
68.3
76.1
66.5
64.6
55.6
57.7
64.7
58.6
56.6
54.5
71.2
*
58.7
62.3
63.4
61.2
60.2
64.7
62.6
70.2
73.8
67.0
65.6
61.4
53.2
62.9
65.9
77.2
56.3
67.7
56.5
61.0
63.7
58.7
90.4
59.1
54.7
57.5
60.0
58.6
62.3
72.5
55.9
57.2
71.7
60.1
61.5
67.8
58.4
60.4
62.9
59.2
56.2
64.7
58.5
68.0
58.1
54.7
72.3
68.5
71.3
65.4
56.4
58.6
51.2
60.3
*
67.8
58.0
53.3
61.7
63.2
57.1
74.8
71.9
64.3
56.3
84.2
64.9
58.7
72.4
55.5
53.6
64.2
65.6
58.2
66.5
65.2
63.3
65.3
57.0
66.6
63.0
61.4
60.9
58.6
