0.961
55.1
0.815
49.3
0.771
54.2
0.849
54.0
0.817
53.6
0.809
56.7
0.806
44.9
0.863
51.0
0.838
52.4
0.802
49.4
0.780
52.4
0.783
58.1
0.724
51.0
0.737
53.4
0.871
56.3
0.692
57.3
0.888
46.7
0.909
50.6
0.874
53.1
0.702
47.4
0.779
55.4
0.703
61.2
0.778
49.4
0.895
48.8
0.725
51.4
0.822
48.9
0.803
52.3
0.798
50.0
0.833
53.6
0.801
44.6
0.832
*
0.834
50.7
0.806
60.7
0.798
48.5
0.858
66.2
0.747
49.7
0.762
58.8
0.800
68.1
0.782
54.9
0.726
*
0.840
48.8
0.859
48.5
0.729
50.1
0.770
48.7
0.826
56.4
0.765
47.6
0.770
48.3
1.13
62.4
0.932
54.4
0.799
59.6
0.998
48.8
0.705
49.0
0.775
47.6
0.771
48.3
0.804
52.7
0.684
49.4
0.886
45.8
0.809
51.7
0.804
53.3
0.768
45.6
0.953
58.0
0.739
48.4
0.807
49.6
0.874
50.6
0.808
47.9
0.979
46.4
0.806
57.4
0.796
47.2
0.893
131
0.770
52.3
0.934
49.5
0.848
49.4
0.701
51.7
0.754
55.9
0.978
50.4
