1.03
72.5
0.826
61.3
0.845
63.8
0.823
57.1
0.736
63.0
0.765
63.4
0.762
70.1
0.671
66.0
0.759
62.0
0.720
64.0
0.726
65.1
0.731
56.4
0.730
61.5
0.762
61.0
0.762
59.4
0.735
66.1
0.805
62.0
0.780
56.5
0.721
65.3
0.764
61.5
0.777
62.4
0.816
62.6
0.785
59.3
0.803
62.6
0.735
64.9
0.682
60.9
0.771
60.8
0.704
60.9
0.722
61.7
0.763
63.0
0.930
*
0.723
60.1
0.793
67.8
0.853
75.5
0.748
58.2
0.814
62.3
0.775
58.4
0.768
63.1
0.810
62.8
0.742
*
0.868
68.0
0.764
63.7
0.720
63.9
0.797
57.3
0.768
63.6
0.797
63.2
0.750
60.4
0.759
70.0
0.775
61.7
0.820
67.1
0.780
60.2
0.728
61.1
0.725
69.6
0.731
65.0
0.930
64.4
0.776
61.5
0.756
56.6
0.836
57.9
0.772
60.6
0.800
63.0
0.793
70.9
0.742
57.4
0.750
70.6
0.826
61.1
0.822
65.8
0.693
61.3
0.803
60.2
0.774
68.3
0.827
59.0
0.766
73.6
0.685
64.8
0.694
57.9
0.756
61.0
0.808
60.9
0.805
75.4
