87.5
133
88.3
77.7
90.4
84.8
76.2
94.5
81.9
89.3
84.9
81.3
81.8
81.0
78.7
80.7
76.2
79.1
83.9
77.7
80.8
87.1
76.4
75.4
80.9
82.6
80.4
*
85.7
81.1
78.8
80.7
76.8
75.8
84.0
84.3
80.8
80.4
81.3
80.1
82.0
96.6
79.0
78.7
80.4
76.4
75.5
75.0
85.1
83.3
82.3
81.6
79.3
87.2
79.1
75.0
95.0
82.7
82.4
82.5
86.9
79.1
83.7
78.3
79.7
85.5
76.3
78.8
80.5
78.3
80.3
80.7
81.8
86.3
78.4
80.7
80.5
79.2
91.9
79.4
91.4
85.3
80.6
85.6
88.8
81.4
82.7
80.7
82.3
*
78.6
87.4
82.5
80.6
86.7
84.7
86.3
83.0
79.5
78.1
79.8
79.8
81.5
79.5
76.6
93.3
78.9
82.2
82.9
80.8
79.5
82.0
75.7
85.1
*
78.8
76.7
80.1
76.8
81.1
81.1
75.8
92.1
82.2
90.6
80.8
82.1
75.8
85.1
83.5
81.0
85.5
86.0
91.9
93.8
81.3
83.3
95.8
77.6
82.3
86.9
93.4
96.6
83.0
