141
144
86.3
83.5
82.8
83.9
87.8
103
81.8
91.0
81.7
90.9
85.6
89.9
86.6
91.0
96.0
91.2
82.8
89.4
87.4
86.8
96.6
82.9
101
88.3
88.2
*
88.1
87.3
90.2
85.1
85.4
86.9
92.8
84.6
87.8
87.7
101
92.1
86.0
85.7
85.8
91.6
87.0
84.9
91.8
110
87.4
83.5
87.8
87.2
90.4
91.3
85.8
90.8
94.4
85.5
86.0
101
87.2
88.9
88.2
96.1
82.0
88.7
87.1
85.4
80.7
102
87.1
82.7
90.0
84.1
90.5
92.0
*
92.6
94.5
87.6
92.7
87.7
86.9
90.2
90.6
83.6
86.3
86.7
84.3
105
85.7
83.3
83.3
87.7
87.3
93.3
90.8
86.4
89.9
97.1
88.1
92.9
86.7
89.9
88.6
91.0
95.6
98.5
94.1
90.4
86.0
85.4
93.8
127
*
86.0
86.7
84.9
90.2
86.5
87.7
88.4
88.2
87.1
89.6
82.2
96.9
87.4
82.7
92.9
83.7
86.4
83.2
102
90.8
90.1
84.1
93.9
83.0
89.8
88.1
105
90.9
91.2
