1.07
82.7
0.825
71.9
0.885
74.0
0.952
70.4
0.894
96.4
1.20
74.9
287
93.6
267
77.2
0.825
74.8
227
77.2
0.840
75.1
187
68.9
0.763
77.3
0.806
86.4
0.887
77.2
106
80.7
86.1
82.0
0.783
79.3
0.876
74.8
0.858
72.3
5.86
73.5
0.825
66.7
0.911
76.9
271
79.0
0.811
114
0.863
73.9
211
89.5
0.820
72.5
0.778
69.7
0.893
67.8
0.831
73.6
0.910
75.4
0.930
68.8
0.831
*
51.0
80.2
30.9
86.5
0.963
70.6
0.835
78.8
0.774
76.3
0.755
80.6
0.814
75.4
0.803
75.2
0.803
76.4
0.834
71.5
0.799
74.8
0.733
72.9
0.701
76.9
0.776
75.7
0.815
73.9
0.894
92.2
0.822
93.8
0.760
86.5
0.867
80.1
0.936
74.6
0.792
82.7
0.789
86.5
0.811
94.2
0.872
79.1
0.871
89.8
0.837
74.1
0.849
93.0
0.886
82.0
0.871
77.0
0.850
66.3
0.801
73.3
0.846
74.2
0.844
79.1
0.799
81.7
0.981
66.1
0.798
80.0
0.796
87.6
0.809
70.2
0.830
84.6
0.800
147
0.793
68.6
