174
60.7
74.8
64.9
64.3
64.5
62.7
65.4
66.1
62.7
65.0
64.0
66.4
63.1
66.4
65.7
61.6
65.1
62.3
65.9
58.3
59.5
66.1
66.1
67.0
65.5
64.6
69.5
65.8
62.2
64.4
74.3
69.5
66.9
64.4
57.7
63.9
72.7
71.1
65.0
58.1
66.7
64.6
61.3
64.4
80.7
65.0
64.8
66.2
71.1
62.6
69.9
65.0
66.4
66.3
73.7
64.1
70.0
66.7
59.7
62.3
60.1
63.6
63.8
62.3
69.6
68.0
70.2
65.9
58.4
58.1
63.7
64.4
59.7
75.3
65.4
67.2
69.0
60.9
63.0
66.6
64.9
62.6
64.5
64.1
64.2
69.2
61.8
65.1
68.3
64.8
59.2
65.2
61.4
84.9
65.7
64.6
64.8
62.4
79.4
63.0
62.1
67.0
63.8
64.0
72.0
63.8
68.4
66.6
62.2
64.1
68.2
61.9
61.2
*
65.8
61.9
63.7
58.0
64.0
67.4
65.4
61.3
74.8
63.6
70.0
59.9
62.8
61.9
67.7
67.0
65.1
62.1
63.2
61.4
63.8
64.2
67.7
70.1
61.6
67.6
63.5
63.2
60.4
