80.8
89.3
75.9
70.7
141
66.8
75.3
160
144
161
63.1
76.2
66.7
76.7
148
158
*
97.6
66.5
73.5
141
144
67.5
68.7
71.7
144
142
*
156
154
73.4
71.6
69.1
67.9
140
96.3
169
143
73.0
144
72.7
142
138
143
*
101
75.0
62.2
*
160
64.6
146
141
89.9
158
74.9
67.4
145
138
64.1
71.4
150
76.4
138
64.2
65.4
77.6
146
73.1
141
62.3
68.0
70.0
66.3
68.4
140
140
147
152
77.1
67.9
72.4
141
63.5
66.4
65.7
144
148
143
*
67.2
64.5
140
62.7
140
136
143
65.0
*
146
73.8
166
65.1
67.0
147
68.4
146
69.1
135
135
67.2
141
66.5
138
*
139
64.8
137
67.7
151
138
76.6
70.7
64.9
71.5
80.2
69.9
69.1
77.4
65.9
156
62.5
62.0
154
66.0
142
144
142
140
78.3
142
140
72.5
139
