121
94.4
53.2
64.7
60.1
63.9
62.6
60.3
53.5
62.9
56.0
55.9
51.9
66.4
60.9
59.2
60.9
65.0
52.7
67.3
70.8
57.8
62.8
47.7
45.8
48.8
56.1
69.2
66.2
73.3
64.5
61.3
67.9
49.4
51.5
54.8
62.9
47.7
63.1
65.5
60.8
52.7
66.3
61.0
49.5
60.1
51.8
50.2
79.1
57.9
52.4
51.5
63.8
65.7
68.3
50.0
61.1
50.0
51.2
51.5
48.1
58.8
54.4
65.9
52.6
50.5
53.8
48.6
71.5
61.6
50.7
51.5
62.4
59.1
50.8
54.9
50.3
60.2
57.0
62.2
49.3
50.4
47.7
49.9
59.9
63.9
62.1
51.3
61.1
59.6
45.4
76.2
45.4
64.1
50.1
53.5
60.0
49.9
62.2
60.4
63.8
60.2
56.5
54.1
60.1
52.8
62.5
62.7
51.9
53.7
60.4
62.2
59.3
62.6
*
59.4
49.6
47.2
52.0
52.8
50.8
66.9
58.5
64.5
47.8
71.6
63.0
52.1
63.1
50.8
82.9
49.1
65.4
59.1
62.2
64.8
65.8
49.9
55.2
59.4
60.5
50.5
64.1
60.7
