1.06
52.9
0.889
58.6
0.884
61.4
0.904
57.3
0.855
73.7
0.884
54.5
0.871
76.4
0.859
94.6
0.797
76.1
0.737
60.5
0.889
56.6
0.801
49.5
0.826
88.3
0.973
52.9
0.836
53.1
0.877
55.8
0.824
61.9
0.878
51.9
0.833
51.1
0.911
59.7
0.803
54.6
0.868
51.1
0.927
55.5
0.866
55.7
0.783
79.4
0.781
61.3
0.864
77.7
0.891
53.2
0.838
62.3
0.812
89.0
0.862
76.5
0.962
52.8
0.856
59.6
0.878
*
0.879
57.3
0.837
57.2
0.849
58.2
0.990
53.0
0.869
55.1
0.819
51.1
0.902
61.7
0.821
60.5
0.738
56.0
0.796
59.5
0.774
57.4
0.840
56.8
0.896
55.1
0.748
49.3
0.870
53.8
0.831
68.4
0.864
72.8
0.776
72.9
0.887
54.5
0.816
56.7
0.901
63.6
0.774
75.9
0.976
56.3
0.843
57.3
1.08
70.5
0.910
62.3
0.893
72.1
0.952
55.6
0.911
49.0
0.867
55.2
0.878
51.0
0.862
56.6
0.914
59.6
0.855
49.7
0.950
50.8
0.893
53.2
0.880
78.1
0.843
56.6
0.900
58.8
0.903
53.5
0.854
93.4
