0.932
60.4
0.802
49.4
0.882
70.6
0.823
45.0
0.811
63.6
0.828
72.1
0.835
83.0
0.779
90.9
0.809
57.6
0.773
72.3
0.781
52.1
0.698
51.4
1.10
56.8
0.939
52.9
0.810
52.7
0.783
54.6
0.755
82.2
0.876
53.1
0.779
54.7
0.803
52.7
0.770
55.0
0.736
76.5
0.821
58.3
0.819
57.1
0.971
79.9
0.815
60.9
0.777
50.8
0.715
59.6
0.840
68.4
0.826
85.5
0.938
94.9
0.860
60.2
0.794
55.7
0.814
50.2
0.842
65.2
0.824
62.5
0.942
52.5
0.845
67.8
0.806
54.8
0.821
*
0.814
56.4
0.803
52.0
0.779
59.2
0.741
56.2
0.809
63.4
0.788
57.4
0.921
53.1
0.804
52.8
0.819
84.4
0.815
53.8
0.775
55.0
0.807
63.0
0.834
95.7
0.858
49.0
0.783
53.7
0.775
78.9
0.818
72.8
0.791
49.8
0.827
81.2
0.785
77.6
0.789
73.6
0.792
52.0
0.834
79.2
0.786
71.5
0.766
68.4
0.816
78.4
0.966
80.1
0.800
53.7
0.785
77.8
0.831
81.7
0.755
51.3
0.876
62.2
0.789
51.2
0.751
51.7
0.735
73.1
