165
120
95.7
98.9
95.7
98.9
94.2
181
102
117
99.1
90.4
98.8
179
96.0
184
175
100
104
95.3
93.2
105
193
96.2
99.2
101
103
*
93.8
186
104
178
98.7
187
104
174
180
90.0
178
177
181
103
104
181
95.4
104
97.9
99.7
114
195
99.4
96.9
191
199
104
178
94.2
97.5
101
89.7
95.7
184
177
181
112
183
187
101
107
95.2
111
99.2
182
105
101
185
106
98.4
97.1
180
95.1
*
100
102
184
96.8
103
99.0
182
179
96.2
176
90.2
98.6
114
99.8
99.9
101
193
190
183
91.2
110
106
103
182
198
176
93.1
104
184
93.4
183
185
*
104
101
91.7
98.9
181
105
191
176
100
189
188
96.0
185
101
182
97.9
108
181
180
187
96.7
183
94.3
99.0
103
181
98.4
177
191
