0.850
90.4
0.801
86.0
0.823
79.5
0.761
91.3
0.727
78.4
0.806
83.1
0.932
83.9
0.752
60.9
0.718
53.9
0.727
48.4
0.743
104
0.790
82.4
0.706
86.9
0.961
81.7
0.844
83.3
0.801
81.4
0.740
85.1
0.737
82.2
0.862
81.7
0.841
67.0
0.784
80.7
0.752
77.8
0.866
58.4
0.800
84.5
0.764
80.0
0.972
82.2
0.759
85.0
0.981
86.2
0.738
79.8
0.744
90.5
0.830
*
0.861
50.7
0.772
82.5
0.778
54.8
0.784
83.8
0.807
56.7
0.897
87.7
0.770
49.7
0.771
82.1
0.728
*
0.714
81.6
0.876
89.5
0.782
82.6
0.753
80.4
0.835
78.9
0.745
80.8
0.727
49.9
0.865
80.5
0.777
92.3
0.792
88.3
0.812
83.6
0.724
83.8
0.757
99.5
0.803
84.0
0.802
80.9
0.928
85.0
0.774
79.4
0.785
89.8
0.807
80.5
0.772
117
0.822
88.4
0.731
117
0.786
93.3
0.766
83.3
0.730
88.7
1.14
80.5
1.02
99.1
0.920
80.7
0.786
*
0.780
51.4
0.826
87.6
0.754
80.7
0.974
84.3
0.847
79.6
0.727
81.8
