66.7
68.0
67.3
70.6
65.1
63.6
70.9
70.6
74.4
70.4
71.6
73.9
70.2
65.9
66.7
73.7
77.0
66.8
71.3
64.2
64.6
68.4
65.9
67.9
67.0
63.5
70.3
*
73.5
68.9
69.4
69.6
59.7
67.0
72.6
66.9
73.3
61.7
63.9
66.0
62.0
83.0
71.2
74.3
83.7
65.2
62.8
74.0
64.0
71.0
70.2
61.6
81.0
65.8
68.0
79.4
71.8
65.3
71.5
70.9
69.2
65.1
64.4
63.4
65.5
70.0
62.1
66.5
71.4
66.6
64.1
72.0
66.0
71.2
75.8
63.7
68.0
70.6
66.4
66.2
67.2
62.5
66.9
63.4
67.3
60.7
63.8
62.6
82.2
81.5
65.0
71.4
66.8
67.3
71.6
71.7
62.6
78.7
64.2
72.0
65.0
67.8
62.9
67.8
72.0
68.9
64.1
66.3
76.0
74.7
65.6
67.0
65.1
64.2
*
91.9
58.7
67.3
63.3
74.5
74.8
69.6
66.0
68.4
71.1
66.7
68.7
67.2
66.3
65.5
71.4
70.3
64.8
61.9
67.6
68.4
64.2
62.6
74.7
72.5
81.5
70.1
65.4
67.4
