0.870
93.4
0.871
114
0.807
84.9
0.834
85.0
0.779
90.4
0.878
82.2
0.879
80.3
0.758
117
0.830
86.3
0.800
106
0.824
85.9
0.829
89.6
0.804
91.2
0.770
83.7
0.863
120
0.689
83.4
0.833
*
0.826
80.2
0.842
111
0.770
119
0.762
92.8
0.774
83.5
0.872
110
0.902
112
0.837
113
0.775
83.9
0.850
85.3
0.813
87.5
0.784
82.5
0.869
80.7
0.834
82.5
0.858
116
0.850
80.3
0.835
113
0.829
93.1
0.822
118
0.845
85.3
0.835
114
0.902
92.4
0.810
*
0.892
84.2
0.768
78.8
0.790
119
0.727
82.5
0.767
86.2
0.845
84.6
0.767
107
0.726
82.8
0.803
113
0.848
83.7
0.854
81.3
0.761
78.8
0.748
117
0.765
123
0.735
84.5
0.793
82.8
0.862
105
0.849
85.5
0.835
84.7
0.827
106
0.802
86.1
0.750
116
0.756
90.0
0.818
85.6
0.799
86.0
0.744
82.7
0.775
82.8
0.718
110
0.742
85.1
0.858
111
0.849
87.5
0.745
84.5
0.817
88.4
0.812
112
0.733
84.0
