88.1
64.6
68.5
66.5
67.0
66.6
64.1
82.3
61.4
69.8
56.0
65.8
73.6
75.2
58.4
62.0
71.3
72.2
66.5
66.6
66.3
62.8
69.7
69.0
69.9
68.5
67.9
*
65.4
70.1
67.7
60.9
64.4
62.0
67.4
72.4
66.5
60.3
66.5
56.5
63.2
70.5
68.3
58.4
73.4
70.0
53.6
69.6
65.1
59.2
53.4
65.3
63.6
62.8
63.6
56.5
69.8
61.7
87.0
71.8
69.4
58.3
68.4
66.0
55.0
56.7
53.8
68.8
53.9
63.1
59.3
61.7
57.4
64.4
70.3
54.0
66.1
56.1
70.1
76.1
69.6
63.2
52.4
53.7
71.6
67.9
72.0
59.5
59.0
52.6
57.3
70.8
63.6
63.4
53.7
66.7
52.8
70.1
*
62.6
61.7
70.5
72.0
64.8
63.8
61.4
77.3
62.9
69.2
72.2
60.9
58.1
73.1
63.0
*
58.8
66.0
54.9
53.2
67.3
74.6
87.4
61.7
66.3
66.7
67.8
63.4
59.3
62.6
57.9
65.2
63.9
67.3
72.1
59.5
75.7
59.2
62.9
67.9
64.9
59.8
57.6
71.8
65.6
