0.897
54.7
1.01
65.8
0.768
53.1
0.796
55.4
0.761
54.3
1.04
55.9
0.760
54.4
0.837
56.6
0.838
53.7
0.835
53.1
0.801
61.9
0.780
66.1
0.792
63.1
0.854
63.4
0.785
60.2
0.771
64.7
1.07
61.0
0.843
58.7
0.843
63.7
0.862
63.1
0.825
53.9
0.791
58.2
0.801
66.5
0.858
61.3
0.969
54.2
0.761
56.9
1.03
65.4
0.763
59.3
0.779
56.4
0.764
57.0
0.824
63.7
0.807
62.4
0.834
58.8
0.830
*
0.797
58.5
0.819
60.8
0.810
56.1
0.852
61.9
0.768
53.0
0.741
62.6
0.821
57.3
0.793
54.7
0.783
58.3
0.777
60.3
0.819
55.6
0.799
56.0
0.730
52.3
0.780
58.7
0.836
62.6
0.796
55.8
0.795
56.9
0.820
58.0
0.821
67.5
0.753
61.7
0.865
56.7
0.775
55.1
0.820
55.2
1.15
57.1
0.852
56.0
0.877
64.0
0.823
60.5
0.816
62.1
0.806
75.4
0.836
57.9
0.848
71.4
0.959
63.0
1.02
60.6
0.789
61.2
0.816
53.1
0.881
57.0
0.803
61.7
0.742
62.6
0.837
57.0
0.830
56.1
0.778
53.7
