98.7
101
126
97.4
113
117
90.6
124
87.7
139
97.2
87.0
102
127
115
127
115
119
119
94.5
117
109
119
96.4
116
117
102
*
114
90.4
95.7
116
114
118
94.9
118
110
119
112
90.9
124
123
101
90.5
145
132
125
124
90.9
94.2
95.6
120
95.5
122
97.0
122
90.1
90.5
120
88.7
99.6
102
118
119
127
119
115
122
97.0
123
93.1
90.1
117
130
102
124
103
119
126
118
93.8
123
115
115
101
117
121
118
91.5
129
117
148
117
94.5
106
120
117
98.0
115
106
129
121
116
114
134
121
117
116
130
96.3
124
98.4
122
91.7
*
123
104
114
100
115
87.5
101
118
120
127
118
120
127
97.6
124
89.2
125
125
121
119
117
87.4
119
118
92.4
115
102
129
92.6
