57.8
98.5
62.9
60.2
62.0
57.2
62.1
59.9
61.5
67.3
76.0
66.0
62.6
73.7
73.3
79.0
61.9
60.0
56.8
62.1
59.2
66.3
61.5
57.1
63.0
60.5
67.0
63.4
61.9
60.7
59.0
56.3
64.6
62.8
59.6
61.2
60.3
60.8
59.1
63.3
62.5
66.0
62.5
69.0
64.0
64.8
67.5
67.3
67.2
67.5
57.1
70.5
65.4
65.1
62.9
72.2
63.5
66.7
58.7
58.5
61.1
65.7
59.7
58.8
58.4
63.7
67.4
60.0
60.7
63.7
59.1
60.7
68.0
67.5
65.7
64.5
67.5
82.7
56.9
66.9
62.5
64.4
67.0
59.3
59.3
63.5
64.1
71.6
58.0
152
59.0
62.0
66.6
61.7
57.7
61.5
65.0
61.2
64.3
60.4
64.5
63.8
59.6
62.0
63.3
63.2
71.4
61.8
60.9
60.3
63.3
62.0
67.5
64.4
*
61.0
58.4
58.2
96.1
61.8
61.1
81.2
62.5
68.6
69.0
63.6
60.6
63.8
63.2
61.0
63.6
58.9
69.4
63.3
61.2
57.3
74.4
61.6
63.4
64.8
70.4
60.3
65.9
74.9
