0.921
215
0.805
173
0.656
188
0.888
187
0.808
97.2
0.826
181
0.795
96.8
0.692
100
0.762
99.1
0.822
94.1
0.852
94.1
0.766
181
0.816
107
0.769
179
0.853
186
0.798
184
0.930
93.3
0.770
203
0.816
194
0.825
173
0.756
186
0.780
171
0.780
173
0.890
173
0.812
232
0.867
96.5
0.716
97.8
0.785
200
0.715
182
0.766
100
0.792
104
0.760
180
0.787
202
0.801
*
0.780
214
0.802
202
0.780
181
0.841
181
0.784
189
0.713
176
0.828
179
0.800
182
0.738
183
0.795
181
0.807
184
0.805
178
0.732
180
0.719
180
0.797
182
0.815
196
0.829
105
0.786
98.6
0.832
186
0.776
184
0.765
179
0.781
187
0.858
180
0.838
184
0.825
188
0.799
177
0.995
97.5
0.744
176
0.809
180
0.820
188
0.801
176
0.820
176
0.827
178
0.928
174
1.02
173
0.825
175
0.820
180
0.802
98.4
0.779
190
1.00
179
0.790
173
