117
128
83.6
92.7
121
124
92.3
87.3
122
89.8
127
90.7
94.0
105
97.0
98.3
92.2
100
98.4
93.9
94.8
127
93.3
89.5
123
98.8
121
*
127
134
87.8
89.5
125
93.0
126
89.3
86.9
101
92.1
95.2
98.5
122
126
*
85.2
128
128
123
101
122
124
107
121
97.7
93.8
98.7
124
86.9
120
90.9
126
87.6
89.6
94.1
126
94.6
91.4
125
120
99.2
124
120
95.5
119
92.4
87.8
129
90.4
124
96.6
88.1
122
90.8
121
93.7
120
89.7
92.2
124
97.4
132
87.7
88.9
121
120
127
126
127
134
123
87.2
90.9
93.7
135
127
97.5
95.1
88.9
98.5
121
94.3
87.0
95.4
126
*
121
104
118
*
96.7
122
92.6
103
121
90.1
89.7
89.5
92.6
127
95.4
92.4
122
88.8
94.4
90.7
123
125
109
123
100
120
127
91.3
121
