102
126
127
73.3
79.5
138
79.0
69.3
69.3
87.2
122
68.3
73.3
70.0
78.2
68.7
124
135
64.9
70.3
75.1
126
128
70.3
65.9
74.6
74.2
*
72.2
70.8
124
124
122
124
76.4
124
70.9
67.9
126
70.1
73.8
71.7
68.4
73.0
151
*
108
110
102
88.5
74.5
85.1
82.2
86.5
88.0
96.4
92.9
69.9
86.5
67.7
82.7
*
90.3
93.5
93.9
83.7
83.9
88.9
89.7
86.5
70.4
78.2
74.8
90.6
93.0
89.6
93.1
91.1
90.2
86.1
95.4
79.2
96.0
83.1
89.6
85.8
88.2
105
69.8
83.4
89.4
80.2
87.5
80.2
83.9
87.7
83.6
88.8
*
86.5
67.4
85.6
94.5
89.9
66.9
89.7
69.2
101
112
97.1
90.9
80.9
84.7
76.3
*
90.2
87.2
94.3
72.5
90.7
109
92.1
86.0
75.6
78.2
65.3
87.9
87.2
86.9
87.6
73.2
66.0
75.7
93.4
84.3
77.8
87.8
101
73.2
98.2
91.1
85.3
87.9
82.4
