117
110
133
133
132
131
125
82.3
87.8
123
127
124
87.1
124
78.0
150
150
157
142
137
113
145
100
97.9
122
90.8
82.1
*
132
81.1
95.0
122
128
94.2
82.0
106
83.4
84.8
85.4
83.3
108
82.9
121
85.9
133
127
127
87.5
82.1
101
125
136
82.8
88.7
133
123
125
123
88.0
123
125
83.9
92.1
84.0
126
90.4
124
86.4
83.8
82.3
127
123
88.4
125
123
126
123
81.9
121
94.0
123
132
99.5
124
87.2
82.6
83.1
90.6
97.6
133
133
91.5
89.3
123
123
90.0
125
89.8
83.9
94.1
84.0
80.0
135
122
122
129
81.6
95.5
122
86.4
125
125
81.8
83.2
*
82.6
128
132
123
128
131
91.8
123
125
120
124
84.1
90.3
130
87.8
129
132
125
88.1
81.1
88.3
126
126
125
125
122
128
89.0
87.7
