119
101
69.4
106
109
118
115
80.2
107
63.5
108
129
109
106
67.9
108
108
105
107
118
68.6
82.1
123
110
107
110
110
*
102
65.1
110
74.5
105
63.4
106
71.6
65.1
75.5
66.4
64.7
110
116
108
61.2
120
105
109
104
106
84.4
112
68.9
69.7
107
66.5
71.0
75.5
65.8
108
112
75.6
112
108
63.6
105
68.2
73.8
107
107
73.7
109
127
106
110
106
64.5
104
71.3
108
105
116
107
59.4
106
84.5
112
58.9
61.8
62.7
67.5
106
107
71.9
108
112
114
104
108
111
109
106
81.4
105
107
109
63.9
76.1
106
65.1
112
67.8
59.7
112
69.9
*
115
104
60.4
119
120
114
81.5
106
107
103
147
63.9
77.8
71.0
65.2
66.7
107
117
69.5
102
105
123
67.0
75.3
111
106
106
112
63.7
