125
75.7
73.1
59.1
51.2
67.8
69.9
60.8
57.4
65.0
54.4
71.3
65.1
59.4
54.1
69.6
68.4
53.2
63.7
62.6
54.9
54.2
69.1
60.8
62.5
63.3
53.0
50.8
62.3
56.2
59.5
63.0
56.4
66.4
55.8
62.2
60.3
66.1
66.7
64.6
51.8
58.9
55.9
82.6
66.3
83.9
58.1
78.3
61.9
63.6
61.6
72.6
60.5
51.3
69.9
64.6
56.7
63.2
59.7
58.9
56.5
63.7
64.5
68.9
62.6
64.9
66.9
72.4
63.6
67.6
50.6
59.0
56.9
50.7
63.3
61.4
51.9
58.3
53.6
51.6
75.6
53.9
56.9
61.7
62.4
81.3
58.6
63.9
57.7
58.0
60.7
58.7
51.6
60.3
55.1
65.2
60.0
63.9
64.5
50.9
78.0
*
55.8
57.8
76.3
65.5
68.6
55.0
59.2
67.9
64.3
63.5
63.8
65.9
*
68.5
53.2
59.8
66.0
72.2
59.1
62.2
59.8
63.9
68.7
67.7
64.3
58.3
62.7
63.8
59.5
72.6
64.0
63.0
54.4
95.8
59.6
90.5
55.1
55.5
63.9
62.3
64.1
51.5
