0.842
67.5
0.728
68.6
0.819
65.8
0.820
69.4
0.843
65.6
0.788
71.0
0.825
68.1
0.718
69.0
0.692
71.6
0.684
64.7
0.787
67.3
0.720
69.6
0.744
68.4
0.839
65.2
0.828
66.9
0.688
69.8
0.776
66.9
0.824
64.9
0.793
71.4
0.800
74.0
0.707
70.9
0.755
62.7
0.761
68.8
0.843
82.7
0.763
113
0.744
65.1
0.780
65.1
0.755
66.5
0.780
69.5
0.841
109
0.785
66.5
0.996
69.3
0.903
68.6
0.828
66.6
0.806
66.7
0.718
62.3
0.793
70.1
0.779
76.5
0.787
67.1
0.718
*
0.788
63.6
0.789
65.8
0.703
66.8
0.712
65.7
0.893
66.8
0.773
67.5
0.770
79.2
0.744
73.0
0.800
69.5
0.751
60.9
0.742
66.9
0.700
73.1
0.856
110
0.672
67.6
0.869
61.5
0.762
68.1
0.776
66.2
0.738
80.2
0.780
64.6
0.785
65.3
0.842
69.6
0.723
66.5
0.731
69.2
0.821
76.9
0.774
65.0
0.803
65.8
0.941
75.3
0.843
66.6
0.797
68.2
0.836
69.3
0.818
70.8
0.750
74.8
0.803
70.5
0.796
67.3
0.678
67.5
