119
143
71.2
70.5
117
116
74.4
74.1
67.4
75.3
82.0
84.6
75.7
75.5
*
76.6
122
71.9
115
80.2
75.4
72.2
119
72.1
117
71.7
77.3
*
86.2
72.9
75.7
68.8
118
118
83.3
116
116
72.7
121
74.4
84.1
74.0
72.1
71.0
118
75.2
122
68.7
72.6
101
117
72.3
80.4
71.5
71.9
77.1
85.0
91.9
73.3
78.5
71.5
79.9
79.7
118
123
119
67.2
111
128
89.5
116
98.6
90.4
117
93.5
96.3
114
92.2
128
96.9
118
124
90.4
120
121
94.2
97.9
87.8
97.3
120
116
96.1
94.6
118
121
104
116
91.8
137
94.2
88.5
97.1
98.9
182
168
182
159
181
130
136
120
124
117
145
*
129
124
134
*
203
118
116
118
205
*
196
112
123
116
119
126
211
203
117
127
207
127
121
116
117
133
143
142
122
