0.848
57.9
0.866
58.4
0.767
54.3
0.775
52.8
0.788
51.9
0.821
54.5
0.762
67.0
0.799
50.9
0.773
58.5
0.775
50.4
0.814
53.2
0.672
49.4
0.763
48.6
0.817
53.7
0.849
51.5
0.764
48.7
0.864
54.8
0.787
52.3
0.798
50.5
0.762
51.6
0.768
51.7
0.898
52.0
0.759
48.8
0.819
52.0
0.717
58.3
0.693
55.3
0.757
59.3
0.767
50.1
0.812
51.7
0.703
54.2
0.789
*
0.814
50.2
0.785
62.2
0.783
49.4
0.796
53.7
0.785
49.2
0.755
58.1
0.723
50.7
0.796
55.0
0.704
*
0.782
58.5
0.899
68.9
0.743
58.2
0.781
60.3
0.724
52.7
0.731
61.6
0.783
50.7
0.716
51.4
0.755
51.8
0.783
54.4
0.741
57.7
0.729
47.9
0.778
49.4
0.760
55.1
0.751
55.3
0.739
57.5
0.766
56.5
0.812
52.0
0.803
69.6
0.824
56.2
0.813
61.0
0.787
49.2
0.804
50.9
0.806
57.7
0.790
52.2
0.888
57.3
0.976
54.6
0.727
50.8
0.838
52.9
0.804
49.0
0.781
55.2
0.743
56.9
0.726
49.8
0.791
52.0
0.776
55.0
