84.7
84.3
112
110
69.3
78.4
114
67.9
76.9
62.3
68.3
114
62.8
66.0
74.6
71.3
109
64.2
70.5
107
67.5
108
107
109
63.8
61.2
65.8
*
65.8
74.1
107
78.0
71.8
117
68.0
110
106
70.6
106
70.7
65.4
67.9
67.6
66.2
109
113
65.3
63.8
125
91.5
105
66.6
73.0
70.7
65.2
66.1
106
66.9
68.7
112
106
101
67.2
124
62.2
114
68.3
70.3
69.3
64.9
65.6
114
66.4
112
106
74.3
106
66.6
67.6
67.1
61.2
116
72.5
102
107
69.8
63.6
66.2
67.1
116
108
69.8
65.0
107
106
72.4
107
69.4
108
68.3
67.6
71.7
66.3
109
65.9
75.7
74.0
66.2
63.2
66.0
61.4
62.5
72.8
72.6
*
73.7
77.9
72.3
70.0
78.3
67.0
106
72.4
67.4
68.5
101
65.4
107
73.2
116
67.8
67.7
110
62.1
72.6
112
63.5
67.2
107
107
72.6
113
65.7
69.9
