88.0
104
68.2
84.0
107
82.5
72.1
75.2
104
74.5
105
82.7
101
82.0
72.5
77.9
71.4
75.5
109
78.0
74.7
116
76.3
72.7
103
109
106
*
107
112
77.8
72.7
75.0
71.5
111
73.4
68.7
84.4
74.5
75.1
75.3
110
104
74.6
71.4
80.3
110
116
84.3
137
131
71.8
104
89.9
72.2
78.0
124
75.4
109
79.8
141
72.3
78.6
70.4
74.0
82.9
71.3
120
134
106
105
68.0
72.6
72.2
69.7
68.9
80.7
78.9
77.5
109
110
107
78.8
134
81.4
113
69.8
76.7
120
113
79.4
72.2
72.2
109
75.6
118
75.3
107
70.9
84.4
72.6
72.7
113
110
103
81.4
71.2
73.6
71.0
114
75.5
89.9
80.0
73.6
*
102
106
67.4
106
80.0
122
84.9
107
105
71.3
88.1
109
72.7
109
83.2
72.6
70.2
74.3
70.1
74.8
72.6
120
71.5
67.2
77.0
105
101
79.9
80.2
