126
132
68.3
69.8
78.2
123
69.5
73.0
114
117
73.9
64.9
74.0
70.5
73.7
70.3
74.9
95.0
77.5
69.8
70.7
71.2
71.3
71.7
117
86.7
73.4
*
70.8
72.0
71.1
65.3
67.4
67.8
72.0
68.0
73.4
84.3
65.3
84.2
78.7
77.4
71.6
70.5
114
125
70.3
65.3
72.0
70.4
70.9
70.0
83.9
70.8
77.5
75.3
80.0
78.9
66.6
93.3
73.3
69.2
77.4
79.0
77.0
70.5
80.7
71.9
69.5
69.2
79.2
73.8
72.0
119
65.7
72.4
72.9
80.2
85.3
69.3
79.4
67.3
72.6
69.4
67.3
70.4
71.2
75.1
65.6
127
74.5
75.3
73.0
77.6
75.8
86.0
71.7
69.6
122
104
88.6
79.4
70.7
68.5
67.1
73.0
73.2
82.2
74.6
69.8
72.1
75.1
72.9
74.9
*
71.9
74.1
66.9
71.4
67.0
69.8
71.7
66.9
71.5
67.6
69.8
70.7
76.7
74.3
72.4
73.1
70.8
83.9
73.4
71.6
67.5
79.1
84.0
76.0
69.6
72.1
70.0
77.1
67.5
