110
98.0
86.2
80.7
86.7
88.2
79.5
83.1
89.8
91.0
85.3
80.4
81.6
80.7
104
80.5
82.5
87.1
81.6
80.2
95.1
84.3
99.2
78.0
77.0
82.4
79.2
*
83.0
80.8
80.3
82.5
116
97.1
77.4
94.0
81.9
87.4
93.3
82.5
81.7
76.0
84.3
85.2
81.6
119
86.9
202
197
201
105
200
191
196
203
188
202
205
192
102
190
188
192
90.2
187
91.2
198
186
105
190
91.4
199
194
97.1
196
192
94.8
194
86.9
199
191
94.5
191
86.0
196
195
101
110
124
92.9
106
98.7
86.8
92.5
89.0
95.1
90.1
105
97.1
114
101
106
102
92.9
89.5
102
110
96.6
101
99.2
101
108
108
109
*
105
107
104
*
*
139
128
*
118
106
90.3
94.0
87.2
78.4
83.6
80.1
96.4
102
107
83.6
74.2
67.0
69.4
102
101
70.9
83.2
79.5
104
