1.02
67.7
0.907
48.0
0.867
52.6
0.858
55.8
0.822
50.4
0.917
47.6
0.736
51.1
0.773
70.6
0.763
49.7
0.732
43.0
0.778
49.5
0.745
43.3
0.811
65.8
0.826
64.0
0.844
47.3
0.789
66.2
0.809
76.6
0.846
47.6
0.806
45.6
0.830
68.3
0.800
48.4
0.805
52.1
0.989
44.0
0.811
45.6
0.981
63.8
0.784
51.4
0.755
59.9
0.765
49.8
0.851
61.3
0.758
46.2
0.799
57.5
0.848
49.9
0.859
67.5
0.863
64.8
0.753
58.7
0.749
69.6
0.770
66.7
0.802
47.7
1.02
48.4
0.800
*
0.840
74.9
0.820
47.1
0.791
50.6
0.782
48.0
0.914
65.4
0.737
68.0
0.740
48.7
0.881
47.2
0.787
72.8
0.752
47.9
0.798
53.3
0.771
58.8
0.855
63.6
0.799
58.3
0.910
49.2
0.739
46.6
0.893
56.4
0.812
51.5
0.717
125
0.792
65.7
0.817
55.4
0.718
65.3
0.853
64.4
0.846
47.1
0.822
60.4
0.847
67.1
0.807
48.5
0.739
69.5
0.853
62.7
0.795
50.6
0.828
66.4
0.786
48.4
0.774
50.4
0.810
45.8
0.705
108
