0.888
65.2
0.796
71.7
0.803
80.8
0.838
86.6
0.795
74.4
0.810
90.4
0.771
70.6
0.738
82.2
0.815
66.8
0.817
90.4
0.730
66.2
0.730
63.9
0.749
85.0
0.860
72.1
0.788
72.3
0.754
75.1
0.846
87.8
0.804
95.7
0.795
74.6
0.835
69.1
0.758
82.2
0.765
66.2
0.801
72.7
0.851
71.1
0.762
65.7
0.779
74.6
0.831
66.6
0.801
63.9
0.795
74.8
0.798
71.8
0.837
90.8
0.877
75.8
0.817
71.1
0.809
*
0.848
67.0
0.914
68.1
0.826
80.1
1.00
177
0.822
*
0.773
118
0.804
91.0
0.765
82.2
0.729
69.8
0.770
74.6
0.948
80.1
0.738
87.7
0.928
73.0
0.741
68.9
0.836
68.7
0.747
66.7
0.790
77.7
0.756
88.3
0.803
87.6
0.743
78.5
0.888
87.8
0.762
88.2
0.827
82.6
0.780
62.9
0.843
98.1
0.858
86.3
0.805
113
1.04
72.8
0.938
100
0.846
65.7
0.788
73.8
0.864
82.7
0.868
65.1
0.797
110
0.829
86.6
0.830
67.6
0.815
65.8
0.705
75.1
0.774
62.8
0.765
70.9
0.795
94.5
