49.2
72.8
62.3
62.2
56.8
57.9
50.0
52.7
76.6
63.9
57.8
94.0
52.6
56.6
59.1
50.2
53.0
51.5
66.4
54.1
50.5
50.0
53.0
52.0
52.4
58.3
56.3
53.1
60.4
51.3
56.0
54.8
58.5
52.8
55.4
54.0
62.7
51.2
60.9
52.7
70.3
54.4
197
50.0
51.9
49.1
50.9
53.1
53.2
54.3
59.0
53.9
58.7
50.0
68.1
67.1
57.7
48.3
57.2
73.8
58.0
54.1
59.0
55.6
50.0
111
99.1
126
88.0
71.8
83.8
57.0
53.1
61.0
63.4
64.5
52.1
55.4
76.9
60.0
50.1
45.5
58.1
78.9
56.2
60.2
42.0
48.6
60.9
46.2
56.7
56.0
81.2
53.3
59.2
50.6
52.3
45.5
49.5
47.0
47.0
49.9
