157
165
71.6
71.2
79.9
81.0
69.8
72.0
70.9
94.6
105
76.4
106
94.5
80.0
95.7
91.5
95.5
81.9
73.0
78.1
82.9
76.0
87.0
81.2
91.2
78.8
*
101
92.8
76.0
68.2
84.6
96.0
74.5
77.0
97.9
73.5
74.4
90.0
101
78.9
79.8
84.8
74.4
102
68.4
81.6
77.5
97.5
104
75.8
92.3
98.6
72.4
79.4
98.7
67.6
72.3
68.0
93.2
132
98.7
115
66.7
79.4
71.4
81.7
69.8
73.2
101
98.6
99.0
103
70.3
71.2
109
72.8
68.4
96.7
77.9
102
74.8
97.7
95.6
70.7
74.2
76.9
93.9
73.9
102
*
88.5
104
103
78.1
101
66.7
*
94.2
95.8
75.7
99.6
93.3
88.4
67.0
71.8
109
75.3
80.9
76.7
72.6
97.9
81.7
*
84.7
94.6
74.8
95.3
82.5
74.6
97.7
97.1
100
78.5
71.4
80.6
77.2
101
70.7
113
111
75.7
73.2
92.2
72.6
77.3
101
107
102
74.4
95.1
98.5
96.4
