204
189
123
78.7
119
115
87.1
113
121
80.1
79.9
87.8
116
78.2
79.1
74.0
114
110
115
83.6
76.0
85.9
80.0
81.4
113
118
120
*
85.3
74.8
132
77.6
112
90.0
114
78.5
82.1
82.7
87.6
81.2
88.0
96.9
134
76.7
120
111
88.4
123
123
77.5
84.3
78.9
76.8
77.4
77.9
83.7
82.8
79.3
109
120
88.2
122
81.4
77.4
75.7
86.7
79.8
112
81.9
77.0
77.8
79.4
80.3
113
116
75.7
90.2
81.1
115
84.5
116
78.6
79.1
83.0
81.8
111
77.3
86.0
79.2
77.9
95.8
74.1
78.4
85.6
79.5
114
79.3
112
126
76.6
85.9
116
115
81.3
115
77.6
79.5
80.1
82.4
114
76.3
76.9
75.0
78.7
*
120
126
76.7
77.5
76.8
122
74.3
78.3
111
78.3
130
80.4
86.9
85.4
74.4
85.4
114
123
83.2
90.6
117
116
79.5
78.2
78.5
114
112
74.4
117
