126
*
78.5
54.0
47.9
55.6
51.8
57.8
53.7
68.3
49.2
44.1
64.9
57.1
45.1
74.6
71.7
58.1
64.1
51.9
48.8
56.0
62.0
58.1
45.7
68.2
54.3
*
70.1
53.0
48.8
48.1
46.3
57.4
52.0
63.5
62.2
56.9
67.8
61.7
74.9
58.9
48.7
61.6
47.5
61.6
57.7
58.6
48.6
47.7
55.2
75.8
49.3
89.9
61.4
55.8
57.0
67.9
54.3
59.1
57.3
63.9
79.1
69.4
52.5
66.2
63.3
65.0
175
47.6
61.9
45.2
61.7
67.0
69.2
64.1
52.3
56.2
52.1
63.0
58.0
49.1
52.3
60.7
64.6
50.5
56.2
58.4
52.8
49.7
182
*
50.0
49.7
172
55.3
49.1
49.6
*
53.5
115
45.4
68.7
50.4
49.8
58.0
70.6
63.3
68.1
57.0
55.8
71.1
89.0
67.8
*
47.4
64.8
59.0
50.0
62.4
59.2
63.4
52.5
62.0
72.7
64.8
62.7
66.5
57.8
63.5
59.7
57.7
53.6
67.0
58.3
54.8
65.0
66.7
56.6
184
170
52.8
53.2
52.2
