101
130
65.7
63.2
73.8
115
67.5
67.3
121
62.4
59.8
59.3
58.3
89.8
65.2
61.5
69.2
64.7
117
65.6
63.7
59.6
65.4
53.4
77.2
118
116
*
73.2
57.5
65.3
63.2
121
62.5
118
74.4
62.1
61.4
70.0
53.5
77.5
116
117
*
57.3
83.2
126
65.7
63.0
74.3
115
70.7
73.4
63.7
67.3
66.8
62.6
64.6
117
73.9
62.3
*
64.9
62.6
118
66.5
63.0
118
66.4
64.7
60.7
62.3
80.8
122
60.8
66.4
118
67.1
121
54.0
60.7
116
66.0
118
70.8
66.1
65.1
62.0
60.0
58.8
121
66.9
62.2
121
113
119
60.2
57.9
63.4
61.1
59.7
65.9
60.7
118
116
64.0
56.6
65.1
69.0
115
58.7
62.8
62.6
59.5
*
118
71.4
64.9
*
69.8
120
65.5
75.2
115
*
62.8
63.2
60.4
71.2
72.7
69.5
118
59.0
60.2
63.6
112
60.2
63.5
69.0
65.6
63.9
117
65.5
61.2
