68.3
103
111
90.5
92.2
70.3
90.3
68.7
80.1
68.1
87.7
90.6
71.0
63.5
74.3
81.6
95.1
80.4
63.0
90.2
65.9
95.6
93.4
88.5
93.9
82.0
73.0
*
165
114
110
95.1
85.0
74.6
70.7
89.8
88.3
86.4
91.6
88.4
72.6
75.5
74.0
80.3
84.4
90.7
66.5
70.4
95.9
87.8
91.8
75.3
91.1
70.1
86.0
89.1
89.6
86.7
68.4
91.9
85.2
91.4
89.8
96.8
92.6
71.8
86.7
69.4
85.9
85.0
89.8
98.9
92.3
86.9
72.1
90.0
91.1
81.9
89.5
69.8
85.1
85.0
73.8
87.3
91.1
73.8
101
83.5
90.7
85.6
83.8
88.7
72.6
86.6
88.6
75.5
85.6
72.8
87.6
89.1
69.3
70.0
89.0
87.0
84.9
97.0
88.4
79.9
73.5
75.8
89.5
89.5
71.3
67.3
*
79.1
80.5
86.2
98.5
104
72.3
90.8
88.9
89.0
70.9
80.8
77.2
83.0
69.5
89.7
83.6
88.1
73.8
81.0
72.5
90.4
79.0
78.1
91.1
97.0
94.1
86.8
99.1
93.9
