119
182
81.8
92.3
132
132
83.7
87.5
127
101
133
85.7
130
87.8
80.6
85.7
85.5
87.4
131
83.8
80.7
83.0
81.0
97.3
132
132
131
*
126
83.4
95.4
83.2
127
86.4
134
82.6
82.8
109
80.4
86.2
132
131
128
80.9
85.1
79.3
131
132
85.0
77.8
137
82.3
80.6
82.7
98.1
96.2
80.3
81.7
84.4
106
87.9
131
93.6
83.3
129
93.7
83.6
130
129
87.9
128
85.4
83.5
131
130
81.7
131
95.6
129
85.9
130
138
92.9
134
86.8
131
91.8
86.8
92.9
96.6
131
*
80.6
127
130
83.5
131
132
84.6
83.6
79.9
132
129
131
129
86.3
89.2
80.4
91.1
131
90.2
112
82.6
90.7
*
80.8
130
81.1
*
93.8
139
89.2
80.5
130
98.3
99.8
89.9
79.2
134
87.8
104
133
102
98.7
84.2
129
130
92.1
89.8
85.8
131
130
96.0
85.6
