85.5
64.5
81.7
57.8
83.1
77.7
54.5
53.1
61.1
73.5
89.1
52.3
62.1
80.4
60.7
78.1
81.9
54.4
58.2
61.5
55.9
76.9
54.3
57.9
76.5
75.9
82.0
*
60.3
76.8
60.3
76.0
80.8
83.8
72.1
57.2
76.6
62.5
54.8
67.1
80.2
54.5
69.7
51.7
54.0
53.3
78.1
60.8
64.0
79.8
85.7
75.6
82.7
90.0
58.0
76.3
87.8
54.5
59.7
55.4
83.4
77.0
72.7
84.3
79.2
58.4
77.2
77.9
83.7
59.5
79.5
82.6
80.7
55.4
66.2
79.6
76.5
63.9
82.8
86.3
57.5
59.5
57.4
77.9
80.9
56.2
69.7
50.4
76.7
81.2
76.7
83.4
50.7
83.7
72.5
54.5
81.5
78.7
80.0
81.8
87.6
52.3
60.5
52.8
84.5
77.0
64.1
84.7
87.1
56.3
78.5
77.6
82.4
55.2
*
75.3
56.8
53.6
83.5
80.1
58.1
80.1
71.5
77.1
79.9
53.9
60.3
78.5
51.5
51.2
59.0
74.9
82.4
52.4
77.9
87.7
56.9
75.6
78.5
82.1
68.3
78.1
76.5
76.1
