0.957
84.8
0.847
88.8
0.899
80.9
0.878
120
0.916
84.0
0.907
78.9
0.863
82.4
0.840
105
0.819
80.9
0.810
100
0.850
80.2
0.862
80.4
0.803
80.4
0.863
85.5
0.860
81.9
0.803
100
0.930
95.4
0.796
83.3
0.869
81.8
0.874
89.7
0.760
80.6
0.757
100
0.922
76.7
0.880
81.3
0.750
86.8
0.762
84.8
0.953
78.0
0.951
74.8
0.906
81.2
0.830
75.8
0.866
77.3
0.957
78.4
0.822
78.2
0.793
*
0.834
78.9
0.828
115
0.759
108
0.849
95.8
0.804
75.2
0.786
77.9
0.871
85.8
0.794
80.5
0.775
83.2
0.743
77.3
0.826
89.1
0.786
104
0.763
81.2
0.753
89.3
0.788
85.9
0.780
88.2
0.852
221
0.758
180
0.798
149
0.757
127
0.740
87.8
0.810
87.4
0.774
92.8
0.814
140
0.826
104
0.933
104
0.862
82.2
0.782
104
0.874
94.1
0.796
94.4
0.784
93.9
0.815
84.2
0.825
133
0.825
108
0.842
129
0.985
145
0.841
104
0.780
84.5
0.801
91.5
0.850
144
0.768
109
