*
78.0
114
121
113
128
118
117
115
134
120
123
117
117
124
117
114
114
117
116
124
116
118
114
114
118
116
*
123
123
115
117
114
115
114
116
111
121
116
120
121
120
120
118
128
120
117
115
121
121
121
119
117
114
112
122
124
110
118
115
114
117
116
114
121
115
121
115
123
114
129
120
114
115
116
122
115
119
115
116
114
121
115
112
118
114
115
110
115
113
112
119
119
115
126
118
125
115
113
116
122
115
115
116
114
118
121
114
116
123
118
117
117
119
*
120
114
113
113
*
118
115
114
128
134
110
157
121
114
116
116
143
117
114
114
119
128
116
113
122
121
113
116
112
