105
139
79.3
76.0
78.3
90.3
81.6
79.7
75.3
82.0
105
74.7
82.1
90.7
77.9
79.9
79.7
78.8
90.1
76.1
105
100
77.4
77.1
80.0
86.9
78.4
*
104
73.3
79.6
77.1
103
74.8
80.6
74.3
102
94.7
75.8
81.8
82.3
80.2
108
87.0
80.1
112
103
78.6
82.9
82.4
100
80.7
80.7
95.4
77.4
81.9
109
80.3
74.7
110
103
107
82.3
113
105
87.2
85.7
81.0
79.7
77.9
83.7
111
79.2
75.6
79.6
78.5
100
78.0
105
76.6
78.7
98.1
104
98.9
104
77.3
78.3
80.1
75.1
108
111
82.5
76.9
104
84.2
76.6
79.7
77.8
84.0
78.3
76.8
80.3
73.1
105
102
78.1
81.3
82.1
80.0
76.7
79.9
80.2
86.5
76.6
*
76.2
92.3
79.9
79.2
84.8
82.4
102
84.2
79.4
89.5
78.3
81.2
79.6
98.7
72.3
78.9
84.2
82.1
77.0
109
76.9
81.7
84.8
113
105
102
97.7
81.0
75.3
