1.06
46.0
0.814
55.2
0.759
50.3
0.842
52.1
0.789
58.4
0.835
52.2
0.824
49.9
0.730
47.9
0.822
49.8
0.795
51.4
0.820
53.6
0.787
56.6
0.757
56.2
0.815
57.4
0.806
57.5
0.752
54.8
0.839
50.9
0.819
49.4
0.808
50.2
0.848
51.6
0.767
54.8
0.790
56.5
0.782
52.3
0.842
47.2
0.750
55.5
0.746
49.8
0.839
49.1
0.782
50.4
0.782
61.1
0.786
53.8
0.787
50.0
0.804
51.1
0.743
58.0
0.768
*
0.829
58.9
0.842
50.4
0.808
50.6
0.807
54.3
0.840
50.0
0.768
*
0.717
52.7
0.756
53.9
0.747
49.1
0.762
54.8
0.750
56.3
0.745
54.6
0.684
55.6
0.764
52.2
0.756
50.7
0.780
59.5
0.795
55.5
0.742
46.6
0.833
51.3
0.760
53.6
0.770
53.5
0.794
57.8
0.827
58.6
0.828
52.8
0.884
51.8
0.846
68.7
0.763
49.2
0.774
52.3
0.803
57.0
0.810
51.0
0.822
52.6
0.816
55.0
0.804
54.5
0.774
47.6
0.848
46.2
0.815
49.8
0.807
49.8
0.742
52.4
0.750
50.9
0.855
50.7
0.716
50.5
