114
66.0
103
88.6
88.7
65.0
105
72.5
104
112
75.8
97.8
109
77.3
94.4
65.1
94.5
101
68.6
103
89.2
95.6
99.9
94.6
97.7
77.5
111
*
84.5
73.2
93.0
104
73.7
108
126
98.3
94.6
68.9
107
68.9
70.2
95.4
102
69.3
99.6
83.9
68.2
90.3
95.5
67.4
81.2
94.2
71.8
74.9
71.4
110
93.4
73.6
96.9
72.8
104
101
95.3
108
70.6
91.3
117
79.4
70.2
103
67.8
94.8
77.1
83.3
95.7
109
72.6
70.5
126
73.4
91.2
71.9
71.0
69.2
89.8
101
72.0
87.5
77.4
73.3
78.9
68.9
136
66.5
66.5
95.6
72.6
95.3
72.2
69.3
68.6
104
110
71.5
95.6
105
78.0
72.2
96.8
109
106
82.0
76.4
73.4
*
102
111
86.5
73.1
74.5
67.9
91.3
103
74.2
80.3
71.6
105
112
69.0
92.2
69.5
66.3
97.1
69.8
72.0
74.6
96.3
104
93.1
93.8
91.2
76.8
101
64.7
