132
129
88.8
86.4
99.2
76.8
77.8
142
79.9
92.7
81.7
99.4
79.8
80.2
86.4
87.1
89.0
93.4
94.1
87.8
110
81.1
114
79.8
76.4
143
84.7
96.7
83.3
79.4
105
100
79.9
131
78.4
84.6
95.5
84.0
112
82.6
86.0
83.8
88.8
98.7
89.8
85.0
98.6
79.5
98.5
83.3
89.0
80.4
80.9
86.0
86.7
80.1
80.4
113
94.0
133
76.7
145
92.3
90.0
81.9
75.1
81.2
99.4
145
81.8
91.1
84.2
99.7
88.1
80.9
84.1
88.6
104
79.5
94.1
85.8
90.2
98.7
86.3
99.9
80.8
83.6
87.0
85.5
*
143
144
90.9
83.3
83.2
99.9
84.7
85.0
144
94.7
93.7
75.4
96.1
84.8
84.2
81.0
82.9
119
82.7
102
86.2
106
82.0
81.2
*
144
89.7
90.7
92.6
99.4
83.0
138
80.5
79.5
147
82.0
87.9
120
79.6
112
83.5
110
80.6
79.8
81.6
82.1
85.5
89.0
90.8
150
83.0
90.0
82.7
108
