139
145
98.4
88.0
91.1
151
108
115
98.1
103
148
92.9
102
93.6
99.0
106
95.0
96.1
107
90.6
106
96.0
94.8
94.1
90.9
98.4
93.3
*
111
93.4
98.4
91.8
148
97.5
99.9
89.0
90.8
96.9
93.3
104
97.1
91.6
87.4
*
98.8
145
147
90.7
94.1
103
146
97.1
93.2
150
93.8
102
97.7
91.5
144
92.7
99.8
102
91.9
90.7
189
176
157
143
160
132
143
141
120
114
133
130
129
90.2
132
98.8
88.3
136
93.4
91.8
89.0
87.8
89.6
84.0
93.6
132
86.1
87.8
86.8
132
98.4
99.7
130
89.5
83.8
89.8
85.2
89.3
87.3
131
134
130
100
91.9
87.3
88.0
130
101
89.1
97.9
*
92.0
87.8
87.2
135
93.2
97.0
109
99.9
86.4
89.8
94.1
91.0
91.3
95.0
127
89.2
103
87.6
110
83.9
90.4
90.0
89.4
134
140
92.9
132
92.5
84.4
