0.990
101
0.818
93.0
0.755
58.1
0.988
59.0
0.856
57.4
0.946
73.2
0.781
60.0
1.00
63.6
0.772
58.1
0.787
61.9
0.787
54.5
0.777
52.8
0.785
61.0
0.819
58.3
0.802
60.5
0.834
58.3
0.858
125
0.811
55.5
0.840
60.5
0.828
58.3
0.874
55.6
0.822
57.0
0.785
60.9
0.805
54.3
0.739
139
0.804
56.2
0.834
65.4
0.722
53.1
0.769
59.7
0.806
57.0
0.801
*
0.866
61.5
0.798
69.7
1.15
57.6
0.792
81.9
0.822
66.8
0.782
58.5
0.831
62.5
0.836
58.6
0.766
*
0.842
55.7
0.710
59.9
0.814
59.1
0.764
53.6
0.798
60.6
0.727
57.3
0.755
58.7
0.777
66.5
0.788
136
0.847
56.5
0.785
60.3
0.732
60.1
0.745
126
0.763
70.2
0.767
55.7
0.735
130
0.860
70.0
0.935
55.9
0.824
66.8
0.799
135
0.894
57.1
0.762
59.1
0.761
56.7
0.835
66.8
0.767
60.1
0.825
81.3
0.807
122
0.773
55.3
0.806
93.0
0.776
54.9
0.858
57.5
0.767
57.4
0.910
58.7
0.828
62.4
0.890
58.6
