170
93.5
64.7
65.3
67.7
74.7
68.9
54.4
59.8
57.7
65.7
65.5
74.8
58.4
68.6
52.0
56.5
56.4
63.0
55.6
59.7
58.1
53.4
65.9
56.2
69.5
66.2
61.3
74.1
55.4
60.3
60.0
66.5
58.6
67.0
56.7
57.0
60.7
61.3
60.4
58.2
61.4
63.4
58.7
85.0
52.2
57.5
53.8
62.7
56.8
63.1
62.3
56.7
58.4
59.8
59.4
60.2
57.4
58.2
50.6
57.3
56.2
56.7
53.7
56.2
58.6
57.4
62.4
63.2
59.6
71.5
58.2
56.0
52.1
58.0
67.9
62.5
53.6
66.0
73.6
56.4
58.4
65.8
58.3
58.4
56.8
63.1
58.8
58.8
60.7
56.0
54.7
73.6
70.1
65.0
55.4
51.8
59.9
58.0
57.2
56.9
57.4
54.5
55.8
58.7
59.9
73.0
63.4
59.1
55.5
64.2
58.9
56.1
56.4
*
57.9
53.3
55.7
54.5
59.6
52.5
58.7
59.2
83.1
59.8
55.3
54.0
54.2
55.8
56.6
54.3
59.3
63.6
62.8
55.6
58.8
55.0
62.5
68.9
60.2
62.9
54.7
61.0
52.8
