98.0
64.6
81.7
66.0
83.7
78.2
61.8
83.0
60.4
85.3
82.0
62.4
58.8
65.4
68.0
82.7
92.2
78.2
61.9
59.6
57.4
78.0
66.9
63.1
78.7
61.2
64.9
*
78.2
63.4
58.3
63.6
84.5
66.7
57.2
67.1
80.6
65.0
58.7
63.6
65.7
59.9
60.5
73.6
78.3
82.9
78.2
66.3
78.4
75.4
83.4
82.6
68.0
66.8
60.4
65.9
63.6
96.9
77.0
83.8
66.2
79.5
82.7
80.4
74.7
64.2
191
65.3
74.3
83.1
82.3
62.0
72.7
78.4
62.9
74.6
60.9
58.1
80.2
68.8
63.2
75.1
73.6
79.3
73.6
64.9
59.8
61.6
61.3
*
83.2
79.9
80.0
78.3
79.2
63.1
79.1
68.0
*
61.2
60.1
78.5
74.7
80.4
75.8
63.0
75.9
64.0
74.1
79.3
60.6
64.6
62.5
60.2
*
61.0
70.2
69.5
78.5
*
63.1
59.1
81.0
80.2
61.1
78.7
87.2
58.3
87.1
62.0
67.2
75.7
78.9
73.0
58.8
78.0
78.6
76.7
*
60.2
86.5
62.8
88.9
85.6
