195
208
71.9
121
117
122
113
97.1
126
117
127
116
116
73.1
76.4
71.7
119
121
76.3
112
74.3
75.3
73.0
73.6
118
73.5
124
*
74.2
76.9
80.3
71.3
122
73.8
115
76.5
73.3
74.7
76.7
77.7
70.2
74.6
*
78.1
111
78.2
118
83.4
71.7
78.9
111
78.6
75.7
84.6
116
71.5
80.3
114
88.2
72.2
76.0
74.1
88.4
78.3
115
77.4
78.0
74.8
76.9
88.3
117
83.6
84.3
122
76.1
81.3
114
79.3
117
77.6
79.6
118
72.8
129
73.7
72.1
74.1
91.6
73.7
118
116
70.5
79.6
122
114
80.6
79.5
75.1
118
72.2
75.4
71.9
112
113
133
75.4
76.1
80.7
73.6
77.8
91.9
79.9
72.8
69.9
*
118
119
121
114
127
73.6
73.6
78.9
116
82.5
71.2
70.4
76.3
74.4
77.5
116
97.4
80.7
75.8
74.7
75.7
112
81.9
73.5
77.7
120
129
86.6
70.1
