87.7
100
109
117
115
117
117
107
134
114
119
120
112
107
131
110
110
104
119
113
113
112
111
113
114
120
117
*
117
113
116
108
120
110
114
114
116
114
114
113
109
114
124
105
108
122
115
121
116
117
120
109
117
115
113
106
114
110
115
110
117
113
112
110
110
106
106
112
105
116
114
118
112
113
108
129
112
116
110
110
108
112
113
109
145
117
111
152
112
107
115
103
106
123
113
123
123
118
108
109
108
128
106
119
111
147
109
110
107
121
108
109
103
113
*
108
126
114
123
107
125
111
106
115
107
106
116
106
108
111
116
114
106
105
113
113
121
108
113
114
125
114
116
122
