0.906
73.3
0.827
67.6
0.798
67.9
0.818
69.8
0.866
65.8
0.858
66.7
0.818
62.7
0.804
67.6
0.879
70.3
0.869
68.8
0.903
64.7
0.741
68.4
0.927
65.6
0.778
63.2
0.771
64.3
0.838
92.2
0.812
68.1
1.03
91.7
0.789
68.0
0.795
61.1
0.734
64.0
0.750
68.5
0.817
65.6
0.864
61.6
0.790
245
0.900
73.4
0.774
63.9
0.807
67.0
0.758
72.2
0.800
63.4
0.844
78.4
0.785
72.2
0.860
67.6
0.850
*
0.801
69.4
0.755
64.8
0.824
68.5
0.821
68.7
0.806
63.8
0.758
67.2
0.830
67.4
0.868
67.7
0.880
70.5
0.737
64.8
0.737
63.0
0.776
67.6
0.754
65.8
0.787
62.3
0.884
66.9
0.768
65.1
0.840
79.9
0.727
67.8
0.831
61.7
0.853
71.3
0.966
63.2
0.982
72.4
0.780
64.7
0.866
71.9
0.823
72.0
0.810
70.8
1.12
66.0
1.03
72.9
0.836
63.9
0.874
68.7
0.757
65.6
0.815
66.8
0.804
64.6
0.817
61.2
0.774
71.8
0.773
77.5
0.811
62.0
0.747
72.7
0.835
62.6
0.730
65.6
0.740
64.2
