0.973
108
0.849
101
1.05
93.4
0.994
99.3
0.892
102
0.936
103
0.864
103
0.912
114
0.880
91.7
0.852
101
1.13
102
0.798
112
0.934
120
0.890
105
0.893
113
0.847
96.4
0.899
114
0.833
96.0
0.849
102
0.810
116
0.787
98.4
0.844
101
0.891
92.7
0.864
112
0.762
107
0.698
94.5
0.771
95.3
0.825
97.5
0.791
92.8
0.806
111
0.824
95.5
0.848
103
0.872
98.3
0.827
120
0.786
93.1
0.804
90.1
0.833
109
0.782
97.6
0.757
95.4
0.736
*
0.790
120
0.780
92.4
0.798
94.4
0.998
92.2
0.811
101
0.814
99.5
0.828
93.6
0.778
108
0.825
112
0.792
104
0.871
92.2
0.818
99.6
0.893
106
0.761
101
0.765
112
0.781
115
0.707
93.1
0.811
94.2
0.797
102
0.832
113
0.843
105
0.781
101
0.891
111
0.832
113
0.809
95.1
0.786
103
0.773
110
0.765
93.1
0.949
111
0.769
104
0.800
93.8
0.797
100
0.721
99.3
0.906
94.1
0.793
151
