0.850
48.2
0.716
56.3
0.806
77.1
0.758
55.8
0.788
49.1
0.808
88.9
0.753
68.8
0.699
82.1
0.782
55.7
0.757
51.8
0.811
57.5
0.805
85.2
0.751
83.8
0.785
51.4
0.845
81.0
0.907
55.2
0.916
72.2
0.800
58.8
0.830
56.3
0.974
84.8
0.743
56.2
0.798
63.7
0.808
51.4
0.805
58.4
0.755
83.5
0.729
61.9
0.793
50.3
0.695
59.3
0.740
84.1
0.808
84.1
0.899
*
0.725
81.8
0.711
52.9
0.780
83.7
0.828
86.0
0.839
53.7
0.964
82.9
0.824
52.4
0.807
52.5
0.802
*
0.802
83.8
0.785
49.2
0.785
58.1
0.741
53.8
0.887
55.2
0.815
62.9
0.763
55.6
0.724
65.4
0.767
52.2
0.773
57.0
0.787
67.8
0.745
63.5
0.788
68.7
0.747
59.1
0.751
83.3
0.714
54.0
0.750
49.8
0.781
57.3
0.834
62.6
0.797
60.0
0.855
62.3
0.800
83.5
0.810
58.2
0.857
63.6
0.818
105
0.951
85.5
0.838
57.8
0.728
48.1
0.887
*
0.802
54.9
0.781
63.8
0.878
88.7
0.810
57.7
0.815
85.7
0.739
59.9
