0.864
61.6
0.794
56.7
0.808
69.4
0.871
56.8
0.800
64.9
0.783
64.0
0.768
71.3
0.773
56.4
0.876
61.1
0.923
59.7
0.774
55.5
0.798
54.4
0.773
67.2
0.963
52.7
0.827
66.9
0.824
68.4
0.844
70.2
0.910
56.8
0.987
75.3
0.853
59.1
0.786
66.0
0.740
66.9
0.903
61.0
0.866
60.9
0.790
54.6
0.967
64.6
0.847
64.3
0.730
56.1
0.725
75.1
0.775
65.3
0.881
77.2
0.833
53.3
0.776
66.5
0.797
56.6
0.856
62.8
0.755
57.6
0.823
78.0
0.910
64.5
0.805
60.8
0.815
56.3
0.800
57.5
0.816
61.4
0.796
58.7
0.703
60.8
0.797
66.1
0.772
63.1
0.733
59.5
0.776
73.6
0.834
57.3
0.762
62.1
0.797
66.3
0.732
74.3
0.788
61.0
0.771
56.4
0.836
54.1
0.932
60.0
0.781
61.4
0.858
56.9
0.830
58.6
0.809
60.4
0.998
75.4
0.799
60.8
0.761
59.3
0.754
57.3
0.780
71.4
0.880
56.1
0.829
56.7
0.806
52.6
0.818
67.1
0.847
63.9
1.02
58.3
0.757
67.8
0.875
61.6
0.771
67.5
1.15
61.7
