0.854
82.2
0.827
71.2
0.791
118
0.753
81.1
0.927
75.7
0.791
120
0.781
78.3
0.718
72.9
0.746
72.4
0.691
71.0
0.805
92.2
0.730
73.5
0.766
259
0.829
77.8
0.781
69.3
0.719
71.5
0.778
*
0.746
72.2
0.829
92.5
0.742
76.1
0.723
70.5
0.852
120
0.741
72.9
0.828
73.7
0.774
250
0.740
73.4
0.757
74.5
0.753
74.3
0.786
255
0.809
71.4
0.801
251
0.787
71.3
0.817
120
0.791
75.9
0.798
114
0.811
75.7
0.772
74.9
0.805
73.3
0.788
70.2
0.804
*
0.780
124
0.793
122
0.754
69.7
0.744
69.7
0.750
70.6
0.770
71.5
0.725
79.5
0.740
75.8
0.793
124
0.829
68.3
0.857
77.6
0.824
69.5
0.817
102
0.776
120
0.764
76.0
0.794
119
0.773
71.5
0.721
81.4
0.805
77.0
0.779
126
0.812
258
0.732
116
0.837
118
0.795
128
0.802
74.4
0.799
78.6
0.863
124
0.757
116
0.834
105
0.770
70.2
0.788
75.0
0.791
69.5
1.01
74.9
0.926
78.5
0.781
120
