173
167
64.6
63.9
63.4
101
57.2
64.4
63.1
69.0
104
71.7
101
65.8
*
65.7
67.6
104
69.0
68.7
68.8
102
102
60.5
70.2
124
70.2
*
66.9
67.4
59.5
66.0
108
114
61.3
100
69.8
67.1
97.0
64.3
62.8
62.9
61.4
62.9
68.9
106
102
102
68.1
84.6
110
68.4
63.8
64.0
109
63.0
101
101
103
102
106
62.4
60.5
63.9
108
102
67.3
61.1
108
63.6
99.7
108
71.4
101
102
64.7
109
63.1
99.4
99.6
95.0
101
68.4
102
60.1
113
76.5
61.3
66.6
66.0
106
63.3
69.0
101
102
103
100
105
79.2
62.6
60.3
65.7
104
110
98.1
67.5
64.3
57.3
64.9
64.6
60.6
104
62.3
68.3
*
65.4
116
99.4
*
113
103
61.7
77.5
99.2
57.7
102
73.9
98.9
79.2
113
107
98.5
60.2
73.0
62.6
66.6
61.7
72.6
107
107
101
100
65.2
62.0
