213
207
99.2
99.7
98.8
123
107
110
97.1
127
102
114
102
101
106
101
122
97.3
100
109
112
100
101
99.1
105
102
99.3
*
101
108
101
104
122
97.9
100
104
119
105
102
95.3
94.1
105
99.2
*
105
106
123
99.2
102
107
108
99.0
101
101
106
97.4
106
109
104
113
103
*
103
123
132
103
116
101
*
121
105
103
104
111
105
107
125
105
96.0
96.4
105
112
101
102
119
101
97.9
105
96.7
123
99.9
102
102
97.9
97.4
99.4
124
103
113
102
101
104
96.7
101
125
116
98.6
110
115
100
111
102
113
102
*
125
99.0
97.3
104
107
102
119
98.0
97.0
105
131
99.5
102
96.0
99.9
102
96.5
125
94.6
102
122
96.5
125
104
107
121
128
104
105
