167
163
52.4
55.5
59.7
62.2
59.6
60.0
49.3
49.7
52.7
53.4
61.5
52.0
52.8
46.0
55.2
57.8
51.2
60.2
50.8
50.5
45.9
57.1
56.4
47.1
65.1
50.9
57.2
67.6
58.8
46.6
52.5
54.2
53.8
52.9
53.3
50.3
52.9
56.6
49.2
55.0
54.1
50.3
53.7
51.7
52.5
50.4
63.6
60.1
55.1
55.2
59.4
51.3
50.5
49.9
50.2
55.9
55.2
45.1
46.2
63.0
61.4
46.8
50.1
50.9
50.6
51.1
56.2
60.8
54.6
46.5
56.6
50.8
56.3
65.8
55.2
59.9
63.1
50.3
51.0
50.0
58.4
49.7
50.2
47.0
56.7
49.6
56.4
50.8
51.8
52.6
45.8
55.5
54.9
47.8
55.3
59.0
62.3
58.7
49.0
56.1
58.7
52.0
52.6
50.9
55.0
59.9
56.9
56.9
57.7
54.2
47.2
78.4
*
64.5
60.4
46.5
55.3
49.7
61.1
51.9
50.0
52.1
50.7
49.3
59.8
59.3
54.6
55.0
102
45.9
56.5
58.9
52.7
54.8
61.3
50.4
60.4
56.4
63.6
50.6
50.9
59.1
