138
197
111
114
118
281
117
115
122
115
120
124
114
114
116
119
123
122
121
121
116
116
113
129
122
121
118
*
116
120
119
120
282
125
119
121
276
116
116
116
111
119
137
115
*
117
275
118
122
113
271
116
116
125
282
122
121
268
119
276
118
120
270
280
274
116
119
118
118
122
117
126
118
127
125
114
272
119
278
122
120
114
119
274
272
120
128
117
118
273
268
272
116
274
274
123
283
119
116
121
115
121
119
115
279
122
116
118
124
122
123
278
119
117
*
120
117
269
116
115
116
277
268
282
115
120
122
115
116
113
282
272
270
119
117
117
113
119
129
119
119
279
272
116
