0.934
50.2
0.796
52.2
0.765
49.6
0.870
47.7
0.802
51.9
0.818
175
0.796
46.9
0.860
44.8
0.888
61.9
0.800
61.6
0.857
172
0.968
50.6
0.758
61.0
0.847
55.5
0.896
49.9
0.811
50.0
0.878
61.5
0.797
49.4
0.839
45.6
0.797
46.6
0.806
60.5
0.849
56.9
0.861
48.5
0.914
47.9
0.795
166
0.774
56.5
0.810
54.6
0.784
55.7
0.746
187
0.836
58.5
0.953
*
0.767
59.6
0.798
51.9
0.854
54.9
0.850
47.8
0.848
58.6
0.874
58.7
0.801
60.6
0.865
49.3
0.763
*
0.910
162
0.843
45.3
0.779
50.3
0.742
66.2
0.742
49.5
0.720
54.0
0.752
45.9
0.672
54.9
0.880
*
0.808
46.5
0.865
51.7
0.812
53.6
0.836
50.3
0.780
167
0.773
55.0
0.802
62.8
0.800
45.2
0.866
60.6
0.798
51.8
0.820
50.0
0.841
55.6
0.734
53.6
0.834
49.6
0.819
57.2
0.844
49.2
0.822
50.2
0.802
64.4
0.752
53.9
0.833
56.7
0.755
52.2
0.767
53.0
0.744
52.0
0.798
50.7
0.826
47.0
0.758
57.5
