117
127
69.2
119
69.3
116
117
121
65.6
70.7
118
118
64.9
80.6
71.9
75.1
74.1
70.4
129
114
118
79.0
121
119
63.7
69.7
79.7
*
124
79.0
120
119
119
122
70.9
116
92.8
66.1
123
79.1
77.1
120
78.4
81.5
118
123
124
79.7
119
93.1
118
71.0
69.0
70.0
68.8
81.7
84.7
75.3
125
75.9
83.3
75.8
72.1
63.6
125
118
77.3
*
*
127
122
81.6
67.0
128
64.3
76.2
122
71.5
125
64.6
65.3
126
117
119
64.7
80.7
69.5
64.8
76.3
73.9
121
*
71.0
120
120
115
123
124
81.7
92.1
107
125
70.2
128
118
80.5
80.1
68.8
71.6
75.2
82.0
68.5
69.4
74.7
*
74.4
64.5
64.2
*
66.1
128
68.4
67.4
117
69.2
75.3
123
121
119
83.2
68.6
129
68.0
78.6
65.5
118
118
63.0
74.5
72.7
119
126
78.7
86.0
