112
169
84.0
66.6
66.1
67.7
67.2
61.4
73.3
72.5
70.5
64.6
67.9
68.1
72.9
68.1
71.2
66.9
70.2
63.4
63.2
63.8
64.6
64.6
77.6
68.4
64.1
69.8
66.7
67.0
81.2
72.0
72.0
74.6
70.1
77.2
62.6
70.2
72.4
67.2
61.7
67.3
66.5
67.2
83.5
167
70.6
65.4
71.5
71.9
66.1
64.0
68.4
90.6
75.0
69.3
76.2
65.9
*
64.7
65.0
63.0
74.5
76.8
64.8
63.9
67.4
94.6
61.0
80.8
84.6
72.7
65.3
92.4
72.2
61.8
68.1
64.9
68.0
66.3
71.0
65.2
70.6
61.9
70.9
90.0
75.9
82.2
65.3
77.9
67.6
71.0
62.4
66.5
68.3
68.0
81.4
68.5
62.7
66.0
81.4
65.3
68.7
73.2
64.3
111
66.0
71.9
82.8
62.8
66.9
71.2
66.7
68.8
*
66.8
63.8
66.2
67.6
71.8
67.7
71.9
65.8
65.1
60.1
65.1
71.9
63.3
96.8
143
65.3
72.7
146
66.8
72.7
68.3
72.2
70.9
65.4
71.3
73.6
66.9
61.1
76.6
