104
69.7
63.6
68.9
63.7
67.3
65.4
65.7
73.1
77.7
63.4
64.3
68.7
66.5
64.5
70.1
61.9
65.0
59.2
59.4
76.0
63.4
67.3
76.5
73.1
66.9
63.7
65.7
58.2
64.1
65.5
62.2
66.6
82.0
59.9
56.6
63.9
59.3
62.8
60.8
70.3
61.8
60.8
58.0
58.1
65.3
65.7
58.6
70.0
96.7
65.3
60.9
63.9
86.1
61.0
65.3
68.7
70.8
57.8
64.0
69.9
*
58.6
76.6
70.3
65.9
69.1
56.7
63.6
65.5
67.5
63.9
63.6
65.5
85.5
62.1
63.3
69.5
65.1
56.7
75.7
68.2
65.0
64.9
63.6
64.6
61.8
62.5
57.8
66.3
69.9
61.6
69.6
66.0
64.1
73.7
61.5
63.0
65.1
60.4
70.5
66.6
61.9
66.3
68.4
68.9
72.0
62.3
60.7
64.6
66.6
62.1
65.2
68.7
*
*
58.4
60.2
67.5
61.4
63.6
62.5
65.0
71.4
65.1
61.1
61.4
67.8
56.3
64.9
69.0
66.7
65.1
60.2
66.3
73.1
71.1
64.8
72.4
70.1
78.8
67.4
63.5
65.4
