129
108
99.9
89.2
95.3
98.4
100
101
100
95.7
95.4
92.4
94.5
101
93.1
96.7
97.1
98.0
86.5
87.8
94.2
88.5
98.2
90.6
99.2
97.5
95.4
*
92.3
94.8
93.6
90.3
104
99.3
94.7
90.0
83.8
96.3
87.1
99.1
96.9
100
94.2
105
93.6
95.8
92.7
96.3
102
95.2
110
94.1
95.0
96.7
100.0
93.1
88.3
90.2
90.7
92.5
90.3
95.6
93.8
109
105
95.5
98.0
86.0
97.7
105
94.7
87.5
98.8
92.6
96.8
92.3
117
96.0
95.3
92.4
87.5
97.4
95.1
94.6
90.9
93.9
93.4
89.9
96.5
*
93.4
95.3
108
93.9
95.4
97.4
95.8
93.1
91.9
91.7
95.4
92.3
93.7
104
97.8
94.0
94.9
101
97.8
95.3
91.7
96.6
95.8
98.1
*
99.0
92.8
94.0
95.4
94.7
96.3
88.2
98.2
85.4
102
99.8
97.4
90.0
93.1
91.1
100
94.0
94.5
95.1
97.7
97.2
93.0
94.7
102
92.6
103
97.9
104
92.7
