117
121
133
115
122
144
112
144
114
117
108
117
115
136
116
132
124
115
120
123
109
128
*
112
102
118
113
*
116
114
117
110
109
122
113
112
101
113
122
108
131
118
119
105
125
109
130
116
122
113
105
117
110
136
106
110
107
104
111
131
108
107
113
129
112
120
110
119
91.1
103
89.7
112
130
111
113
122
109
117
99.5
135
111
91.9
114
109
110
114
112
112
113
150
113
152
114
123
106
113
88.1
114
124
115
145
99.7
113
89.9
89.4
110
113
129
112
116
132
104
128
102
*
126
122
108
89.6
125
114
104
115
111
136
132
107
115
115
112
106
114
112
136
143
113
115
119
126
107
115
104
119
115
