63.4
64.5
69.1
78.3
82.0
69.9
73.1
173
75.8
76.9
81.4
72.3
78.2
78.3
184
70.6
69.8
76.9
69.4
77.6
74.4
72.7
76.2
77.6
78.3
77.3
69.9
84.4
75.2
77.0
78.8
74.9
74.8
78.8
96.3
76.3
74.7
82.8
77.3
80.1
99.5
76.3
72.4
77.3
73.7
90.0
75.0
74.1
81.3
78.3
77.5
88.6
74.6
73.8
75.6
73.7
80.7
73.4
84.2
78.3
85.7
182
76.4
72.6
77.4
76.9
78.5
71.6
77.1
75.4
72.9
74.8
79.8
75.7
70.0
70.6
81.3
86.1
79.3
74.7
73.3
72.5
70.2
79.2
81.1
69.8
86.2
78.6
82.2
175
76.8
189
82.2
75.4
73.3
77.2
73.4
80.6
173
72.7
84.8
173
84.5
72.8
72.5
70.8
78.7
80.0
75.4
76.8
79.1
112
80.4
73.7
*
178
69.7
77.6
74.3
81.2
78.0
71.2
74.5
70.6
178
86.8
84.8
76.7
181
75.4
74.9
71.3
74.4
70.0
79.7
184
72.8
73.7
69.0
78.6
77.0
75.6
72.6
80.0
