113
65.8
94.6
99.8
94.4
68.9
91.9
72.2
108
120
75.6
97.4
105
72.9
90.3
77.3
94.0
104
76.6
90.4
92.9
102
94.0
97.5
103
77.7
119
*
80.9
76.6
91.7
110
77.4
93.2
98.3
104
93.7
69.2
98.0
80.5
72.5
102
102
77.2
112
82.4
71.7
91.5
104
70.6
76.3
211
67.2
77.8
163
*
115
117
101
92.2
105
121
111
120
90.5
107
85.3
116
81.7
126
73.8
112
73.1
69.3
107
71.6
81.6
69.6
82.6
72.0
110
85.7
73.3
71.7
106
116
79.4
68.4
129
71.3
73.2
112
103
85.4
77.2
79.5
72.6
111
80.3
153
73.5
119
109
72.2
73.2
72.5
73.1
77.4
120
109
67.6
74.1
69.1
70.2
*
114
106
78.6
75.1
74.0
82.9
106
111
73.3
81.1
67.3
113
114
75.8
114
74.3
68.9
123
73.8
71.5
107
110
106
119
109
106
78.0
106
124
