99.5
88.5
74.7
68.0
72.7
74.4
77.7
76.6
69.5
75.2
72.8
72.7
73.5
72.5
73.6
76.4
92.3
83.3
71.9
70.7
77.3
76.8
88.6
66.6
74.9
78.0
77.1
*
70.1
65.5
70.4
74.7
71.0
75.7
74.8
71.4
79.9
67.1
76.6
75.5
74.4
74.8
75.7
80.8
68.6
65.9
71.5
69.7
77.7
82.4
73.2
75.9
72.3
65.7
77.5
69.1
74.5
94.0
76.2
66.8
75.7
73.3
74.1
73.1
73.0
89.5
74.4
70.8
71.1
68.1
72.4
71.2
72.7
84.7
75.0
69.9
75.8
67.0
71.9
69.9
70.8
80.8
73.8
74.8
77.4
74.7
72.3
71.5
69.8
73.2
70.8
66.8
76.1
75.4
72.0
83.9
70.2
70.7
87.4
70.6
76.8
69.8
72.7
71.1
74.4
77.6
74.8
77.0
74.6
72.0
70.7
72.0
69.5
68.1
*
76.0
73.1
78.6
71.2
74.7
71.1
73.5
69.4
69.4
*
90.2
74.1
74.2
74.3
76.1
74.7
68.5
71.9
69.3
84.8
74.9
68.7
71.4
76.1
89.4
71.5
72.0
71.2
69.7
