69.6
58.3
60.4
74.0
67.0
67.3
77.0
58.1
64.6
92.3
77.4
72.1
69.2
56.6
62.1
97.6
70.1
62.1
57.8
69.2
72.4
70.0
68.0
62.3
61.4
59.4
61.3
*
75.2
70.8
60.5
86.2
95.3
76.3
60.5
71.9
65.3
69.6
68.6
62.7
64.0
59.8
62.9
72.4
62.5
65.7
78.4
61.7
83.3
69.7
72.0
61.5
58.7
99.6
66.2
69.8
62.2
65.0
60.6
63.7
79.8
70.0
66.2
58.7
77.3
65.4
61.7
64.9
74.8
58.8
76.0
62.8
68.0
74.4
66.8
68.1
68.2
67.2
72.6
61.6
61.9
77.0
64.6
67.8
69.9
65.1
70.7
70.1
61.0
70.2
68.5
70.5
58.6
76.0
80.6
64.1
62.1
62.0
98.4
67.5
66.8
63.5
58.3
81.9
74.7
65.6
68.7
64.0
63.3
61.1
55.0
63.8
61.2
64.7
*
58.5
57.4
68.7
77.6
60.6
70.1
68.4
73.6
77.9
70.4
65.6
57.9
71.7
66.5
69.8
64.6
74.8
59.3
69.6
94.5
58.2
58.4
57.6
63.0
75.9
59.2
65.5
66.8
89.4
