104
132
183
186
188
91.1
184
86.9
190
205
91.5
194
193
185
92.1
183
86.4
189
193
186
89.1
188
185
185
186
190
187
*
84.6
184
186
90.2
87.4
194
201
192
85.8
91.8
189
91.4
191
191
186
90.1
182
210
89.3
182
186
208
82.4
188
184
199
91.4
90.1
186
89.0
196
83.0
192
87.0
188
86.9
98.4
186
92.8
192
93.6
185
97.6
197
190
95.4
185
89.6
88.8
88.0
86.3
182
185
85.4
82.9
90.5
90.9
188
89.4
87.1
188
92.4
188
89.7
88.8
88.1
93.2
201
89.9
188
93.7
184
184
198
185
95.3
88.1
93.4
88.6
206
183
191
86.7
92.9
186
87.6
*
187
188
88.5
96.9
93.7
187
84.4
184
90.3
184
93.0
190
186
87.9
196
90.3
93.5
185
89.5
186
188
190
183
192
93.0
191
92.4
188
187
