79.6
125
73.2
65.9
75.9
87.0
70.0
77.0
65.7
62.6
72.4
69.3
88.2
74.5
64.2
65.0
79.1
73.8
62.3
68.5
64.9
69.3
76.6
64.1
69.7
66.3
65.9
*
75.8
62.2
71.6
68.5
69.1
82.6
78.4
82.0
82.3
62.0
85.3
65.3
62.3
66.1
64.5
68.5
64.0
58.5
77.8
69.7
75.1
80.5
68.8
86.9
65.9
65.6
71.3
74.8
73.7
71.7
68.1
75.4
78.6
68.9
86.5
83.1
68.1
76.5
73.3
67.0
78.4
65.0
70.4
67.6
68.0
77.8
61.7
74.2
81.8
67.5
69.0
62.4
69.7
64.2
59.9
74.7
76.8
65.2
65.1
65.6
78.8
78.6
77.6
67.4
68.4
70.9
77.0
62.1
71.4
64.1
68.7
72.2
65.9
64.0
76.8
61.8
68.3
79.4
65.2
63.5
67.0
60.9
67.5
70.9
68.0
68.9
*
68.9
82.3
74.3
*
68.6
63.9
74.6
67.0
84.2
63.2
83.2
66.6
85.5
63.4
77.3
70.8
83.6
69.3
69.1
62.0
65.8
82.5
71.1
66.6
80.0
86.4
67.3
61.5
63.8
