0.983
75.1
0.856
84.1
0.818
76.2
0.805
78.6
0.880
81.9
0.900
83.2
0.747
76.4
0.816
*
0.770
99.1
0.808
87.6
0.834
85.3
0.780
140
0.776
*
0.900
86.7
0.819
118
0.750
70.3
0.809
119
0.735
82.6
0.821
130
0.740
120
0.907
86.5
0.728
80.8
0.728
117
0.889
163
0.761
99.6
0.716
68.7
0.782
132
0.675
79.4
0.735
82.4
0.889
75.0
0.818
*
0.726
82.8
0.826
96.6
0.768
80.2
0.864
166
0.820
87.7
0.860
140
0.850
99.3
0.799
113
0.691
*
0.833
86.0
0.810
94.1
0.746
77.6
0.766
83.9
0.775
72.6
0.710
76.6
0.689
88.5
0.883
96.0
0.777
86.4
0.811
82.7
0.812
91.4
0.796
79.4
0.751
83.1
0.749
83.8
0.811
98.1
0.776
88.0
0.889
84.8
1.10
97.3
1.11
108
0.889
83.3
0.841
80.3
0.759
81.4
0.904
83.3
0.734
88.0
0.775
150
0.786
90.0
0.833
87.2
0.669
94.8
0.759
124
0.807
103
0.832
72.4
0.790
93.0
0.777
85.2
0.782
90.6
0.841
95.2
