149
193
133
132
106
138
134
103
94.9
106
133
131
96.8
106
95.5
94.0
90.7
113
97.9
135
98.0
93.6
99.4
138
93.9
102
103
*
95.9
102
137
91.1
136
103
122
111
112
130
114
114
111
110
97.9
93.8
132
102
138
118
132
92.6
136
94.4
95.2
94.6
97.6
96.9
89.2
95.4
93.1
128
92.2
101
97.1
105
147
113
95.6
111
135
102
130
113
95.2
141
97.7
105
144
101
128
99.2
102
137
120
134
101
105
102
95.8
106
131
137
99.6
110
132
132
94.1
135
105
108
102
107
101
118
134
136
111
104
99.7
111
103
105
94.1
113
100
*
94.0
108
107
136
139
119
101
105
134
107
137
104
123
94.3
135
97.0
143
137
104
96.4
99.5
96.3
101
98.5
99.2
93.8
139
98.7
97.6
