154
116
104
109
113
111
109
107
108
104
110
109
112
78.3
80.8
88.1
105
101
124
102
74.3
107
107
101
116
115
113
*
102
80.3
101
123
111
78.8
109
79.9
140
74.4
80.2
74.4
76.5
116
118
80.5
118
115
112
116
111
81.5
115
106
77.9
94.6
92.4
108
106
86.2
116
115
104
100
73.4
109
110
76.2
106
114
111
71.0
111
120
73.6
120
109
104
118
83.2
114
77.8
118
114
72.7
111
107
111
76.4
71.8
79.3
136
112
78.4
80.4
117
114
109
117
124
103
76.4
74.1
107
113
110
118
113
76.6
77.3
102
109
106
71.9
75.8
73.7
*
102
112
102
111
103
115
109
89.6
120
77.7
118
77.3
79.3
105
76.4
77.3
110
101
80.0
74.2
108
123
102
108
103
114
113
86.0
74.0
