0.868
50.3
0.737
70.1
0.896
84.9
0.883
52.7
0.861
53.9
0.794
60.7
0.795
62.9
0.851
63.8
0.764
45.6
0.770
164
0.873
54.7
0.754
54.9
0.909
56.6
0.841
56.4
0.851
48.7
0.752
48.9
0.881
45.2
0.880
50.7
0.841
48.7
0.777
52.8
0.774
49.2
0.773
50.0
0.765
46.2
0.804
57.7
0.745
162
0.743
55.1
0.761
86.6
0.737
48.2
0.801
50.3
0.814
58.6
0.852
53.9
0.850
80.9
0.801
72.2
0.799
*
0.855
56.3
0.875
47.5
0.765
53.5
0.796
59.9
0.772
45.8
0.744
*
0.817
54.0
0.848
54.6
0.757
71.5
0.776
55.0
0.787
48.5
0.792
62.8
0.807
56.2
0.728
45.6
0.898
164
0.785
54.1
0.855
55.4
0.822
51.0
0.829
46.0
0.801
48.5
0.822
62.6
0.789
55.9
1.18
54.5
0.841
56.4
0.897
54.2
0.804
55.6
0.822
62.0
0.797
51.3
0.997
60.9
0.770
50.3
0.784
61.1
0.794
50.2
0.793
50.0
0.793
59.8
0.817
54.8
0.803
54.4
0.904
52.7
0.763
51.8
0.740
53.9
0.879
54.6
0.761
62.2
