0.957
67.4
0.876
56.2
1.10
60.5
0.940
73.7
0.887
57.8
0.859
70.4
0.810
57.2
0.834
58.1
0.841
78.8
0.853
71.1
0.846
57.2
0.790
69.7
0.797
68.8
0.925
71.3
0.823
72.7
0.775
76.6
0.836
81.4
0.847
64.3
0.909
144
0.835
113
0.832
111
0.837
85.4
0.871
79.5
0.933
73.0
1.01
184
0.787
75.6
0.919
63.2
0.862
58.5
0.772
79.9
0.760
193
0.800
*
0.860
82.1
0.835
59.1
0.893
*
0.807
94.5
0.772
59.3
0.883
95.6
0.860
85.0
0.808
111
0.824
*
0.915
79.2
0.826
85.9
0.821
60.3
0.801
58.8
0.804
59.8
0.851
61.0
0.786
117
0.841
75.8
0.808
60.8
0.833
85.8
0.838
62.1
0.834
65.5
0.835
66.7
0.836
72.0
0.863
75.7
0.829
62.9
0.844
64.7
0.796
70.9
0.855
56.5
0.787
67.9
0.872
64.8
0.807
56.6
0.888
58.7
0.835
61.1
0.786
66.3
0.855
63.0
0.886
115
0.692
135
0.838
66.2
0.767
56.2
0.834
119
0.869
62.9
0.848
60.9
0.743
187
0.804
84.9
