125
116
78.1
78.8
80.6
80.9
77.8
86.0
80.1
79.4
77.1
77.7
75.7
78.7
78.5
85.3
76.7
81.3
82.2
82.6
83.0
83.0
76.0
76.7
78.2
83.2
81.1
*
82.2
99.0
94.3
79.9
81.8
81.0
77.9
80.0
80.4
75.9
94.9
81.4
84.5
74.1
73.4
*
82.4
73.8
80.8
96.9
80.6
90.7
79.7
76.4
105
74.8
81.0
80.9
84.0
75.9
78.7
78.9
80.0
78.2
79.6
81.6
80.8
83.5
79.5
81.3
78.0
79.8
80.6
88.9
80.6
83.6
78.7
84.6
84.1
84.9
81.1
84.4
79.0
82.4
79.7
149
133
131
112
97.6
87.8
87.6
80.7
88.4
90.9
82.1
88.0
82.3
79.7
90.1
77.2
78.7
85.4
81.3
79.2
80.7
78.7
80.0
74.9
82.5
77.6
79.6
76.6
74.3
90.5
76.7
*
76.4
76.9
79.4
*
83.8
81.7
83.7
83.5
81.5
*
77.0
78.0
77.1
79.8
80.8
78.4
77.9
85.4
82.8
83.2
78.5
75.2
84.2
78.0
77.2
80.0
73.0
77.8
78.9
