104
109
54.7
47.1
50.3
56.2
56.7
97.1
47.6
59.1
47.3
50.2
51.2
47.6
55.0
52.9
61.4
53.1
57.2
61.8
55.6
70.8
47.9
53.3
51.1
55.8
126
164
69.3
49.9
58.5
46.1
54.4
53.7
50.6
56.7
47.9
49.6
51.7
49.4
52.6
62.2
60.2
55.3
78.8
90.0
53.6
56.4
72.8
54.4
59.4
48.1
58.1
56.1
52.3
45.3
47.4
50.2
55.4
53.8
52.3
70.3
56.2
49.1
57.9
46.2
51.3
63.7
44.6
50.6
54.7
49.4
49.9
54.3
57.4
57.0
49.6
54.4
44.5
52.5
48.8
57.6
50.4
54.0
63.5
66.7
66.6
48.9
62.0
50.1
51.1
137
56.2
48.4
46.9
50.5
47.5
52.7
58.4
55.2
52.9
74.3
43.5
49.3
59.1
54.3
52.9
49.0
70.3
55.1
54.9
57.4
53.0
110
*
54.6
46.0
52.9
48.2
63.9
53.7
51.6
60.7
52.0
48.8
55.3
56.6
66.5
59.1
52.2
65.4
47.3
60.3
56.6
46.7
54.7
51.7
47.6
45.7
51.0
53.6
54.3
48.6
76.8
