103
112
77.5
64.1
60.9
69.3
64.4
71.1
63.1
65.7
72.3
67.4
61.6
63.5
62.6
66.9
65.3
62.5
71.8
66.7
80.0
74.0
70.1
69.1
63.3
69.1
74.0
60.8
68.3
67.4
69.5
65.6
82.6
67.2
63.8
65.8
63.5
66.7
67.4
61.3
60.5
67.6
64.5
63.7
64.2
69.9
76.1
68.7
70.5
76.3
75.5
62.9
67.2
64.1
64.5
67.1
69.5
71.9
64.3
72.8
58.9
71.4
66.7
71.1
70.6
70.8
65.9
63.0
67.2
64.0
74.0
63.0
64.3
64.9
64.4
63.4
65.3
67.2
73.2
65.6
74.6
72.3
66.7
63.1
64.0
64.1
72.8
76.9
64.4
66.1
73.5
73.2
68.2
67.3
69.1
62.1
68.0
68.7
*
65.5
63.5
58.3
62.3
70.4
67.4
65.0
63.9
72.0
66.9
66.3
71.8
56.8
81.5
73.8
*
64.2
60.0
63.1
63.6
70.7
60.9
66.2
58.0
76.9
69.6
83.3
63.1
71.4
71.8
69.5
74.5
72.0
67.2
61.9
62.4
61.3
58.7
67.7
61.6
67.5
61.9
65.8
70.9
61.8
