146
202
82.4
82.7
71.5
79.8
80.7
79.6
77.6
83.4
81.3
91.1
83.6
80.4
78.1
75.6
76.9
74.7
81.9
80.8
77.6
77.8
78.8
75.4
69.3
79.2
78.3
85.5
73.1
72.0
82.2
82.7
79.6
80.7
88.7
82.5
76.6
76.6
78.9
82.8
81.2
79.5
89.0
84.4
80.8
81.8
77.2
73.7
83.1
79.7
73.9
82.4
76.1
76.1
84.0
85.2
79.6
80.6
80.0
76.2
79.7
107
78.0
78.3
83.1
81.0
79.2
85.2
80.2
76.3
76.7
77.1
77.0
78.0
76.8
80.5
79.6
78.5
75.7
78.7
76.6
79.7
73.5
85.1
80.7
82.6
77.3
79.2
73.9
83.9
79.2
79.2
72.9
89.0
70.0
83.7
80.5
75.7
80.3
77.8
81.6
77.8
82.5
77.7
73.2
84.5
85.0
80.3
76.1
85.2
85.8
87.4
84.2
87.5
*
83.2
78.7
88.6
76.2
78.6
79.4
82.5
91.0
75.8
83.5
74.6
85.1
74.3
77.2
80.2
79.6
76.4
84.0
85.4
80.6
78.8
79.0
92.9
82.3
80.0
81.3
83.5
74.9
71.2
