103
125
68.7
76.9
63.9
66.8
81.2
91.4
70.4
73.9
78.4
77.2
69.5
78.7
73.4
71.8
67.2
68.2
67.5
75.4
81.1
82.2
76.8
83.5
70.6
69.9
76.0
*
76.4
81.2
71.5
75.5
73.2
78.3
69.7
76.4
69.6
69.7
74.5
68.5
70.6
73.8
66.5
64.5
77.8
75.9
66.7
74.6
98.5
76.8
73.6
71.4
76.4
67.2
80.1
74.9
72.6
79.9
66.3
70.9
75.2
66.8
67.2
64.9
73.4
72.5
75.0
72.8
69.6
73.2
73.4
69.3
73.8
70.6
69.7
72.0
75.4
75.7
70.5
72.9
67.9
74.6
74.0
76.3
70.5
70.9
72.5
75.8
76.2
76.9
77.6
79.9
72.1
67.4
66.9
65.2
67.0
73.7
68.0
82.9
67.6
79.6
82.3
74.6
75.8
75.7
71.2
77.0
68.5
71.4
79.0
73.7
69.2
77.6
*
76.7
77.2
97.4
72.9
73.9
69.0
65.5
72.4
66.6
71.0
70.5
74.3
71.5
74.4
79.1
82.0
69.9
73.4
77.6
74.2
66.9
70.2
68.3
72.6
69.3
70.0
69.0
71.1
78.7
