143
117
81.0
83.9
79.1
85.5
79.5
79.2
75.7
81.0
74.6
88.8
83.9
78.0
99.9
84.8
84.0
84.5
86.3
88.5
90.0
74.0
81.3
90.8
77.9
95.7
80.4
*
74.2
79.2
78.3
79.6
76.8
82.7
84.9
86.0
84.3
80.1
85.0
77.0
79.2
84.1
78.9
86.0
80.4
75.1
75.7
78.5
83.8
88.0
82.0
90.8
77.1
79.2
83.3
87.6
78.9
78.6
91.4
78.2
77.4
76.8
80.4
85.0
73.2
91.4
84.8
78.7
80.0
88.6
80.1
78.6
80.4
77.2
74.1
82.9
76.1
80.3
74.7
86.4
80.7
84.8
78.0
82.3
84.3
77.7
85.2
76.9
79.5
88.5
79.6
76.9
80.7
87.5
81.6
85.3
78.7
78.3
89.9
73.1
78.4
82.3
81.5
94.0
78.1
94.1
77.4
89.0
83.5
78.8
79.5
85.1
79.8
79.5
*
78.3
80.3
80.8
80.3
80.6
85.9
81.0
82.8
80.4
71.6
80.7
86.0
83.9
76.2
85.3
81.9
79.4
83.4
75.9
88.0
78.8
80.0
79.3
83.5
81.7
87.7
77.3
85.0
83.2
