94.1
81.3
91.2
91.7
87.2
91.5
86.0
86.2
87.8
91.0
109
83.2
86.9
89.6
87.5
102
88.3
97.2
97.3
85.2
87.3
88.9
86.9
86.6
87.5
95.1
88.9
*
86.3
90.8
83.6
90.8
107
84.3
85.7
89.3
82.2
93.7
84.3
89.1
93.7
93.5
96.0
91.1
85.9
101
86.1
89.5
92.5
91.2
94.2
92.1
87.2
97.1
85.7
90.7
90.9
86.1
90.3
84.5
94.4
84.3
102
106
96.7
95.7
86.6
92.7
89.6
87.8
91.9
88.5
89.2
86.4
88.8
85.6
87.5
90.6
83.5
100
84.6
94.0
89.7
93.2
88.1
86.1
89.2
89.8
85.6
87.1
95.2
84.3
89.7
88.1
102
90.3
90.1
86.4
88.6
95.7
88.6
84.5
98.6
83.8
89.4
84.2
85.1
86.2
86.5
95.9
86.0
83.8
87.9
86.5
*
95.5
89.6
82.9
88.1
84.8
85.5
88.6
92.2
94.7
93.2
89.0
85.9
83.2
89.9
92.5
93.5
94.1
93.1
97.6
86.1
118
96.7
101
90.7
87.4
92.3
91.8
102
89.3
