82.5
130
75.5
74.6
104
73.4
84.6
71.9
*
133
118
84.7
108
77.7
107
91.1
73.6
71.1
109
78.9
78.0
76.3
81.2
119
109
112
111
*
79.3
77.0
80.9
113
114
77.9
111
93.9
76.1
80.8
82.4
113
76.9
114
112
108
87.1
*
110
112
89.3
114
106
77.8
71.7
85.9
108
114
75.5
111
108
76.4
83.5
77.0
76.4
74.4
110
76.8
122
105
107
117
120
72.8
71.7
117
113
110
112
78.8
110
84.1
114
118
86.1
105
73.6
111
72.1
71.8
88.8
74.3
111
78.9
78.2
116
116
109
117
105
81.5
85.2
79.2
69.7
108
114
105
112
114
85.8
81.1
109
108
107
81.9
112
*
119
107
109
110
86.1
110
93.8
89.8
111
71.6
73.5
112
77.2
76.7
117
122
123
109
110
85.5
109
76.0
108
79.1
79.2
71.8
*
112
76.4
