137
93.1
76.2
82.5
81.6
75.1
83.9
84.0
83.8
81.2
83.6
79.1
82.1
82.1
81.7
77.9
81.3
87.7
89.5
95.6
73.0
83.3
92.1
85.9
83.8
82.8
90.0
*
81.6
82.6
83.5
75.0
81.6
84.9
82.7
89.0
71.5
82.6
83.8
74.5
76.8
87.1
82.5
80.7
72.9
85.3
89.7
78.7
85.6
85.0
82.9
77.5
81.4
84.8
76.0
74.0
90.6
76.3
73.3
88.4
82.1
78.0
88.4
90.6
86.8
87.3
80.8
79.5
75.4
93.5
82.2
91.0
78.0
79.3
91.3
82.0
84.4
78.0
81.5
74.0
80.3
83.8
75.7
83.3
77.0
83.1
79.2
78.7
82.3
76.9
78.7
75.7
78.7
83.4
88.0
75.9
80.4
87.1
81.9
84.7
82.0
83.7
84.9
81.4
81.7
86.4
90.6
78.0
78.3
90.1
92.7
87.1
77.8
76.9
*
80.7
83.3
82.4
78.2
75.5
84.3
80.3
82.7
83.7
78.9
76.3
73.4
88.3
78.0
84.1
84.6
83.4
83.4
84.5
74.0
87.4
85.0
79.0
85.2
83.1
81.0
83.1
79.7
80.2
