105
71.7
65.2
86.8
133
115
76.8
139
65.1
109
115
85.1
68.3
63.4
67.2
88.5
97.2
120
115
74.9
78.0
76.1
87.5
141
59.9
115
119
93.2
84.9
66.6
115
125
121
123
74.3
59.7
74.8
73.7
85.0
61.8
99.2
112
123
138
127
74.8
114
118
82.7
122
115
67.7
59.2
118
117
62.1
79.6
76.3
106
61.0
72.4
65.0
78.1
60.2
114
86.2
91.9
116
63.9
71.3
115
73.7
65.0
117
59.8
130
114
59.6
115
144
59.6
120
71.6
111
60.9
118
64.3
61.8
94.4
*
115
145
86.5
116
117
73.9
116
122
*
57.3
65.7
116
94.7
117
115
70.8
87.4
66.4
108
78.0
129
59.2
117
113
*
63.9
66.4
82.6
113
63.8
63.0
127
104
116
63.4
60.9
69.2
82.3
78.5
59.3
60.5
114
76.8
113
62.6
66.5
61.8
61.3
56.9
113
85.3
117
65.5
113
