117
66.4
94.6
60.3
59.3
86.4
63.3
96.2
63.2
59.6
62.1
54.3
90.5
67.1
59.9
96.6
90.1
57.8
92.5
57.9
61.2
60.7
54.1
54.6
54.2
55.4
63.9
*
83.7
59.3
94.5
54.7
88.8
55.3
62.1
53.7
63.5
59.9
56.4
66.3
63.1
58.5
55.0
74.1
*
64.2
105
61.7
*
61.1
89.7
57.2
68.3
61.3
54.1
61.5
101
57.9
64.2
93.5
118
59.7
57.7
58.7
90.0
60.1
57.5
56.1
90.8
60.1
98.7
94.0
63.4
93.0
97.8
59.7
88.8
60.3
102
60.9
82.2
95.8
59.8
114
60.5
57.3
63.8
58.0
56.9
75.3
90.5
59.5
68.5
97.1
63.9
60.5
86.8
64.4
*
57.9
63.6
96.9
92.0
96.7
95.8
58.3
63.9
68.6
53.2
72.2
58.2
62.1
65.5
55.7
*
61.0
98.6
54.4
86.6
*
68.0
54.0
56.8
89.5
63.8
107
72.2
64.3
61.9
58.8
55.3
82.1
95.1
62.0
56.3
58.2
66.8
57.0
99.2
86.1
59.6
82.6
65.0
56.1
