74.7
75.9
65.9
59.6
66.7
64.0
66.5
63.2
65.1
80.4
60.8
61.0
62.5
58.1
61.3
58.1
64.6
67.7
61.8
58.2
64.0
61.5
62.8
67.4
*
67.2
62.7
62.9
58.3
68.4
66.3
59.4
61.2
56.0
66.9
57.6
56.7
58.3
63.5
63.0
58.1
61.6
60.4
65.0
75.2
61.8
71.5
78.4
60.7
66.5
63.1
64.7
64.2
59.8
64.1
75.3
58.7
64.5
61.9
57.7
71.5
62.2
66.2
57.5
61.9
75.0
60.8
68.1
63.6
67.5
82.9
64.7
63.8
59.2
60.8
63.5
57.4
56.8
79.1
60.1
56.7
57.0
58.1
56.7
56.5
62.1
69.1
64.3
58.6
74.8
61.3
56.8
75.7
58.2
63.5
59.9
63.1
64.2
73.2
60.1
61.8
60.7
74.5
65.9
85.9
67.2
75.5
77.6
65.2
59.9
60.2
61.4
76.4
67.2
74.9
65.4
69.7
66.2
82.6
63.5
68.7
62.0
66.9
60.4
63.6
65.5
58.5
60.4
63.6
59.8
69.7
69.4
61.7
67.4
61.8
62.2
57.7
67.2
58.3
61.6
57.8
60.7
71.7
59.3
