151
142
66.8
80.5
78.7
96.8
80.4
74.9
74.5
64.1
80.7
73.3
63.5
66.8
*
69.6
76.4
65.9
85.6
75.3
60.8
73.9
75.3
76.5
76.9
83.1
89.2
*
73.9
77.2
70.2
65.5
83.6
75.5
92.2
76.9
70.7
57.9
75.0
75.2
60.2
75.5
72.0
84.2
73.6
63.3
95.1
77.6
72.9
90.6
95.6
61.4
76.3
107
72.5
56.3
80.1
78.3
74.7
65.3
91.8
79.1
63.4
79.4
80.2
78.9
70.5
72.2
67.1
74.4
66.5
82.6
60.3
88.3
81.5
63.4
89.9
70.3
89.8
58.0
85.0
62.2
64.0
78.2
71.1
75.2
57.6
67.6
75.2
85.4
87.5
77.9
62.4
96.0
90.4
75.1
84.7
73.9
81.3
79.6
60.1
83.9
61.5
59.4
83.0
58.9
70.7
57.5
59.7
73.3
60.9
80.1
73.5
75.9
*
72.6
75.0
75.7
*
77.1
74.3
78.0
65.7
90.7
77.0
77.4
66.3
81.5
80.6
73.5
73.5
79.2
69.5
80.6
67.0
75.4
80.5
70.7
76.3
77.3
65.7
90.3
66.2
81.6
