0.816
78.4
0.777
66.3
0.771
73.0
0.869
66.1
0.849
69.1
0.838
95.6
0.763
70.2
0.784
68.3
0.824
92.8
0.783
64.0
0.840
68.2
0.738
67.4
0.708
66.2
0.788
69.5
0.905
65.6
0.935
85.8
1.02
87.9
0.817
62.8
0.820
59.7
0.801
79.4
0.749
64.9
0.722
62.0
0.805
63.2
0.898
63.3
0.753
95.8
0.889
66.9
0.772
70.2
0.811
65.2
0.719
95.0
0.874
71.8
0.813
83.3
0.951
62.6
0.853
61.9
0.820
*
0.841
61.8
0.838
65.5
0.837
64.4
0.800
61.1
0.945
63.6
0.767
*
0.807
75.2
0.802
68.4
0.789
78.8
0.794
70.9
0.798
68.2
0.796
68.0
0.768
61.2
0.762
80.8
0.768
88.8
0.797
60.0
0.781
65.2
0.763
63.2
0.798
75.1
0.762
67.9
0.848
61.5
0.762
67.8
0.827
81.8
0.836
67.5
0.790
63.3
0.753
71.3
0.989
71.5
0.746
95.0
0.750
69.7
0.804
72.2
0.828
61.5
0.791
67.6
0.802
61.3
0.881
59.7
0.794
64.6
0.827
66.1
0.961
75.1
0.741
62.5
0.789
84.3
0.796
63.8
0.723
70.4
