132
115
85.8
91.4
90.8
88.9
96.0
89.1
89.2
95.1
70.6
91.1
93.0
87.3
88.0
95.3
84.6
96.0
90.2
86.5
88.5
88.3
85.5
87.9
98.9
86.4
94.6
*
97.3
105
94.6
105
66.7
109
87.9
89.5
97.4
86.0
98.3
94.9
91.4
86.4
91.7
88.8
*
91.1
88.3
102
96.5
86.3
92.3
87.4
87.7
86.0
89.1
91.0
99.3
86.9
91.9
82.5
94.4
103
104
85.7
95.8
98.1
96.2
95.6
70.7
102
85.2
84.5
82.4
101
85.9
94.9
82.4
94.9
85.7
90.2
86.0
88.4
88.4
96.8
86.9
86.5
86.3
95.5
89.5
*
94.3
132
87.3
91.2
86.0
89.4
92.6
81.6
*
121
93.6
91.5
100
86.0
168
89.5
85.1
91.2
111
94.8
88.9
87.3
103
93.2
*
86.6
87.2
90.5
69.7
89.6
85.3
110
86.9
85.9
87.6
99.7
87.7
92.1
86.0
105
92.4
73.3
107
148
98.7
103
87.9
91.1
93.1
86.0
87.5
87.2
91.5
118
