98.3
142
99.3
85.9
127
80.7
76.7
111
81.0
118
83.8
82.6
101
109
106
95.6
96.2
99.2
71.3
77.2
104
84.1
77.7
85.1
104
74.1
83.5
*
81.7
77.6
74.5
77.5
79.9
85.4
82.2
81.2
101
98.0
78.8
75.4
104
74.9
74.2
*
107
96.8
83.2
100
85.9
83.9
80.7
110
*
106
81.5
77.0
85.2
70.2
111
102
84.9
117
102
96.8
75.8
80.0
77.9
75.8
71.5
96.1
75.2
74.2
106
78.1
95.7
75.2
94.6
95.9
70.3
98.1
97.5
99.9
93.6
79.9
94.9
102
98.4
104
78.6
86.8
73.6
101
96.7
79.0
76.9
101
76.9
91.5
87.4
79.9
96.3
103
117
77.9
79.9
71.7
82.5
94.9
92.3
77.5
79.0
71.8
98.5
85.1
*
81.3
91.3
71.3
*
79.5
74.7
93.0
96.4
80.1
102
114
102
78.8
79.0
73.1
72.4
75.9
95.3
92.3
101
79.0
105
102
74.3
85.3
101
82.5
96.4
76.8
