138
116
56.2
56.7
49.7
57.9
56.7
52.6
58.3
54.3
53.5
52.5
59.3
57.3
58.2
53.7
51.3
54.5
53.8
50.9
54.9
52.7
49.6
56.9
52.3
59.1
57.3
53.8
49.3
53.2
53.3
59.1
51.7
52.3
53.0
66.8
55.3
56.0
55.5
54.7
49.8
82.1
53.7
54.5
51.2
63.0
56.0
55.2
51.8
53.2
58.2
54.4
54.1
61.7
53.9
54.6
52.4
63.2
61.6
66.3
56.2
50.0
57.4
50.1
53.3
57.8
59.7
60.2
52.7
55.8
48.6
50.7
65.9
50.7
59.8
59.4
56.1
55.3
80.2
51.5
49.5
66.4
51.9
51.3
49.1
57.7
54.2
54.5
58.0
57.5
53.7
54.6
52.5
53.1
53.9
49.0
82.7
60.4
62.6
63.3
49.1
49.8
82.5
68.1
79.6
58.9
56.9
50.8
48.7
54.7
52.1
55.8
63.2
55.9
*
59.2
56.8
56.6
53.1
54.9
55.8
60.6
54.4
54.9
51.9
58.7
59.2
63.5
80.5
55.5
49.5
58.5
52.2
56.7
57.4
52.5
49.4
52.3
59.6
52.5
58.6
53.7
56.6
52.1
