136
104
52.9
49.2
54.9
55.4
57.4
58.4
48.3
56.8
54.4
58.9
57.4
61.9
59.4
50.9
60.9
55.8
59.5
58.1
54.7
52.8
60.5
59.4
49.2
51.0
54.7
58.9
59.3
57.3
58.0
57.6
62.2
60.2
53.9
54.9
56.2
53.3
71.3
56.5
57.6
62.0
55.0
56.1
59.7
52.4
53.8
51.0
60.6
59.7
55.5
61.2
56.6
53.1
53.3
57.9
60.6
60.3
52.2
57.5
52.8
67.3
50.6
49.5
54.4
50.9
59.0
62.6
50.4
55.3
48.8
62.1
52.3
62.1
53.3
56.2
50.9
58.7
57.2
60.7
56.5
52.3
56.3
48.3
51.4
58.6
53.1
60.8
49.1
56.9
51.1
56.1
62.3
55.3
52.0
66.9
55.4
55.4
*
50.1
53.8
55.5
58.0
53.3
57.5
53.6
58.3
57.8
54.5
55.0
52.6
55.9
56.8
54.3
*
54.6
56.6
50.2
56.0
55.5
48.8
58.0
54.2
54.9
51.7
49.6
53.9
50.8
71.8
53.5
50.0
55.0
57.5
54.2
52.3
52.8
55.6
55.5
56.9
51.0
59.6
53.9
53.3
51.9
