0.954
66.5
0.892
59.4
0.785
63.9
0.842
50.9
0.958
55.9
0.984
74.1
0.869
60.4
0.832
54.9
0.768
70.9
0.801
57.1
0.818
53.3
0.753
59.9
0.843
69.9
0.891
58.7
0.867
56.8
0.818
54.6
0.849
66.2
0.813
52.3
0.849
71.7
0.808
53.2
0.755
52.1
0.999
55.2
1.06
58.7
0.872
50.7
0.775
69.6
0.816
52.6
0.855
54.5
0.812
67.8
0.747
53.8
0.827
66.3
0.855
73.8
0.888
53.3
0.833
63.0
0.836
*
0.854
51.5
1.06
65.2
0.870
50.3
0.819
52.4
0.846
57.0
0.703
71.1
0.859
74.6
0.926
65.0
0.934
51.3
0.734
56.4
0.797
54.0
0.719
57.2
0.901
53.0
0.780
51.5
0.804
73.2
0.787
53.7
0.948
70.4
0.748
51.6
0.936
71.1
0.772
55.8
0.803
55.0
0.782
84.6
0.856
51.7
0.926
49.8
0.790
56.5
0.816
71.7
0.850
64.8
0.818
56.8
0.909
55.3
0.849
56.5
0.787
53.4
0.782
53.3
0.853
69.7
1.04
64.7
0.917
73.9
0.888
54.2
0.874
55.4
0.786
59.0
0.900
79.7
0.808
50.3
0.720
55.4
