148
146
83.8
85.3
78.7
101
86.8
106
104
86.6
104
80.4
85.1
93.6
102
87.9
87.0
79.8
83.8
85.2
98.2
82.1
87.8
84.5
83.8
85.9
104
*
113
85.3
84.3
83.6
107
79.6
98.9
84.7
85.4
86.6
85.1
103
85.1
88.8
102
111
84.2
89.3
103
103
84.2
85.1
107
88.5
85.1
99.0
88.0
89.0
90.0
83.6
101
80.8
91.1
87.4
86.2
86.8
100
83.5
96.1
86.3
98.9
77.9
102
88.1
89.1
106
80.0
84.0
103
87.7
103
85.4
79.3
82.0
83.9
87.5
90.6
100
81.5
86.9
83.5
107
88.5
107
104
105
88.1
102
110
103
100
85.8
88.5
79.9
85.8
84.2
102
96.2
110
86.1
101
102
87.0
83.5
87.0
109
*
100
84.5
80.5
114
*
92.0
84.5
87.4
101
84.3
114
82.5
79.5
104
89.4
84.0
100
86.2
113
87.6
86.6
104
87.4
84.1
81.8
100
103
83.9
81.9
