115
115
69.1
71.8
72.5
81.5
71.0
79.2
73.2
68.1
74.4
67.5
76.1
71.6
77.3
71.3
77.4
84.6
76.3
72.5
78.5
73.6
77.2
72.0
67.7
77.2
77.9
73.3
71.8
71.1
84.7
82.8
72.8
71.6
72.8
74.6
72.7
75.1
71.9
70.8
72.0
75.1
74.5
73.3
*
78.8
71.1
111
71.3
70.2
74.0
74.6
71.1
72.8
71.7
72.4
78.8
71.3
70.7
72.3
80.8
76.8
75.4
73.3
73.8
81.2
71.6
74.5
76.1
67.8
68.4
76.7
74.9
114
72.7
97.7
76.1
71.0
76.6
75.0
68.4
77.6
72.6
77.6
67.6
77.5
72.4
77.4
73.0
79.5
79.1
70.4
97.4
72.3
73.2
91.1
82.4
70.0
72.9
70.7
74.3
74.6
72.4
75.6
73.9
74.7
72.6
74.1
73.5
67.6
71.9
71.2
76.9
75.1
*
69.7
67.9
84.4
68.9
76.1
75.1
70.0
87.4
71.0
75.3
71.7
73.5
68.2
78.6
72.7
73.2
70.4
78.9
72.7
73.1
73.6
73.2
76.2
76.5
76.2
68.9
73.4
70.2
67.8
