131
115
50.0
70.6
50.4
66.5
54.9
219
72.1
75.2
51.7
67.7
54.3
52.5
51.3
64.1
64.7
67.8
62.1
72.0
65.8
49.4
50.8
77.7
82.7
219
98.3
51.1
101
70.9
53.1
62.0
50.5
51.1
75.2
53.3
47.6
76.8
57.1
50.3
51.3
55.3
58.3
56.8
47.6
75.2
53.4
*
74.3
91.8
52.6
58.0
65.8
59.6
56.5
49.2
49.3
68.0
55.0
51.9
48.0
234
75.6
98.6
112
52.2
60.9
51.8
221
55.7
55.5
47.5
48.8
96.9
55.7
70.8
57.0
58.7
86.2
55.5
69.8
56.5
56.3
70.7
104
62.1
76.6
47.4
51.7
*
220
223
55.1
60.3
56.9
69.4
108
61.5
226
75.8
51.0
46.9
46.7
51.0
60.1
76.7
49.3
55.3
63.5
72.0
45.1
52.7
73.5
60.2
*
241
59.1
71.5
75.1
61.2
46.4
66.0
48.0
79.6
55.9
52.0
69.9
59.0
48.4
59.8
68.8
74.4
53.0
56.0
50.0
77.6
46.8
53.8
53.9
216
49.3
66.4
48.1
77.0
