126
106
137
143
199
139
142
202
203
133
143
140
200
135
197
140
208
197
141
152
197
140
203
136
199
200
198
*
138
136
145
137
135
198
197
202
203
200
198
204
141
140
197
204
139
216
134
141
144
140
144
139
136
145
204
136
140
250
141
203
138
196
132
201
137
198
139
138
140
139
136
141
139
138
148
133
197
198
137
137
140
138
206
137
205
146
199
200
138
140
139
133
199
143
144
141
143
134
137
135
137
147
197
148
135
137
199
138
137
205
137
197
139
195
*
208
198
199
137
198
138
199
138
142
200
214
137
194
133
200
212
138
199
202
141
137
202
152
146
144
198
201
138
137
