145
159
51.3
53.8
54.7
53.0
61.5
64.0
73.7
64.7
54.5
54.1
54.6
57.3
55.7
57.7
58.5
51.2
53.0
53.2
57.4
57.3
61.8
50.5
50.3
48.1
68.3
*
76.5
59.9
50.4
94.6
58.3
63.4
50.2
50.8
64.9
57.2
50.4
66.4
57.0
53.1
60.4
71.9
48.9
51.1
66.6
53.2
59.2
52.5
62.4
56.2
64.3
75.6
56.6
55.2
52.5
47.8
57.5
55.9
52.1
55.1
50.4
56.8
61.1
58.1
54.2
59.3
58.9
49.8
54.3
51.8
50.0
48.1
56.1
55.2
56.7
55.9
56.1
65.1
49.4
51.1
50.7
56.7
49.2
61.6
47.4
53.4
55.7
63.4
51.5
63.0
53.2
55.8
46.9
52.7
55.6
60.9
58.9
52.1
57.4
58.7
60.9
52.0
50.3
53.3
56.5
54.2
76.6
47.8
69.4
50.2
53.0
59.4
*
67.3
67.7
51.5
49.4
53.7
56.2
56.4
50.5
53.3
54.4
49.2
58.6
51.9
49.6
54.8
48.3
64.7
57.1
61.9
59.1
47.0
80.0
51.0
52.8
52.4
68.3
66.0
50.0
71.1
