0.826
57.1
0.808
55.1
0.943
49.3
0.807
52.7
0.767
66.6
0.798
50.3
0.765
53.4
0.725
71.9
0.723
103
0.744
66.4
0.820
57.0
0.782
57.5
0.724
50.5
0.756
54.1
0.779
55.0
0.888
64.4
0.802
52.2
0.736
55.0
0.757
57.4
0.827
69.3
0.759
51.5
0.747
56.0
0.793
47.4
0.755
52.0
0.718
54.1
0.731
52.2
0.768
65.8
0.765
57.6
0.773
107
1.11
113
0.880
51.6
0.781
61.5
0.754
61.9
0.826
53.7
0.813
57.2
0.747
48.2
0.795
57.6
0.787
52.1
0.891
65.9
0.741
*
0.795
55.7
0.787
50.8
0.780
63.8
0.753
67.1
0.719
56.1
0.758
54.7
0.666
51.9
0.804
51.8
0.774
53.7
0.848
51.2
0.780
52.7
0.752
47.7
0.769
50.9
0.762
56.5
0.734
55.1
0.767
61.1
0.774
49.1
0.825
52.6
0.773
51.3
0.789
56.7
0.799
51.3
0.720
57.7
0.826
69.6
0.815
54.2
0.774
54.1
0.823
61.8
0.755
49.0
0.701
53.8
0.821
48.7
0.778
57.0
1.03
64.6
0.904
51.9
0.784
73.9
0.847
104
0.749
61.2
