109
166
123
123
123
134
121
131
129
142
161
117
121
139
132
133
133
119
126
120
123
162
127
130
123
122
120
*
133
124
125
133
162
135
134
127
131
122
126
136
128
119
129
136
142
160
166
128
120
142
157
140
120
129
135
127
164
136
121
124
164
159
128
123
161
120
131
123
165
125
163
172
133
159
124
131
125
123
159
*
124
129
139
165
118
125
124
124
128
129
170
172
124
163
167
118
161
123
131
130
133
117
122
124
161
141
134
135
129
136
146
147
128
131
*
163
121
129
162
123
169
124
126
163
121
155
122
136
129
124
134
161
137
124
137
122
126
127
170
160
125
123
121
132
