0.845
70.2
0.856
64.8
0.816
77.5
0.826
73.1
0.853
70.3
0.852
66.6
0.785
74.3
0.815
68.8
0.784
74.0
0.777
68.5
0.793
92.5
0.746
77.6
0.795
69.3
0.851
69.0
0.855
66.4
0.737
65.1
0.791
74.0
0.790
63.5
0.814
63.5
0.859
66.6
0.757
69.6
0.837
64.9
0.800
69.4
0.805
100.0
0.934
73.1
0.742
64.2
0.755
66.7
0.798
71.1
0.821
65.8
0.807
66.8
0.818
70.9
0.794
68.9
0.796
65.5
0.787
*
0.833
67.0
0.787
65.6
0.792
65.6
0.834
74.1
0.799
72.4
0.789
*
0.833
63.8
0.777
74.7
0.772
74.8
0.702
67.8
0.757
72.8
0.798
85.6
0.812
73.1
0.778
78.1
0.829
80.7
0.935
78.3
0.815
68.2
0.773
63.8
0.840
63.4
0.788
66.0
0.848
71.4
0.783
76.6
0.801
84.8
0.773
67.6
0.833
71.1
0.818
69.4
0.788
66.6
0.744
76.0
0.853
67.7
0.874
69.0
0.817
67.5
0.766
66.8
0.778
72.5
0.727
77.8
0.834
64.7
0.734
91.8
0.827
64.1
0.698
68.2
0.768
87.5
0.847
82.1
0.693
83.3
