1.00
94.1
0.889
66.5
0.853
97.7
1.04
82.2
0.820
100
0.959
64.5
0.855
113
0.815
65.4
0.858
110
0.822
125
0.820
110
0.866
106
0.853
98.8
0.922
96.2
0.952
79.0
1.04
71.0
0.855
120
0.796
107
0.864
63.5
0.820
80.8
0.819
84.6
1.01
101
0.833
78.9
0.856
152
0.752
99.4
0.946
102
0.776
94.3
0.802
74.1
0.913
94.8
0.873
94.5
0.872
99.8
0.824
70.8
0.923
80.2
0.838
*
0.775
100
0.882
64.4
0.780
99.9
0.836
77.4
0.777
96.9
0.852
58.0
0.778
68.9
0.855
85.0
0.733
62.4
0.776
64.6
0.884
65.7
0.721
95.8
0.727
62.8
0.763
93.9
0.854
60.7
0.812
78.2
0.824
102
0.765
93.2
0.852
64.4
0.798
66.6
0.825
95.3
0.792
71.7
0.815
64.8
0.883
72.6
0.829
97.4
0.829
69.6
0.844
94.3
0.773
62.9
0.866
103
0.841
96.7
0.763
96.4
1.00
100
0.771
62.0
0.851
69.3
0.820
77.7
0.844
124
0.831
100
0.770
100
0.793
87.3
0.848
68.6
0.719
98.4
