151
133
246
246
172
253
252
243
170
242
172
244
178
243
171
246
186
239
170
245
182
246
173
243
180
242
173
*
253
171
240
172
180
174
178
168
257
241
185
243
243
252
186
256
306
245
170
244
244
171
172
251
169
268
251
177
245
247
176
244
247
192
262
244
176
174
172
242
170
173
183
243
246
176
172
251
249
244
166
248
176
172
244
172
181
249
244
246
184
239
177
173
173
170
254
173
173
241
*
180
243
303
195
173
168
174
244
243
269
184
256
248
245
250
*
177
171
252
180
246
254
180
265
183
252
254
172
176
246
173
246
172
239
246
255
243
248
250
250
173
293
255
244
197
