0.940
59.5
0.799
58.0
0.771
67.9
0.815
49.3
0.793
70.2
1.10
66.3
0.867
57.4
0.762
49.5
0.751
70.8
0.724
62.2
0.813
71.6
0.700
72.6
0.759
68.7
0.788
54.4
0.752
69.6
0.776
56.9
0.793
*
0.743
55.2
0.926
55.2
0.797
62.5
0.701
68.7
0.759
52.4
0.754
58.7
0.834
60.9
0.688
67.1
0.740
70.9
0.875
52.7
0.713
74.4
0.727
59.4
0.718
71.8
0.755
74.2
0.772
48.2
0.815
58.8
0.782
57.0
0.745
57.2
0.797
73.7
0.767
69.5
0.786
56.0
0.787
64.7
0.712
*
0.695
68.8
0.759
61.7
0.821
54.6
0.740
57.4
0.724
67.7
0.725
67.7
0.715
59.3
0.733
53.4
0.880
74.0
0.825
49.8
0.795
77.9
0.821
53.6
0.778
72.4
0.745
66.4
0.814
71.1
0.957
67.8
0.779
48.7
0.795
59.6
0.787
69.5
0.744
71.3
0.971
71.7
0.716
77.7
0.738
56.9
0.743
54.3
0.780
64.3
0.814
67.6
0.749
70.6
0.717
68.7
0.745
71.3
0.828
55.0
0.753
68.0
0.754
68.2
0.829
70.3
0.814
62.0
0.739
52.5
