132
91.4
116
57.2
72.7
59.8
55.6
105
63.7
57.8
59.8
54.9
54.4
55.0
50.7
51.0
105
99.7
52.9
56.0
49.8
62.5
121
53.3
52.3
56.6
70.5
60.6
102
53.6
96.7
55.2
55.8
53.3
57.1
54.6
108
60.6
55.2
58.4
56.7
63.0
53.6
54.5
95.6
134
50.7
59.5
111
54.9
81.3
54.7
55.5
49.6
58.5
56.0
56.3
57.0
55.1
121
59.0
113
60.0
54.9
56.9
70.8
63.7
55.0
56.9
56.7
58.4
54.8
49.0
49.5
55.1
71.1
54.9
55.1
55.3
53.7
54.7
53.6
66.1
59.1
50.7
56.2
59.4
63.7
56.4
94.2
50.8
56.7
52.9
51.6
49.3
49.9
57.7
51.2
111
53.8
53.6
116
55.6
55.9
69.4
56.5
53.6
55.7
50.3
49.0
57.7
49.1
54.7
56.5
*
63.6
55.9
61.7
59.5
93.3
54.8
60.1
54.7
50.8
60.7
94.9
68.5
50.4
49.3
58.7
49.8
55.2
79.6
56.5
57.0
51.5
53.1
57.4
53.0
63.0
54.0
56.1
62.7
123
