0.894
67.3
0.808
73.7
0.803
75.5
0.784
79.7
0.792
78.5
0.872
65.6
0.798
69.9
1.01
76.1
1.06
69.9
0.765
76.5
0.748
67.4
0.818
69.7
0.761
76.6
0.789
75.7
0.975
63.1
0.943
90.9
0.863
90.1
0.970
64.5
0.818
81.9
0.772
59.4
0.826
65.0
0.732
68.5
0.791
71.7
0.838
66.9
0.770
60.0
0.744
79.3
0.842
88.0
0.705
69.5
0.826
71.4
0.790
62.4
0.775
74.7
0.758
70.7
0.783
79.2
0.802
*
0.794
82.0
0.749
79.1
0.932
78.5
0.833
72.8
0.812
74.0
0.696
65.9
0.768
67.1
0.767
70.8
0.697
76.8
0.755
74.3
0.761
72.6
0.712
79.1
0.842
75.1
0.717
77.0
0.780
72.9
1.04
79.2
0.895
67.2
0.820
76.2
0.781
68.1
0.721
72.9
0.800
60.0
0.743
88.8
0.771
83.1
0.828
80.6
0.918
88.5
0.904
64.7
0.786
82.0
0.742
76.0
0.786
69.7
0.863
79.4
0.774
70.4
0.966
75.1
0.831
59.9
0.774
76.7
0.857
72.2
0.852
74.9
0.836
76.0
0.754
64.2
0.795
68.4
0.849
68.0
0.790
65.4
