123
148
184
79.7
92.1
91.7
85.1
171
97.4
168
86.6
84.0
141
82.9
87.7
94.9
191
181
183
88.9
89.7
*
170
103
111
86.6
84.0
*
*
91.2
171
109
99.8
99.7
92.0
104
172
87.1
89.6
98.1
93.3
144
90.6
89.5
168
193
113
96.2
166
118
85.8
94.9
87.8
103
87.8
112
*
115
152
168
85.5
176
115
129
136
83.0
112
102
152
85.3
82.5
88.2
92.2
105
90.9
80.7
90.0
82.4
122
95.7
89.4
132
92.1
*
87.5
104
84.8
82.5
88.5
197
88.4
90.4
90.4
97.6
83.9
98.9
106
91.6
168
92.4
81.2
181
92.3
86.1
88.0
106
82.7
87.6
125
82.9
172
91.1
85.1
84.3
*
81.9
90.9
86.1
110
179
82.4
85.9
156
84.5
109
193
103
133
84.8
90.6
96.7
91.8
172
84.8
96.5
180
89.2
94.1
177
84.3
91.5
87.0
95.2
109
