0.898
99.0
0.779
52.0
0.766
46.4
0.771
46.4
0.807
45.5
0.775
57.6
0.788
48.4
0.759
49.0
0.726
60.1
0.767
45.6
0.767
59.2
0.757
51.9
0.748
46.4
0.828
43.4
0.849
45.2
0.702
52.6
0.868
60.8
0.865
53.1
0.742
43.5
0.804
47.8
0.792
56.0
0.817
49.9
0.783
52.9
0.800
45.1
0.708
57.6
0.716
45.6
0.801
48.9
0.764
54.8
0.733
43.7
0.751
45.9
0.909
41.9
0.815
47.1
0.905
51.3
0.799
45.2
0.881
42.6
0.817
54.5
0.800
49.2
0.839
43.8
0.782
45.3
0.690
*
0.798
48.4
0.772
57.7
0.874
50.6
0.776
47.9
0.766
54.8
0.850
49.9
0.776
44.7
0.740
45.8
0.749
54.7
0.772
45.7
0.833
50.8
0.724
52.3
0.773
53.2
0.745
46.0
0.783
42.7
0.767
51.3
1.11
40.0
0.771
54.7
0.768
49.7
0.810
41.2
0.804
43.6
0.739
45.9
0.781
54.8
0.784
42.0
0.840
63.7
0.794
57.0
0.797
46.5
0.785
40.1
0.754
51.4
0.727
44.9
0.730
52.8
0.706
51.8
0.761
55.3
0.799
65.3
0.726
41.2
