0.954
42.6
0.823
62.9
0.852
48.7
0.875
43.5
0.827
43.2
0.821
67.5
0.849
47.3
0.825
50.4
0.957
63.4
0.777
78.8
0.837
49.2
0.770
53.7
0.753
62.3
0.868
67.7
0.895
71.4
0.774
49.2
0.845
66.0
0.782
57.2
0.765
61.3
0.787
37.9
0.906
41.8
0.759
57.3
0.793
64.6
0.889
43.2
0.739
64.3
0.796
44.6
1.04
42.5
0.767
46.7
0.841
67.9
0.866
70.1
0.872
*
0.883
60.4
0.911
44.5
0.878
*
1.02
50.7
0.873
44.5
0.788
43.4
0.895
60.5
0.815
45.2
0.870
*
0.894
72.1
0.772
64.0
0.765
64.2
0.775
42.5
0.808
42.4
0.816
72.5
0.782
61.8
0.719
43.8
0.793
48.5
0.847
40.6
0.938
51.7
0.817
38.9
0.791
53.1
0.768
68.5
0.867
47.6
0.781
43.6
0.803
71.9
0.826
46.0
0.828
41.4
0.815
43.8
0.841
49.8
0.735
64.4
0.798
46.3
0.832
60.7
0.808
67.3
0.798
65.1
0.939
59.6
0.793
45.2
0.820
58.0
0.830
59.2
0.775
64.6
0.785
48.3
0.827
41.6
0.772
51.4
0.771
39.1
