188
178
88.3
85.2
88.0
91.8
95.0
86.9
97.9
101
90.5
84.8
87.2
95.4
91.8
87.2
86.3
90.4
87.6
87.9
86.9
87.7
88.5
94.6
96.0
88.9
86.5
*
92.0
81.9
84.9
92.7
87.8
89.9
84.6
93.9
90.8
89.3
83.7
87.2
93.3
83.6
85.8
86.9
90.1
97.9
84.8
86.2
89.8
95.7
107
89.2
88.1
95.7
87.2
87.8
97.6
85.2
88.8
89.3
91.9
102
89.0
89.4
85.3
87.0
85.1
88.2
93.8
89.0
96.5
87.4
91.3
129
90.8
84.2
91.6
87.2
85.6
81.7
86.3
93.8
86.9
91.0
87.7
84.2
89.1
93.2
93.4
85.4
88.5
85.1
81.1
83.1
87.1
87.9
92.2
95.4
87.8
88.2
90.9
83.0
92.0
88.2
82.5
83.3
88.2
83.1
89.8
106
95.0
82.8
85.4
101
*
86.7
88.8
82.2
83.0
94.8
87.0
88.5
86.3
125
*
85.2
88.9
83.0
88.8
86.1
88.7
93.7
91.6
88.4
86.3
88.4
87.4
99.1
88.7
85.7
91.3
96.0
85.0
86.5
