147
100
82.0
93.1
88.1
119
76.3
*
85.7
86.9
109
88.1
106
117
82.5
106
84.1
111
77.7
98.0
75.5
99.2
81.3
87.2
83.5
124
78.0
*
83.4
81.1
79.5
86.5
105
84.7
81.5
76.5
88.2
78.2
82.2
80.7
110
84.2
80.0
*
87.9
99.7
104
108
85.4
88.3
110
79.6
82.8
117
80.1
101
84.7
75.3
90.6
77.3
74.4
91.9
80.5
110
107
86.2
103
83.7
106
84.9
107
93.4
111
117
78.5
102
108
79.9
121
119
81.8
85.0
77.7
78.8
83.0
80.6
83.8
85.8
76.7
*
78.8
133
82.0
107
109
85.5
111
78.7
110
77.7
111
80.1
83.1
78.4
109
87.5
78.0
110
82.8
80.8
95.3
78.2
106
81.2
*
88.0
79.1
77.4
109
107
93.5
87.8
84.4
83.4
107
75.4
73.2
85.9
93.1
172
87.4
82.7
80.7
107
113
109
87.2
79.8
135
83.6
113
109
84.7
76.5
