118
84.4
91.0
87.4
84.2
88.4
98.7
168
83.9
169
86.0
85.1
83.5
88.1
81.9
84.8
169
172
87.2
87.3
89.5
91.3
89.5
85.7
81.5
96.5
94.5
*
171
86.6
92.3
85.0
96.8
93.3
85.5
99.0
83.0
88.7
*
86.0
89.1
91.2
85.3
89.4
169
171
120
86.9
166
89.3
88.5
99.4
88.0
87.9
94.5
87.5
89.4
83.6
87.5
88.4
91.6
169
93.0
88.6
123
90.6
85.9
101
131
98.2
85.4
90.0
90.8
89.0
87.2
87.3
86.4
89.6
98.3
87.3
86.5
84.6
84.6
88.3
88.7
91.8
88.2
86.5
83.2
176
93.9
89.0
86.5
91.3
91.7
103
100
87.0
175
92.4
86.2
87.9
88.8
86.5
85.1
84.0
99.5
90.9
86.2
89.1
83.3
83.7
81.7
86.2
*
93.8
91.5
88.4
91.9
181
95.5
95.0
105
89.4
89.2
104
106
83.8
84.2
83.5
82.3
88.4
*
85.9
86.7
84.4
86.3
89.8
84.8
85.3
170
82.7
99.5
97.0
