91.7
107
76.2
66.0
70.9
76.2
57.6
74.7
74.4
95.0
68.8
61.5
57.6
71.8
*
73.1
58.5
70.3
69.7
64.1
61.7
70.4
70.5
61.1
67.9
69.5
69.1
*
66.6
76.0
60.2
57.4
69.1
75.9
76.4
71.7
61.1
66.6
75.0
75.5
68.4
69.9
72.3
69.3
69.2
75.4
60.0
64.5
68.1
71.1
71.5
57.4
71.2
72.1
64.9
56.3
72.6
65.5
70.5
56.1
79.9
72.7
59.8
68.3
66.7
73.5
56.4
68.4
63.8
57.9
60.9
72.8
71.0
66.6
72.4
62.3
65.7
67.5
70.6
72.6
65.3
62.3
66.4
69.4
62.4
63.1
66.3
68.4
71.5
*
71.6
66.8
62.3
74.3
68.2
71.3
72.3
66.3
72.1
73.9
74.5
64.0
70.6
64.5
66.4
70.3
70.4
69.6
68.9
70.6
64.7
79.9
71.6
71.4
*
76.9
65.5
71.4
*
72.3
66.9
66.1
63.7
71.1
65.7
89.3
60.4
65.9
67.5
74.4
73.2
71.8
63.0
72.9
65.6
71.6
70.7
64.6
78.5
78.3
79.4
69.2
61.7
70.8
