119
122
92.6
71.8
64.1
93.1
75.2
82.2
86.6
82.3
83.6
62.8
92.0
88.6
69.9
64.5
86.0
85.6
63.0
66.1
71.4
84.1
64.8
61.7
69.7
64.3
89.2
*
83.4
67.3
74.5
86.7
90.0
72.2
82.4
71.5
88.4
96.8
62.3
81.3
71.2
89.6
90.7
64.7
88.0
76.5
87.2
87.5
58.4
88.6
89.7
67.1
72.8
86.8
80.0
68.6
88.0
93.7
91.1
65.5
90.1
66.6
80.9
83.0
91.2
61.7
86.7
64.3
85.6
65.5
95.2
94.0
79.2
87.4
90.9
85.7
67.1
93.7
68.2
73.9
90.0
95.0
87.0
85.2
87.1
84.8
72.4
84.6
65.6
89.8
85.2
88.5
61.4
96.1
80.8
92.0
92.5
82.7
87.5
67.3
72.7
60.1
91.9
88.5
88.2
86.9
67.9
68.4
61.3
89.4
92.4
90.7
68.0
61.0
*
91.5
82.9
118
86.8
*
64.0
85.4
91.7
83.8
72.0
59.4
66.6
69.5
91.5
61.2
85.4
91.2
63.1
86.4
91.0
62.2
83.5
62.1
84.8
85.4
90.2
62.1
87.7
64.4
