170
123
62.1
72.4
76.6
70.7
73.1
145
73.0
70.7
149
68.2
75.7
75.7
72.3
60.7
70.6
68.2
67.3
64.4
71.3
73.9
78.3
77.1
67.0
69.5
77.1
*
72.6
72.3
64.5
62.8
69.8
64.7
72.4
78.2
70.6
74.1
79.0
76.2
82.7
65.7
85.9
80.5
74.0
72.1
76.9
71.1
67.1
74.1
72.6
71.5
71.8
68.9
73.8
73.0
80.8
65.0
63.9
61.6
64.6
70.6
68.8
85.3
75.1
72.0
71.0
92.3
150
72.8
148
67.6
72.9
147
73.2
71.1
69.7
66.6
141
71.4
68.9
150
76.1
90.4
83.3
90.9
70.1
68.8
72.7
65.4
76.5
65.4
75.5
70.1
84.1
70.2
72.1
77.7
77.3
70.0
72.6
64.3
75.6
146
145
86.4
76.1
74.0
72.2
67.5
69.2
71.0
70.6
72.9
*
150
74.4
69.6
146
66.2
67.3
72.8
71.0
70.7
68.6
72.6
76.1
72.4
74.0
72.2
74.1
65.9
67.3
76.2
89.9
65.2
73.7
72.6
69.1
71.0
66.5
101
74.4
77.4
