1.17
57.5
0.809
150
0.860
58.3
0.923
153
0.909
145
0.893
66.9
0.860
147
0.822
156
0.755
66.5
0.814
63.6
0.888
157
0.774
69.6
0.857
160
0.937
148
0.953
152
0.791
64.6
0.855
155
0.824
62.6
0.886
62.2
0.874
146
0.809
149
0.815
64.0
0.835
62.5
0.847
61.5
0.806
62.2
0.845
148
0.791
63.5
0.832
151
0.777
73.8
0.868
152
0.802
*
0.835
69.9
0.899
60.2
0.819
*
0.828
62.0
0.832
147
0.813
63.0
0.846
60.6
0.790
68.0
0.777
*
0.788
154
0.772
143
0.692
150
0.761
163
0.781
58.0
0.762
149
0.829
61.4
0.800
58.3
0.787
156
0.884
150
0.807
172
0.726
59.1
0.837
65.7
0.758
151
0.844
58.6
0.756
152
0.762
146
0.945
150
0.760
63.6
0.936
149
0.802
148
0.751
152
0.840
147
0.995
141
0.825
66.8
0.785
66.1
0.754
146
0.792
157
0.793
143
0.822
63.7
0.853
60.3
0.747
151
0.821
149
0.832
66.4
0.813
61.2
