192
121
91.9
108
96.6
93.2
88.4
91.6
96.6
99.8
99.9
96.4
100
96.8
101
95.4
88.3
93.7
95.6
97.6
88.0
93.6
91.3
94.5
99.2
97.4
95.5
*
95.2
94.3
89.5
95.4
96.2
92.3
94.7
91.3
96.1
91.0
98.1
112
95.9
96.3
103
107
95.1
100.0
93.9
90.4
95.1
96.9
96.1
96.6
98.8
92.6
94.5
94.7
98.2
96.1
95.0
101
95.1
87.7
100
93.8
94.7
93.7
98.5
94.1
94.1
89.4
102
100
97.1
97.6
103
103
102
86.5
97.5
98.2
94.7
96.9
87.8
101
89.4
94.5
96.9
96.0
97.3
108
92.5
94.2
100
106
107
94.5
103
92.9
89.1
94.1
94.6
92.1
97.3
103
99.7
96.6
105
97.9
90.3
101
101
94.6
95.5
95.5
*
98.3
104
97.0
91.3
94.3
94.6
96.1
85.5
96.7
98.4
106
89.7
93.1
94.2
87.3
102
105
97.4
93.6
94.7
97.2
96.1
104
105
90.9
117
92.7
88.3
94.9
