59.2
157
61.3
84.5
82.9
84.4
87.8
*
83.4
101
85.9
83.7
84.3
56.1
84.4
62.7
85.3
80.7
86.6
81.7
86.3
89.4
87.3
85.5
78.2
65.2
83.1
89.0
85.5
90.0
91.1
69.9
70.0
81.9
87.5
88.4
79.5
87.7
87.1
85.2
51.5
70.7
84.0
85.8
91.4
105
71.9
88.6
96.8
88.3
61.2
67.8
85.8
52.2
94.8
72.5
86.5
95.7
95.9
91.1
82.5
66.1
84.1
81.8
71.1
89.3
64.2
90.3
53.9
83.4
69.3
81.9
59.1
57.0
78.4
69.5
57.3
88.2
68.7
57.9
60.2
75.5
88.6
71.2
94.6
85.9
90.4
92.3
89.0
64.0
59.4
67.5
85.4
56.1
85.7
81.0
94.8
91.1
*
85.8
76.2
81.4
80.9
67.1
70.0
74.4
89.8
52.3
66.8
86.1
68.0
87.5
56.4
83.3
*
86.9
90.2
80.6
84.7
67.7
87.1
84.3
84.6
66.1
58.3
94.2
88.1
83.4
94.7
84.4
83.8
72.4
64.8
80.2
50.8
82.6
68.8
74.2
86.0
52.3
80.0
61.2
89.4
82.1
