192
193
57.8
50.6
48.7
50.3
47.1
44.9
50.9
59.6
48.0
49.0
64.6
51.6
44.6
59.6
62.8
62.1
54.7
48.2
48.6
56.4
61.1
49.5
51.4
59.8
54.4
44.6
63.0
50.5
48.4
59.8
50.7
66.1
49.7
59.8
55.7
50.3
62.3
52.2
51.6
45.9
49.0
52.0
60.7
50.7
49.7
47.9
52.4
47.6
54.1
64.7
49.4
45.1
67.8
64.5
58.6
57.6
48.0
56.7
59.2
59.9
58.1
59.6
48.3
58.9
59.5
45.8
60.4
51.3
59.7
60.4
49.3
54.6
60.4
60.2
63.6
49.4
60.8
49.4
59.3
61.5
55.3
62.2
64.4
50.4
44.5
48.8
46.7
62.2
66.5
55.6
50.8
60.4
50.4
48.5
58.7
52.3
64.6
49.9
58.2
46.7
58.3
59.5
63.0
61.1
51.1
59.7
58.6
48.6
58.5
56.5
57.2
46.6
*
45.4
60.6
64.0
60.4
57.0
48.7
60.9
57.9
59.4
48.5
66.5
44.4
56.5
66.5
60.3
58.0
57.3
64.7
49.2
55.4
54.5
63.4
56.1
57.5
58.3
58.9
64.8
48.0
55.3
