97.4
153
85.8
72.0
68.9
114
68.4
*
69.5
68.2
70.1
66.8
68.6
76.0
75.4
67.8
117
73.6
72.4
66.4
72.0
97.0
73.6
70.2
75.5
69.6
72.0
*
102
69.4
100
78.9
107
65.1
70.3
72.0
65.7
71.3
87.9
71.6
65.4
75.1
70.4
71.1
102
100
101
68.4
99.2
83.8
107
70.6
69.6
71.3
93.5
73.9
110
75.2
72.1
101
100
70.5
66.9
72.1
98.1
80.2
68.6
67.3
70.0
67.7
71.3
109
73.7
70.1
67.9
75.4
101
67.4
73.2
66.8
71.7
101
73.3
71.0
73.2
65.7
65.0
67.2
69.8
109
69.5
71.0
74.8
103
109
68.7
102
71.2
*
70.7
72.6
69.1
73.4
101
104
67.5
69.6
70.2
67.7
68.5
70.1
78.9
74.3
67.2
*
69.5
71.9
72.2
71.1
112
67.3
69.0
70.2
69.4
66.6
102
69.0
68.6
98.5
73.4
71.3
68.4
97.9
70.5
67.4
112
66.5
71.7
118
82.1
71.0
105
68.6
66.0
