133
77.4
77.1
100
80.3
103
102
132
128
134
108
104
80.5
120
107
106
109
103
114
104
102
119
119
116
113
96.9
112
*
87.6
74.9
97.3
110
109
113
112
106
119
110
74.0
121
93.9
78.1
110
118
89.6
98.2
110
102
99.9
110
73.1
109
105
81.3
112
116
79.1
137
115
109
78.6
115
73.2
76.7
125
111
136
112
112
108
113
112
112
105
85.2
114
117
110
100
96.7
110
108
111
107
132
99.4
108
110
74.9
96.3
107
121
107
75.2
95.0
123
74.7
103
100
71.9
106
109
112
111
102
84.8
129
123
114
110
112
131
132
106
*
110
110
106
77.1
118
112
111
73.3
110
109
128
101
122
109
107
82.7
119
107
119
123
115
98.6
81.5
113
133
97.1
114
68.8
82.5
