109
89.4
84.1
87.3
85.1
93.9
85.3
82.9
87.5
91.2
94.1
91.2
91.2
86.3
86.3
94.3
85.7
91.3
84.2
87.4
95.1
82.0
93.1
87.4
88.3
92.1
89.0
*
86.0
82.5
83.5
86.8
82.0
86.3
89.8
85.8
88.8
87.5
91.8
84.7
88.1
87.0
92.0
85.7
87.3
85.7
84.9
87.2
87.4
101
84.5
87.7
90.7
87.6
91.2
83.8
85.2
86.2
86.2
85.9
85.0
91.0
89.3
84.4
83.5
93.9
86.1
90.3
80.8
93.1
83.2
87.9
82.9
93.0
96.3
90.1
87.3
79.7
93.1
89.5
81.4
89.3
86.7
84.6
86.7
84.9
91.6
83.9
87.3
89.3
86.8
82.1
86.7
83.4
79.9
91.1
85.6
83.1
87.8
87.7
81.0
95.0
84.1
90.8
99.8
91.7
83.1
91.3
85.2
94.4
86.9
84.3
91.8
88.6
*
97.5
91.2
84.4
80.0
94.5
88.5
94.9
90.1
89.1
91.2
80.1
86.7
85.2
85.1
88.5
90.9
88.6
80.0
89.8
93.2
88.3
92.5
85.8
88.6
89.1
87.5
85.1
92.6
92.5
