153
165
49.8
51.9
49.7
55.7
53.2
68.8
52.4
48.3
53.1
49.7
58.3
46.9
51.1
47.1
46.3
45.4
48.5
52.9
46.2
57.9
47.1
50.8
45.0
55.2
51.5
50.7
56.8
51.9
52.4
62.2
58.8
51.7
56.1
50.4
53.3
47.3
45.4
52.6
52.9
55.0
55.3
54.7
50.8
63.6
50.6
50.9
61.4
44.9
51.1
48.3
55.6
47.0
51.7
48.7
59.7
53.1
60.5
57.1
51.3
77.0
44.0
55.1
52.2
45.3
47.4
55.2
48.2
69.4
46.9
48.1
52.7
47.7
49.6
52.1
45.8
46.1
58.8
51.3
50.1
53.5
52.1
54.2
49.9
45.3
55.1
49.4
56.6
52.8
45.7
68.8
56.7
48.9
46.6
51.0
48.8
47.9
53.7
75.1
64.8
70.4
48.2
56.8
49.7
52.0
48.4
50.1
62.5
44.4
49.9
54.4
48.7
59.6
*
48.2
48.6
49.2
45.6
51.6
46.9
50.3
45.5
56.2
63.1
49.9
52.9
49.4
54.0
48.0
55.2
48.7
46.6
49.6
64.3
58.7
50.5
48.8
53.3
53.8
48.1
49.4
46.8
44.8
