65.6
156
92.4
97.2
63.4
90.2
95.0
91.8
93.4
110
108
89.4
66.0
66.1
64.7
70.1
66.0
64.5
65.8
91.7
72.5
92.5
77.8
63.5
64.9
92.4
96.0
*
66.4
63.0
89.0
67.9
91.0
63.5
95.0
63.8
64.2
71.1
62.6
64.6
74.2
88.3
98.8
76.4
73.0
63.9
90.1
88.3
99.5
81.0
97.7
94.4
65.5
71.4
98.9
67.0
98.2
85.0
91.5
97.2
89.9
66.2
63.5
64.8
92.2
64.8
64.8
90.4
94.5
70.1
94.7
95.1
77.2
89.6
64.6
64.4
90.1
66.7
95.1
66.5
64.4
95.5
75.0
85.0
68.3
106
68.8
76.2
67.6
101
85.1
88.3
59.9
99.5
100
94.7
85.0
87.4
88.2
64.6
72.4
67.5
73.8
94.5
93.2
87.6
66.6
62.1
89.2
106
66.8
91.0
70.3
71.6
*
63.4
65.4
92.1
*
90.2
88.3
65.3
67.0
91.7
64.5
89.2
74.5
67.2
69.7
65.9
99.4
88.1
91.4
67.7
71.6
90.8
63.4
89.0
99.2
97.0
67.1
90.3
76.1
63.6
