79.4
87.1
61.9
65.2
119
66.7
63.1
120
122
87.0
119
62.9
77.5
123
122
128
124
61.2
55.1
77.8
61.8
128
59.9
128
119
61.4
121
*
127
57.5
58.2
74.8
129
67.4
129
76.8
122
58.5
63.5
66.9
122
129
125
66.7
59.1
127
138
120
67.9
61.5
127
60.3
57.0
124
118
72.5
122
128
57.4
126
124
*
61.9
122
124
61.9
60.0
59.4
62.4
124
131
137
123
128
72.8
56.8
132
62.1
63.4
71.4
75.0
127
55.3
126
134
129
70.5
65.7
65.7
*
64.8
129
69.8
129
129
61.7
124
128
*
75.4
126
59.6
59.8
149
132
58.6
64.0
123
67.3
120
60.0
125
129
60.3
*
120
90.0
125
120
68.8
141
127
80.1
127
128
67.3
67.5
62.1
119
66.7
130
122
69.8
68.8
126
76.8
119
68.6
118
61.8
62.9
122
61.4
77.4
