67.6
*
59.1
58.4
55.1
59.8
58.2
218
55.5
62.7
61.4
57.1
54.2
48.3
226
92.6
54.8
55.7
68.6
51.2
54.5
48.8
50.2
228
87.6
67.7
54.0
84.7
62.4
74.3
54.9
90.4
74.6
72.1
48.5
50.7
53.6
51.5
55.7
61.7
73.5
70.7
63.3
49.6
83.3
216
66.5
53.6
60.1
71.1
87.8
51.2
51.7
73.7
56.4
51.5
226
55.3
52.9
52.3
48.7
224
55.1
63.9
68.8
49.3
50.3
71.0
50.9
222
57.2
69.8
54.5
50.3
66.2
65.4
98.5
72.6
49.9
52.3
57.2
57.1
52.4
54.2
52.7
57.5
218
61.6
54.9
221
63.8
217
50.8
55.5
114
57.6
55.2
53.6
219
51.3
91.0
113
63.3
54.2
89.5
55.3
57.9
62.4
54.9
66.6
61.0
101
71.4
52.4
*
232
55.7
62.0
85.7
53.5
52.1
85.0
73.5
58.9
220
59.5
62.2
49.0
216
71.1
50.9
53.8
49.2
58.8
50.7
58.8
55.7
50.8
49.6
53.3
53.1
83.7
55.9
53.2
