0.959
124
0.802
72.5
0.758
74.8
0.832
59.9
0.882
59.6
0.886
116
0.802
59.5
0.806
75.2
0.768
80.1
0.906
73.6
0.777
61.8
0.814
71.2
0.797
110
0.836
64.0
0.798
59.1
0.740
68.1
0.846
58.8
0.787
70.1
0.812
128
0.805
59.7
0.824
62.8
0.820
74.1
0.809
70.1
0.858
89.4
0.734
110
0.790
61.2
0.877
63.8
0.811
58.2
0.794
58.0
0.812
63.3
0.782
*
0.836
56.4
0.932
63.3
0.855
65.8
0.790
63.3
0.851
58.6
0.848
99.2
0.848
71.9
0.857
64.1
0.803
*
0.865
109
0.813
67.4
0.761
62.2
0.814
58.0
0.782
69.3
0.798
53.9
0.783
58.1
0.930
58.4
0.855
112
0.848
70.1
0.882
59.6
0.898
59.3
0.851
73.6
0.820
56.2
0.816
68.3
0.761
71.6
0.799
58.3
0.784
58.1
0.970
74.9
0.827
60.7
0.808
61.7
0.749
62.5
0.777
59.6
0.798
59.4
1.03
55.8
0.908
93.7
0.840
57.7
0.775
72.5
0.837
114
1.02
96.1
0.876
68.5
0.947
56.8
0.817
74.9
0.805
61.0
0.740
64.9
