0.867
53.7
0.835
54.4
0.775
62.1
0.970
52.0
0.805
70.2
0.864
75.3
0.873
68.1
0.776
55.9
0.957
80.9
0.799
56.3
0.808
83.4
0.795
57.2
0.785
52.9
1.02
67.5
0.774
54.4
0.843
67.0
0.788
74.6
0.787
52.6
0.814
72.1
0.744
54.5
0.978
58.7
0.757
66.9
0.835
63.2
0.865
54.4
0.751
54.2
0.708
69.0
0.821
67.2
0.720
72.3
0.741
69.6
0.783
61.9
0.814
65.8
0.880
52.5
0.765
62.9
0.823
54.5
0.833
71.3
0.857
69.6
0.824
56.6
0.830
71.3
0.792
65.5
0.768
54.9
0.848
67.5
0.785
52.9
0.914
54.5
0.764
52.8
0.807
62.5
0.793
67.0
0.700
51.5
0.752
66.5
0.754
77.0
0.748
61.2
0.794
66.2
0.776
71.1
0.828
53.3
0.767
56.7
0.796
53.7
0.971
76.8
0.768
53.6
0.760
53.6
0.848
80.7
0.801
52.6
0.808
73.5
0.789
65.4
0.832
71.8
0.847
74.4
0.771
54.4
0.825
55.6
0.716
68.9
0.747
70.8
0.857
77.9
0.871
48.9
0.769
66.2
0.728
77.2
0.797
58.6
0.805
55.2
0.976
66.4
