0.895
70.3
0.817
68.8
0.844
75.4
0.865
76.0
0.796
66.1
0.875
71.2
0.791
64.2
0.765
72.3
0.779
65.7
0.724
73.6
0.800
74.5
0.835
72.7
0.810
63.9
0.851
67.4
0.941
80.4
0.749
66.7
0.843
71.0
0.800
70.7
0.817
85.4
0.787
71.6
0.780
81.2
0.827
84.0
0.876
72.4
0.929
65.8
0.751
80.3
0.764
74.6
0.788
71.0
0.649
73.2
0.792
74.8
0.835
75.1
0.824
70.6
0.764
72.2
0.871
72.5
1.05
*
1.03
76.2
0.846
75.9
0.815
71.6
0.825
77.6
0.826
75.1
0.785
71.3
0.859
78.9
0.797
93.0
0.791
73.4
0.784
72.1
0.742
71.7
0.765
71.9
0.765
77.1
0.750
66.6
0.871
76.4
0.963
65.9
0.749
67.6
0.743
68.5
0.808
68.3
0.745
69.1
0.787
67.7
0.894
72.7
0.794
66.2
0.859
72.3
0.768
65.9
0.813
70.8
0.854
69.8
0.764
73.4
1.06
66.4
0.841
73.2
0.805
67.8
0.820
72.6
0.847
71.4
0.796
71.2
0.858
67.3
0.849
84.2
0.820
74.0
0.785
66.8
0.862
67.1
0.829
74.1
0.772
68.1
