147
162
76.3
78.8
83.1
81.2
74.9
*
72.5
79.0
70.6
84.0
115
75.7
81.7
76.0
77.7
100
80.6
83.4
73.4
85.8
81.0
72.6
86.8
74.2
72.2
72.7
78.3
83.8
76.9
74.9
86.4
74.2
74.1
79.7
79.0
83.4
77.3
92.5
78.3
92.9
68.1
82.8
113
*
69.3
75.2
113
77.1
77.5
73.7
84.2
75.8
77.4
78.0
81.3
78.3
77.8
81.6
85.6
83.1
86.2
116
78.7
79.9
91.5
72.3
91.7
74.9
70.3
87.5
88.2
88.1
107
125
75.4
79.0
75.6
76.3
82.7
82.5
84.7
76.6
78.1
84.5
75.3
73.1
84.3
*
76.5
105
83.9
83.1
101
70.3
71.3
78.8
115
76.9
80.8
81.4
111
76.7
79.1
77.3
78.5
75.9
82.0
75.5
108
86.1
72.8
81.2
*
73.5
110
79.2
70.8
146
81.4
85.1
79.6
81.9
77.1
107
79.2
73.1
76.1
109
76.2
82.2
80.0
118
74.6
*
77.4
78.3
107
83.0
71.8
76.8
77.9
82.4
