0.784
92.3
0.797
75.6
0.838
64.4
0.863
70.9
0.876
69.0
0.793
116
0.811
77.0
0.805
82.3
0.821
64.7
0.706
65.9
0.853
79.6
0.798
72.2
0.777
68.1
0.788
67.2
0.866
71.7
0.703
79.9
0.871
77.2
0.794
75.8
0.779
72.7
0.785
67.1
0.733
76.2
0.756
67.0
0.788
74.5
0.858
66.7
0.746
71.6
0.706
66.6
0.755
82.6
0.755
63.4
0.724
66.0
0.831
65.7
0.853
69.9
0.996
90.6
0.778
76.0
0.792
*
0.823
68.9
0.784
74.1
0.783
69.0
0.776
67.3
0.741
84.9
0.794
*
0.786
73.8
0.776
97.3
0.748
72.9
0.819
72.4
0.758
90.5
0.790
73.1
0.771
74.9
0.682
79.1
0.902
72.4
0.835
73.9
0.869
94.5
0.780
67.7
0.946
100
0.805
71.4
0.873
70.6
0.846
70.2
0.822
67.1
0.870
66.9
0.931
69.6
0.763
66.5
0.841
85.9
0.753
94.4
0.788
101
0.804
71.5
0.824
77.0
0.890
62.2
1.02
79.9
0.784
69.5
0.839
63.1
0.793
64.2
0.871
67.9
0.773
99.3
0.837
72.9
0.809
68.5
0.755
62.5
