145
93.7
80.7
76.6
56.8
96.5
56.8
54.5
55.1
61.5
91.9
59.6
58.8
58.3
65.4
58.2
82.1
56.7
62.5
96.0
66.3
69.5
84.1
101
60.9
78.0
58.0
*
59.2
60.7
92.4
62.6
92.7
76.0
57.3
89.1
60.9
69.0
74.6
57.3
59.9
59.5
55.5
62.8
68.0
98.2
74.7
62.2
66.8
82.0
98.5
80.4
80.6
91.5
91.2
62.3
79.0
72.1
61.6
84.5
87.6
56.7
61.5
56.9
72.8
78.3
60.8
61.7
92.7
58.4
95.1
94.9
56.1
94.0
61.1
69.8
61.3
60.7
99.6
85.2
68.8
84.7
89.6
96.0
75.6
55.2
74.6
68.3
65.3
*
94.5
74.9
58.5
93.6
101
66.8
95.4
73.4
59.1
59.1
61.5
61.1
57.5
91.0
96.1
73.5
51.9
62.0
78.1
57.7
63.8
72.1
63.1
62.6
*
59.6
65.4
73.9
*
62.9
59.7
84.2
55.5
91.5
98.7
53.3
61.3
77.3
58.1
82.9
86.2
89.6
81.4
102
60.5
62.1
62.8
74.5
78.9
79.5
59.6
92.0
55.5
75.3
