88.4
74.5
78.8
91.0
82.2
76.5
85.9
71.2
72.4
81.7
82.9
80.7
78.6
82.4
73.7
89.5
83.8
73.7
91.3
81.3
66.5
85.2
87.6
82.5
76.1
71.3
69.4
*
92.0
82.5
83.2
64.4
74.4
79.9
73.9
90.9
83.8
62.7
81.8
73.5
85.5
73.9
82.7
75.4
83.5
78.7
63.0
82.9
88.8
97.2
87.1
95.7
89.0
79.8
81.3
73.3
77.4
80.4
78.5
82.9
83.4
85.4
83.1
84.1
72.8
82.4
77.8
74.3
81.6
86.4
64.9
84.2
85.6
78.6
75.0
67.1
84.4
72.1
80.6
86.5
80.0
61.9
65.4
72.7
78.8
82.8
77.1
65.8
84.7
66.0
70.3
61.4
65.9
84.4
86.4
77.7
86.3
78.8
65.6
88.0
79.7
83.8
75.2
68.1
77.8
77.2
65.8
84.0
130
83.0
69.5
81.1
82.4
83.2
*
72.0
78.0
80.0
66.0
80.8
72.0
86.4
82.7
81.8
80.9
67.6
81.3
80.3
80.6
82.8
81.9
85.5
78.5
75.9
80.3
76.6
77.4
83.5
91.8
71.8
77.1
88.6
73.9
84.6
