158
180
173
129
166
139
133
148
157
171
165
132
172
132
130
133
168
164
152
134
157
129
154
129
166
166
147
*
165
132
138
126
148
129
135
136
151
133
169
146
133
125
129
158
*
173
130
148
168
147
163
130
130
134
133
134
133
134
129
*
135
172
133
130
167
129
133
*
178
131
166
164
124
162
171
136
167
137
171
123
165
166
136
174
134
139
133
141
132
128
161
132
124
165
166
140
164
124
165
139
135
168
170
164
165
140
129
145
139
138
133
129
128
153
*
130
161
134
168
163
169
169
132
168
146
183
130
137
127
128
129
165
164
129
136
170
140
139
132
132
134
169
159
166
