108
163
56.2
119
111
117
114
159
61.2
55.0
111
123
115
123
59.0
117
157
125
64.4
119
57.5
79.7
120
119
113
114
60.7
*
123
57.6
115
60.4
115
122
58.4
122
151
53.0
111
63.9
121
115
68.4
60.1
60.5
88.4
119
57.8
52.8
73.3
157
68.9
60.2
143
57.7
58.0
64.2
59.4
74.8
59.8
74.6
157
61.9
159
111
124
58.4
51.3
115
53.4
110
64.0
115
119
89.0
64.7
117
50.2
151
120
60.7
117
66.5
162
162
63.0
66.4
56.3
64.3
*
152
151
67.5
162
117
58.0
57.1
62.3
151
59.1
117
137
117
124
151
64.6
80.4
111
77.9
69.8
63.4
67.3
112
55.2
*
114
121
88.6
115
55.6
73.8
158
60.0
110
113
65.7
58.7
112
110
120
53.3
119
59.4
58.7
115
60.4
55.7
56.8
59.4
119
58.5
129
99.9
56.3
