115
89.7
109
96.3
91.1
98.7
99.3
101
95.8
94.2
96.0
100
110
103
94.4
98.8
93.9
97.0
98.9
103
107
101
98.5
93.4
94.9
93.8
96.7
*
92.4
97.5
98.7
101
114
109
93.2
93.3
99.6
94.0
98.7
93.4
98.7
96.2
107
93.0
101
106
97.5
94.6
109
118
112
106
92.7
97.1
98.7
98.8
98.2
95.8
106
97.1
94.0
98.0
102
103
102
103
115
103
94.7
93.7
94.3
97.6
92.2
105
99.6
94.2
94.2
92.6
97.9
98.6
94.4
108
100.0
92.0
102
95.1
99.4
96.2
95.0
93.1
96.9
93.3
96.7
96.5
99.8
106
99.1
93.6
97.9
96.4
95.0
90.7
96.7
92.9
98.2
91.1
93.4
99.0
95.1
97.6
103
124
98.3
93.8
*
94.5
100
98.2
124
100
102
102
116
96.1
93.2
108
92.1
102
93.1
94.1
95.2
94.3
92.2
91.6
95.4
96.8
96.2
94.8
97.6
92.4
101
102
110
98.7
