105
83.0
93.3
55.4
65.8
89.2
62.8
55.1
73.2
94.9
88.1
72.0
56.5
58.0
67.7
51.9
*
*
63.1
65.0
60.4
67.4
56.2
56.3
59.5
65.8
70.5
*
56.3
56.8
65.3
75.8
91.6
64.9
54.4
60.4
54.9
63.4
60.0
93.3
60.5
56.3
58.2
86.3
*
87.4
89.6
58.9
*
58.2
105
71.5
57.8
55.8
58.9
58.3
57.3
58.1
*
86.7
62.9
90.7
57.2
56.7
84.4
61.6
55.7
52.2
89.2
56.4
89.6
62.4
59.2
57.6
61.6
55.4
86.0
57.0
89.9
61.8
67.7
90.2
52.8
87.4
60.9
56.6
64.7
63.3
55.6
87.1
86.5
60.0
68.4
88.2
92.7
59.7
89.9
53.0
*
57.9
63.6
65.7
58.8
84.6
85.3
61.3
86.4
61.2
77.4
60.8
67.3
55.7
60.2
89.1
*
57.9
64.8
59.8
86.8
64.5
64.8
73.1
69.9
90.9
56.8
96.2
59.5
55.8
90.2
54.4
62.8
85.1
85.8
91.6
58.4
87.4
63.5
63.9
66.3
62.7
52.7
85.9
60.9
99.4
