179
68.4
56.3
47.4
53.1
119
43.9
49.9
61.0
56.2
112
48.1
47.8
49.0
52.2
63.3
46.8
58.5
45.5
54.0
55.3
113
54.5
55.2
72.9
52.9
57.0
112
62.4
50.4
52.3
81.1
107
76.6
59.1
62.0
57.1
53.7
53.1
52.3
48.9
53.7
48.8
49.5
56.6
46.8
113
58.4
47.1
54.4
108
48.9
53.2
53.8
50.4
48.5
113
47.0
55.6
59.0
104
61.2
59.1
50.6
109
47.4
49.6
59.5
105
63.3
107
104
54.1
112
52.5
47.9
108
47.8
107
50.5
47.0
110
50.7
45.9
51.0
51.8
44.9
52.6
49.3
53.5
45.0
63.8
51.5
104
112
46.5
110
51.5
58.5
69.7
55.7
54.8
48.4
108
110
52.2
56.6
67.8
49.3
46.5
63.8
51.8
54.8
62.2
*
45.3
57.5
59.0
111
54.8
48.7
53.4
52.7
111
67.3
58.5
55.2
47.5
49.4
48.9
49.0
111
53.1
59.5
50.2
49.7
58.4
52.2
108
114
59.2
111
60.4
47.2
