170
121
79.8
75.9
79.6
72.5
78.1
79.1
77.5
96.8
74.7
86.2
77.1
77.8
78.3
73.7
80.7
81.4
79.5
77.4
78.4
72.0
74.8
92.7
81.6
83.4
82.8
*
79.5
76.3
74.4
72.8
75.4
77.5
76.6
73.2
73.2
83.7
77.6
79.2
75.6
74.1
76.0
77.9
79.8
83.1
74.6
82.7
77.1
76.7
98.0
85.7
75.2
73.4
83.5
74.6
76.0
79.3
74.7
71.9
71.8
77.6
74.4
80.3
76.6
74.8
92.6
75.9
84.4
84.8
84.3
76.6
72.1
81.9
76.1
72.6
76.9
81.5
82.0
79.9
79.5
74.5
77.6
74.8
79.1
74.3
77.3
76.6
86.6
79.3
75.7
73.0
82.3
88.3
76.9
77.7
75.5
75.8
*
74.2
86.9
80.6
74.8
76.5
77.6
86.0
79.3
81.7
80.8
74.3
74.9
77.0
73.7
76.1
*
75.1
70.6
74.4
84.0
83.0
75.2
80.0
76.6
85.2
85.7
82.4
80.4
77.1
79.2
75.3
70.7
87.4
79.9
74.9
85.0
87.4
75.4
76.2
75.4
81.4
81.0
77.4
76.6
75.5
