174
89.4
96.1
106
94.2
84.4
88.7
87.8
113
112
104
86.0
112
109
99.3
97.4
95.9
103
100
91.8
107
85.5
88.4
93.5
96.5
103
109
*
107
108
86.6
92.6
101
84.4
98.8
87.4
101
92.7
87.4
112
109
108
107
107
87.8
89.9
86.2
103
91.6
95.1
107
99.4
101
103
106
84.8
93.3
101
106
102
109
95.9
95.5
93.7
87.5
95.7
88.8
94.9
91.0
91.8
99.5
85.7
106
106
87.6
88.1
112
92.1
100
109
87.4
106
90.2
99.0
92.0
103
104
111
90.8
96.9
104
99.5
107
97.3
87.3
108
93.8
118
108
85.0
101
87.6
89.8
108
94.1
89.4
99.2
107
103
89.5
*
95.0
104
106
*
103
92.4
100.0
108
99.6
111
98.6
103
103
102
103
88.8
91.3
88.0
95.0
108
84.9
94.3
102
104
101
102
86.5
104
104
86.4
123
99.8
87.8
