0.878
65.0
0.811
76.3
0.796
51.1
0.814
62.6
0.809
51.8
0.719
68.9
0.725
56.0
0.716
71.4
0.742
52.3
0.715
61.5
0.777
58.6
0.696
52.4
0.723
62.3
0.820
62.3
0.797
52.0
0.858
62.8
0.772
53.3
0.798
62.8
0.802
64.1
0.791
71.6
0.947
55.6
0.814
61.7
0.772
64.6
0.789
63.2
0.803
51.1
0.767
55.7
0.906
51.9
0.788
56.9
0.823
66.9
0.940
65.9
0.918
64.1
0.842
62.7
0.819
64.0
0.861
67.4
0.869
59.8
0.813
68.8
0.856
48.3
0.837
65.4
0.771
62.5
0.730
*
0.797
57.6
0.834
64.9
0.691
55.6
0.740
67.1
0.730
61.5
0.708
64.3
0.814
58.4
0.769
57.2
0.860
71.6
0.832
62.4
0.776
61.0
0.742
48.4
0.860
59.2
0.825
52.0
0.738
58.6
0.790
63.1
0.813
58.1
0.792
73.0
0.830
62.5
0.808
67.4
0.812
65.5
0.785
60.4
0.792
65.2
0.777
50.2
0.816
61.1
0.887
71.7
0.772
52.7
0.739
65.6
0.937
64.2
0.936
62.6
0.814
62.2
0.734
55.9
0.762
56.1
0.822
62.0
0.686
57.2
