127
136
127
133
136
145
128
292
144
147
142
120
142
347
152
343
128
139
137
122
285
283
146
139
138
138
151
*
125
121
127
279
139
151
144
149
127
147
151
275
341
137
154
282
142
145
145
137
125
142
147
128
124
337
279
281
282
281
152
121
280
146
279
129
149
146
282
135
139
137
145
284
336
144
145
293
151
136
135
150
135
147
287
143
123
140
136
143
128
135
149
274
141
142
153
141
146
145
148
124
347
139
139
145
144
298
278
339
130
149
277
281
337
279
*
135
139
277
145
120
136
137
287
140
345
121
141
155
127
151
276
139
124
275
346
148
133
137
283
283
137
148
271
123
