55.2
59.9
63.3
49.0
46.7
52.3
63.0
*
54.2
71.7
68.2
51.8
57.6
48.7
50.6
59.3
*
84.1
45.2
50.4
51.1
49.5
67.4
52.5
52.7
54.1
52.0
53.5
88.8
52.8
76.9
64.0
52.7
53.0
51.5
56.9
49.5
60.9
45.1
59.5
58.6
48.4
46.9
65.3
*
85.2
57.3
73.2
83.1
51.9
51.1
58.2
58.6
53.3
50.4
47.3
52.0
48.0
59.4
46.9
48.9
85.2
51.3
50.6
50.9
47.7
50.9
51.9
52.9
53.0
48.5
55.8
49.6
58.3
62.5
62.9
52.7
62.4
53.3
51.5
55.2
54.2
48.0
51.5
58.7
60.3
51.7
65.4
55.6
60.1
51.8
46.9
46.2
47.7
83.8
51.9
49.7
46.4
81.6
45.7
92.4
81.7
54.5
50.1
59.7
46.3
48.8
53.7
48.9
55.8
51.3
49.1
58.9
51.5
*
50.4
49.5
44.9
57.8
*
49.7
56.1
48.5
49.9
51.4
92.7
47.3
56.1
52.9
49.7
49.3
50.8
*
58.9
56.3
63.9
55.5
51.6
84.4
46.4
76.0
52.5
49.2
81.4
