135
166
67.6
85.3
67.8
84.9
87.4
82.5
79.5
91.9
92.7
86.4
67.7
77.2
85.1
85.7
64.1
68.6
62.9
77.6
63.2
82.0
62.3
87.7
61.9
85.0
74.0
*
67.5
68.9
109
64.9
82.5
67.7
70.0
64.6
77.2
68.7
66.4
68.1
78.5
69.3
101
64.5
61.9
79.7
87.0
74.3
96.7
69.2
64.2
67.9
70.0
78.8
71.3
83.4
58.8
66.0
67.3
59.1
75.7
83.1
63.5
64.1
84.3
70.4
67.4
82.8
81.4
62.1
85.4
62.4
84.7
85.9
59.4
63.1
81.1
79.9
84.7
84.0
64.7
88.0
69.0
81.0
68.1
70.3
84.5
65.0
68.4
82.2
86.7
63.6
73.9
68.5
87.5
67.7
83.5
77.7
81.9
65.8
80.5
88.7
63.5
85.2
95.0
62.7
68.5
91.8
65.4
65.3
70.8
69.5
83.4
65.9
*
88.1
66.1
66.3
77.9
72.1
79.7
61.6
65.4
79.5
82.6
70.3
69.9
59.6
81.2
72.4
62.9
83.0
66.7
71.6
84.2
84.0
86.1
63.0
66.0
69.7
78.2
86.1
68.9
64.1
