0.940
91.9
0.846
86.0
1.11
90.0
0.769
88.7
0.833
85.6
0.905
89.5
0.745
81.7
0.751
84.7
0.746
84.1
0.718
95.9
0.798
94.1
0.716
80.9
0.778
84.5
0.812
87.2
0.839
91.4
0.725
83.4
0.765
89.4
0.814
96.2
0.751
94.9
0.816
85.8
0.822
81.4
0.776
87.7
0.803
87.3
0.827
87.2
0.771
84.3
0.759
85.2
0.806
86.7
0.721
87.6
0.784
86.0
0.747
81.7
0.805
86.1
0.850
87.1
0.810
97.9
0.790
*
0.862
97.8
0.840
104
0.843
85.0
0.836
83.9
0.848
93.2
0.755
86.9
0.759
95.2
0.784
99.3
0.787
86.5
0.804
88.0
0.753
86.6
0.771
89.1
0.772
81.5
0.716
87.4
0.896
85.8
0.793
84.8
0.808
91.2
0.700
83.2
0.798
92.3
0.715
101
0.727
82.9
0.748
91.6
0.755
84.0
0.826
91.3
0.834
82.1
0.952
84.9
0.844
93.9
0.835
86.9
0.825
96.1
0.838
87.8
0.799
86.3
0.840
84.5
0.915
92.9
0.835
81.8
0.838
93.9
0.857
87.3
0.865
88.0
0.732
88.1
0.828
85.1
0.823
88.8
0.815
87.5
