1.10
80.0
0.953
79.5
0.870
80.5
1.06
88.6
1.08
76.2
0.859
91.2
0.842
91.5
0.852
85.2
0.838
98.3
0.863
98.4
0.870
84.8
0.792
80.2
0.864
79.3
0.915
87.9
0.862
79.9
0.960
78.1
0.863
82.1
0.907
84.2
0.902
82.9
0.952
81.1
0.853
79.8
0.855
97.3
0.839
82.2
0.881
76.8
0.822
84.6
0.816
88.2
0.853
93.9
0.818
94.9
0.912
95.7
0.875
78.6
0.865
82.5
0.893
95.3
0.868
87.2
1.00
*
0.857
85.7
0.856
88.1
0.834
92.0
0.937
83.9
0.902
83.5
0.814
90.1
0.926
83.1
0.799
77.0
0.845
82.7
0.798
81.1
0.792
81.3
0.860
83.3
0.900
84.4
0.901
85.4
0.941
91.7
0.929
82.4
0.927
86.5
0.908
96.7
0.869
76.7
0.908
82.3
0.834
83.2
0.820
79.8
0.956
75.7
0.927
85.8
0.879
86.6
0.910
81.9
0.988
76.2
0.894
78.5
0.874
87.6
0.904
81.7
0.873
75.4
0.902
81.9
0.937
79.0
0.907
78.8
0.951
78.8
0.958
75.6
0.927
80.4
0.808
77.9
0.929
80.1
0.872
81.1
0.830
83.8
