119
101
64.9
109
108
106
107
70.6
111
63.0
107
113
108
109
74.1
116
108
111
119
117
69.6
60.4
85.3
113
107
110
105
*
105
66.9
101
60.4
110
63.3
110
66.8
60.7
66.7
89.4
86.3
102
105
103
77.9
103
108
104
107
105
86.9
111
63.8
71.1
107
65.7
72.7
63.5
64.7
108
107
62.6
107
107
67.2
105
71.5
64.9
113
107
69.0
108
106
105
106
114
76.1
107
69.7
111
105
112
107
66.1
109
64.1
107
58.2
72.0
80.5
75.4
105
110
77.6
111
108
105
108
107
114
113
109
89.0
113
106
104
65.5
66.0
105
64.5
112
59.0
67.2
107
65.2
*
110
107
63.4
118
122
117
61.1
109
106
102
107
67.1
65.6
86.0
59.9
65.5
118
108
67.1
110
109
110
66.2
62.3
110
105
105
107
65.7
