97.6
102
110
109
135
126
109
109
88.8
119
125
107
113
109
118
137
116
108
77.4
117
117
125
113
107
114
72.7
90.4
*
116
78.7
110
111
115
68.3
69.6
75.3
94.7
71.3
72.0
116
110
76.3
66.3
114
110
122
113
90.9
118
112
119
112
75.0
129
73.5
120
126
76.6
129
120
113
109
118
66.0
113
71.0
116
90.4
114
131
92.7
114
131
72.8
116
67.5
121
68.6
133
111
85.0
131
65.9
113
79.1
85.1
75.0
72.0
81.6
71.2
113
111
120
118
123
118
114
86.6
112
77.5
113
116
113
118
111
114
125
120
111
119
112
116
109
113
*
71.2
130
70.4
99.5
112
76.7
70.8
118
122
130
104
114
74.3
111
68.6
72.6
121
108
119
129
108
123
118
109
113
114
121
112
76.4
