130
119
135
108
90.7
103
101
110
91.1
110
105
103
87.1
93.9
86.8
94.1
105
88.4
86.3
107
91.8
86.7
106
85.7
84.5
105
84.3
98.1
113
105
108
84.0
85.4
105
85.0
105
104
97.0
104
93.2
87.1
86.6
87.2
85.4
92.1
101
88.5
93.0
104
100
110
88.0
105
86.4
87.0
89.1
103
84.8
86.8
86.7
92.2
104
88.7
104
87.9
99.8
93.5
91.1
104
87.8
103
92.0
89.7
103
87.3
91.8
104
91.4
106
102
86.6
113
85.1
106
104
94.8
89.6
84.1
105
103
108
103
88.2
105
106
84.6
106
90.7
103
101
94.6
84.3
85.7
105
106
83.4
98.3
92.7
92.3
84.7
89.1
89.6
91.4
88.5
*
104
97.0
106
108
86.6
92.3
106
97.6
103
97.8
97.9
93.3
105
87.8
108
91.4
103
107
91.6
89.9
92.9
92.8
86.1
92.1
99.6
105
105
94.7
105
