74.4
68.7
66.2
77.5
68.4
69.3
63.1
57.8
68.0
60.9
65.2
71.8
69.5
64.8
61.5
79.0
62.7
64.2
60.0
64.0
68.8
70.0
64.7
66.2
63.1
63.5
61.9
*
61.5
63.1
64.0
65.0
66.0
62.8
62.0
62.7
72.0
60.1
62.1
63.4
68.5
67.2
80.5
61.7
58.0
63.7
65.2
62.9
67.7
74.7
91.2
62.4
64.5
57.2
67.4
67.7
68.0
62.7
72.0
59.0
65.1
81.6
84.4
62.7
60.0
66.7
60.8
81.8
63.2
61.8
67.4
60.1
68.1
68.8
65.8
61.9
84.3
68.4
62.2
57.7
72.9
61.2
68.7
65.0
75.0
56.9
63.2
66.5
67.8
82.9
67.3
84.7
63.7
82.2
77.5
61.6
62.4
67.1
88.0
66.5
70.9
63.7
71.9
62.4
80.2
61.6
61.1
70.8
66.5
69.4
68.8
64.5
60.6
67.4
*
67.0
65.0
61.4
66.9
59.1
67.1
64.6
74.6
*
63.7
59.6
64.8
61.8
61.6
62.6
64.5
88.3
77.1
83.9
64.4
68.0
64.3
72.8
65.9
79.9
86.5
83.6
71.6
60.5
