155
121
62.1
63.4
62.0
105
67.4
75.4
66.8
61.9
103
64.0
62.7
76.0
65.2
65.2
60.9
59.8
108
63.2
68.3
71.0
75.6
64.7
64.2
102
65.7
*
100
63.1
61.6
60.9
102
61.6
64.6
61.2
60.0
65.9
69.7
80.9
59.7
63.6
68.1
66.9
69.1
101
105
103
69.7
64.2
111
67.6
64.5
66.2
65.5
72.0
66.5
64.9
98.1
63.5
67.8
64.1
68.0
62.7
102
64.3
60.5
61.8
102
65.0
107
71.8
59.9
105
63.9
61.1
63.9
66.6
60.7
62.8
62.9
105
67.8
109
62.9
108
79.6
73.4
65.4
111
108
106
64.0
107
102
100
67.2
102
104
71.1
66.1
61.6
62.5
104
62.4
63.9
65.7
66.6
70.8
62.8
59.5
63.5
65.0
61.7
*
63.8
65.1
61.6
102
114
108
65.1
69.9
106
62.5
69.8
65.2
69.8
107
60.5
62.3
110
83.1
71.9
57.4
63.2
65.0
71.8
73.4
75.6
57.7
62.4
64.9
77.9
