158
125
70.6
54.3
66.5
64.0
53.8
83.9
78.1
65.4
58.4
62.9
57.2
65.4
69.0
68.8
73.1
62.3
61.3
57.0
67.3
66.7
65.9
71.2
60.5
59.0
63.7
*
70.0
68.7
72.9
72.1
68.1
66.3
62.8
84.1
66.8
57.7
65.4
71.0
61.6
64.7
62.1
68.0
60.0
64.8
63.0
55.1
67.8
71.0
57.1
67.5
74.7
70.1
102
56.0
69.5
64.4
64.1
71.9
59.4
70.4
61.7
63.6
72.4
69.1
64.2
53.2
60.8
67.5
68.3
52.5
59.9
77.5
53.7
66.4
69.9
62.1
107
65.3
57.4
61.8
60.1
68.3
60.8
59.2
70.6
57.4
65.3
77.1
65.1
65.0
60.7
64.9
65.7
56.6
65.0
64.1
74.3
65.0
64.3
64.6
60.0
58.6
67.5
55.8
68.8
72.1
63.4
67.4
56.7
61.4
64.3
66.2
*
70.9
58.2
63.7
67.8
72.4
64.6
68.5
84.5
68.2
72.8
66.5
66.2
65.0
68.1
66.1
60.0
64.8
70.2
67.4
64.8
66.3
64.0
65.1
59.6
53.5
60.6
70.4
53.7
68.8
