66.9
67.0
136
68.0
121
118
114
112
82.6
75.6
71.3
54.8
79.1
75.3
*
80.0
73.5
75.1
101
76.4
55.8
73.7
59.7
67.1
58.5
63.7
56.7
63.2
61.3
58.8
66.5
84.6
64.0
83.1
55.7
58.7
66.0
67.2
63.0
57.1
56.0
57.1
97.4
65.2
56.4
61.8
55.7
61.7
53.5
62.0
74.7
59.3
53.1
55.6
68.6
57.8
58.4
63.5
56.8
58.1
52.3
60.7
65.3
64.5
65.8
71.9
58.5
56.5
55.5
53.3
61.8
55.0
53.2
62.6
51.1
57.3
51.3
76.7
66.5
63.5
62.6
64.7
76.9
65.8
67.3
62.8
56.1
66.8
55.6
54.7
66.8
51.9
54.3
57.4
51.0
60.5
53.3
58.4
64.8
55.2
72.8
56.6
