0.852
73.0
0.791
101
0.734
70.1
0.873
74.6
0.827
78.4
0.802
86.5
0.822
82.3
0.826
75.2
0.872
87.1
0.786
77.8
0.842
83.1
0.836
72.3
0.771
77.3
0.799
75.4
0.796
79.2
0.797
73.6
0.870
*
0.805
71.9
0.801
120
0.799
82.6
0.777
73.0
0.832
70.0
0.820
97.8
0.828
73.1
0.775
97.7
0.784
72.8
0.809
70.2
0.722
73.6
0.732
76.7
0.913
74.9
0.825
79.0
0.840
88.6
0.803
71.9
0.847
71.2
0.849
76.2
0.853
79.6
0.793
72.8
0.798
84.3
0.836
76.5
0.766
*
0.853
79.4
0.785
68.5
0.674
81.0
0.700
69.1
0.748
74.0
0.764
68.7
0.801
71.5
0.766
87.2
0.779
101
0.861
81.3
0.814
78.7
0.737
86.6
0.772
91.5
0.744
68.8
0.792
70.2
0.749
74.0
0.747
77.7
0.731
74.9
0.759
76.0
0.787
77.5
0.737
74.1
0.691
110
0.858
81.1
0.753
72.8
0.804
72.9
0.769
68.7
0.718
115
0.712
77.3
0.734
91.1
0.951
78.3
0.717
71.8
0.775
75.4
0.774
78.2
0.796
74.4
0.764
69.9
