0.938
63.3
0.955
82.9
0.910
71.2
0.903
68.0
0.831
71.2
0.923
63.7
0.846
70.5
0.813
79.9
0.766
69.0
0.883
72.6
0.822
61.4
0.777
73.6
0.803
69.8
0.913
79.4
0.919
65.8
0.859
63.3
0.847
85.7
0.858
61.0
0.889
67.4
0.898
71.2
0.854
72.8
0.862
65.0
0.831
78.3
0.999
73.1
0.816
87.4
0.970
62.8
0.907
78.1
0.866
61.2
0.830
63.4
0.821
69.1
0.857
75.7
0.870
73.9
0.854
66.9
0.909
*
0.867
63.7
0.991
73.4
0.834
69.3
0.892
67.9
0.921
65.6
0.778
62.7
0.793
69.9
0.826
76.7
0.788
62.6
0.755
63.7
0.800
60.8
0.806
63.3
0.766
67.6
0.773
60.7
0.821
64.4
0.825
64.4
0.772
74.0
0.777
71.2
0.845
59.2
0.808
67.9
0.842
74.6
0.894
63.4
0.780
59.9
0.899
69.5
0.812
66.5
0.845
71.1
0.988
77.0
0.863
69.9
0.810
63.6
0.854
63.0
0.836
71.1
0.818
75.3
0.850
79.5
0.872
74.1
0.822
62.3
0.857
77.5
0.780
77.2
0.863
70.4
0.873
62.9
0.750
62.9
0.792
61.3
