109
142
101
120
109
108
115
126
107
107
105
112
105
106
86.6
107
106
106
106
127
86.3
112
86.6
108
107
90.6
109
*
118
110
108
83.7
107
94.9
105
85.5
109
83.0
97.9
87.8
113
168
128
102
113
107
110
121
114
109
91.3
106
117
114
84.7
85.0
110
90.2
115
112
125
113
116
82.8
108
103
82.2
96.0
88.3
91.6
88.1
113
130
106
97.5
108
115
87.0
122
109
105
109
81.7
85.1
78.3
113
86.9
86.2
113
117
83.6
107
81.2
86.8
81.9
118
82.4
117
121
112
108
108
114
105
111
92.5
79.8
117
114
124
113
91.6
108
81.6
*
112
105
82.2
83.8
109
106
87.8
118
119
105
170
85.5
86.1
83.8
79.0
82.9
114
110
96.0
116
109
115
106
112
116
127
110
108
113
