0.829
83.1
0.752
80.3
0.894
66.4
0.784
65.3
0.845
64.2
0.790
69.4
0.718
69.0
0.938
72.9
0.788
98.6
0.712
79.9
0.771
72.7
0.789
61.9
0.790
63.9
0.886
72.3
0.819
67.2
0.887
68.2
0.833
*
0.927
66.4
1.01
61.5
0.965
71.0
0.753
68.1
0.752
69.6
0.814
75.6
0.831
74.4
0.779
70.5
0.732
64.4
0.780
62.9
0.708
73.7
0.706
63.0
0.742
71.6
0.791
65.6
0.825
65.3
0.825
64.7
0.827
67.4
0.839
65.9
0.760
67.7
0.787
70.1
0.839
61.6
0.777
62.0
0.783
*
0.891
64.7
0.812
80.5
0.707
71.1
0.781
71.0
0.852
64.2
0.911
67.8
0.838
72.9
0.753
69.1
0.736
71.5
0.803
59.8
0.790
61.4
0.719
65.6
0.920
68.6
0.797
73.3
0.753
64.2
0.755
65.3
0.811
70.4
0.715
64.4
0.780
83.0
0.830
67.3
0.840
65.5
0.744
70.9
0.800
81.8
0.776
76.2
0.771
69.2
0.778
67.4
0.813
90.1
0.755
73.8
0.775
66.3
0.839
71.4
0.863
66.2
0.806
93.8
0.796
69.8
0.798
70.5
0.659
62.7
