103
85.2
*
64.1
89.4
94.0
67.0
64.7
69.0
62.6
96.9
66.9
65.4
64.4
73.7
68.0
63.0
62.8
68.2
68.9
72.9
70.6
73.2
63.4
91.7
66.0
76.7
*
70.2
73.5
64.8
62.7
89.7
90.2
89.6
70.4
68.1
74.8
93.1
65.6
69.2
64.3
70.2
59.4
*
93.1
88.5
67.7
*
91.5
93.5
70.7
61.4
76.5
69.1
74.3
70.3
63.6
72.8
*
66.3
91.0
66.5
69.5
95.2
73.1
77.9
58.5
95.2
64.9
86.8
67.9
78.0
89.8
89.1
64.5
89.0
75.5
91.5
63.4
63.5
93.2
63.5
90.5
67.3
81.0
69.6
64.8
58.3
61.1
88.2
64.3
68.1
98.0
89.1
79.2
91.5
72.2
*
66.2
63.5
100.0
68.9
94.5
96.4
66.5
69.4
64.9
65.7
63.2
68.0
65.8
70.9
64.9
*
64.3
63.5
72.5
*
63.8
88.5
68.7
69.9
95.5
72.5
*
62.7
63.1
65.4
65.8
65.0
94.9
67.7
64.5
66.3
90.5
63.9
64.0
70.8
68.1
80.1
88.9
69.8
67.5
