136
66.3
73.4
79.4
85.4
81.8
70.6
79.1
80.8
77.0
80.7
79.9
87.2
82.7
84.2
74.6
90.2
82.4
88.0
74.7
70.9
79.1
69.7
75.3
74.7
81.6
87.7
*
79.4
78.6
72.7
76.2
77.8
74.4
86.9
86.5
83.0
70.2
72.7
72.3
74.4
71.3
86.3
78.9
81.9
72.2
83.3
84.0
80.7
76.1
78.9
76.8
74.6
71.5
78.5
72.7
74.1
75.2
79.4
72.4
79.5
72.0
75.4
74.6
85.9
83.8
75.8
86.4
83.0
75.7
82.7
75.1
71.9
80.5
84.9
76.6
76.7
74.9
86.3
75.0
82.3
80.1
72.4
74.4
73.1
85.0
77.5
75.4
73.8
82.4
80.0
68.7
70.7
91.0
80.0
76.4
91.7
81.8
74.4
79.0
77.1
83.7
86.0
74.4
84.6
78.8
82.9
71.7
77.6
84.7
74.4
71.3
79.1
74.1
*
75.2
80.6
82.8
83.2
78.2
84.4
74.3
69.1
73.1
72.2
74.0
83.9
74.3
73.6
73.0
75.8
72.1
75.5
77.6
71.6
84.2
73.9
80.2
73.7
76.2
77.9
75.9
79.0
76.9
