179
160
84.8
88.5
106
105
85.9
88.7
93.8
96.6
95.9
84.7
79.5
76.3
86.4
74.7
80.5
84.2
82.9
94.8
85.3
90.4
85.0
92.8
86.9
86.4
92.0
*
76.6
77.2
94.3
86.8
88.7
83.8
92.5
86.6
70.4
70.7
90.8
93.8
76.0
93.1
104
*
89.2
95.7
81.0
90.6
86.1
77.1
95.1
96.6
76.0
77.9
73.0
83.4
89.2
83.1
86.5
71.2
82.5
97.4
85.5
75.7
80.7
90.4
85.8
90.3
90.3
82.2
89.7
87.3
79.0
84.4
74.0
87.1
81.0
71.5
82.3
77.5
73.7
83.2
79.0
83.9
81.7
86.5
78.4
76.3
76.1
79.7
81.6
84.2
77.7
95.4
97.1
86.8
81.0
93.2
79.9
72.6
73.4
90.1
74.3
88.5
83.9
84.3
89.0
80.0
84.1
80.8
84.8
72.8
92.4
94.6
*
72.5
74.5
79.0
*
94.8
95.5
73.0
75.8
83.8
*
90.5
93.7
85.1
82.5
86.4
81.1
92.6
88.2
94.7
74.2
84.5
83.6
78.3
84.8
85.5
83.3
90.3
75.1
80.4
