63.1
95.2
68.5
59.4
75.0
70.0
73.9
69.6
69.4
66.2
62.4
79.1
71.6
81.0
74.9
75.9
66.1
*
63.3
71.8
64.6
73.5
85.2
71.5
61.2
65.0
69.7
*
66.5
77.1
74.2
64.8
70.0
75.0
69.3
74.8
63.5
76.6
78.1
70.5
70.4
65.4
76.6
66.2
73.7
70.3
65.0
68.9
59.4
67.6
67.3
76.3
67.3
70.0
65.3
74.1
64.3
73.0
76.0
69.7
70.4
67.2
78.2
72.6
67.5
69.7
69.1
70.9
71.0
86.7
62.8
73.0
85.4
60.9
73.8
63.8
67.1
73.0
63.9
69.8
68.1
64.5
66.7
70.0
67.7
71.2
75.7
69.8
70.1
*
75.4
85.6
67.3
60.9
68.5
67.9
62.7
70.6
*
69.1
73.4
71.1
67.4
66.6
67.6
79.9
68.5
75.9
64.8
70.4
64.2
68.0
80.1
65.9
*
79.3
67.6
69.6
61.6
73.6
71.2
66.7
67.5
70.2
79.4
60.9
69.7
78.8
64.8
67.4
64.2
80.3
68.2
71.3
67.2
65.4
72.1
132
133
124
112
135
83.3
73.2
