0.821
94.4
0.976
96.0
0.789
65.1
0.969
81.0
0.804
64.4
0.815
64.8
0.787
66.2
0.753
122
0.758
71.5
0.751
67.1
0.752
64.1
0.776
68.3
0.745
65.1
0.828
92.8
0.782
71.2
0.730
72.2
0.809
*
0.801
70.3
0.787
92.4
0.815
83.2
0.748
84.3
0.753
66.0
0.777
97.6
0.763
83.7
0.954
71.4
0.721
61.6
0.766
64.1
0.771
69.8
0.702
90.1
0.799
72.2
0.786
63.9
0.868
73.6
0.821
76.1
0.757
67.7
0.762
74.6
0.751
152
0.764
67.6
0.767
75.8
0.913
79.0
0.760
*
0.749
67.8
0.772
65.4
0.765
97.9
1.13
64.0
0.769
64.8
0.702
74.7
0.869
72.0
0.714
60.6
0.729
73.5
0.834
73.4
0.758
80.9
0.730
68.5
0.818
66.4
0.786
89.1
0.797
64.8
0.740
74.0
0.787
95.7
0.790
66.0
0.781
70.9
0.756
70.9
0.755
65.5
0.714
68.1
0.788
72.7
0.822
65.3
0.748
60.7
0.783
64.0
0.817
73.5
0.743
72.4
0.838
68.0
0.768
66.8
0.778
70.5
0.756
63.1
0.767
69.2
0.763
96.1
0.732
72.0
