205
140
59.5
76.8
71.1
62.3
78.2
64.1
75.1
63.6
68.1
84.7
80.3
62.2
*
61.8
62.8
74.0
70.3
78.5
59.6
72.3
60.5
77.4
73.6
83.9
77.4
*
76.2
83.6
78.5
58.3
66.7
63.1
74.4
61.8
59.7
65.4
64.8
61.3
60.3
79.6
71.2
61.3
64.4
91.6
61.6
101
85.3
86.1
65.1
57.9
90.4
68.0
73.8
64.4
74.1
79.9
78.0
61.7
73.8
61.3
61.5
71.1
56.3
69.4
61.8
69.7
59.9
72.1
64.2
74.7
62.6
61.6
77.6
64.6
63.3
59.6
66.8
83.9
72.3
71.1
58.9
60.7
61.2
59.9
63.8
64.5
64.9
66.7
66.4
78.6
63.3
63.8
65.8
71.6
57.9
74.0
77.9
70.9
58.1
73.2
79.0
78.7
72.7
60.3
63.8
61.4
67.1
75.8
65.6
81.1
61.7
69.2
*
70.8
90.1
78.8
*
63.0
83.4
59.3
65.0
57.4
64.5
70.3
75.4
58.8
86.5
59.4
74.3
60.4
64.0
58.5
58.6
75.0
80.7
82.6
78.0
70.9
76.8
64.1
63.3
80.9
