162
*
93.0
89.7
129
125
88.6
131
90.8
98.4
89.4
88.8
93.4
90.1
130
94.7
100.0
105
128
97.9
87.7
85.8
94.1
131
130
90.7
88.3
*
93.8
95.4
85.2
108
124
105
95.8
102
89.5
88.4
92.9
103
98.1
133
95.1
92.6
98.3
131
128
87.2
91.3
95.7
90.6
88.3
89.7
93.9
90.3
89.7
94.6
89.4
93.7
87.4
97.9
127
118
96.7
128
91.0
90.5
95.7
90.0
138
85.5
93.0
95.5
128
88.1
88.6
98.6
85.0
103
89.0
95.8
89.7
92.9
89.6
88.7
90.9
96.7
98.5
96.3
135
91.1
87.6
88.2
90.1
130
91.3
94.8
96.4
126
93.7
95.9
91.0
102
88.2
92.6
101
92.5
99.0
93.4
92.1
86.8
90.5
92.7
91.0
*
131
92.8
86.9
97.4
104
130
93.5
93.5
86.1
124
95.5
95.2
85.8
130
86.0
109
89.5
96.6
90.7
92.8
130
90.8
87.7
88.7
91.1
87.2
85.8
91.8
90.0
