61.4
55.4
57.2
58.7
85.8
57.2
88.1
60.3
66.9
60.6
86.6
61.9
57.4
69.2
58.5
76.1
75.0
58.8
73.3
62.9
60.5
58.1
61.2
67.9
60.7
72.3
61.4
68.8
72.3
58.5
65.7
62.3
60.8
80.7
58.5
63.0
61.7
61.6
66.3
57.2
61.7
55.3
66.1
62.9
66.9
60.5
56.9
66.4
59.9
64.5
61.0
60.1
65.4
60.3
84.6
58.7
73.6
76.2
64.0
62.3
65.7
57.4
58.9
62.4
75.2
66.3
62.6
57.1
65.5
68.6
70.9
63.1
59.1
77.7
59.2
68.2
64.9
60.0
55.1
63.2
64.4
67.4
63.9
55.7
64.2
62.7
57.6
78.0
60.8
63.3
78.0
58.9
64.6
67.0
64.3
57.7
55.3
84.6
54.4
58.3
68.1
66.9
