276
93.3
77.7
68.8
75.2
77.0
83.8
77.3
71.8
93.4
79.5
69.3
71.5
75.2
72.8
97.7
81.9
100
69.9
67.6
68.6
76.4
78.9
71.3
73.6
84.9
77.3
75.6
71.4
74.9
77.8
76.2
72.4
78.3
73.5
75.8
132
75.9
77.7
76.5
79.3
67.3
73.2
76.0
73.3
103
87.2
83.2
75.3
74.7
72.6
80.0
76.7
104
70.6
76.9
76.6
76.7
88.2
71.3
77.3
81.1
75.9
83.8
72.4
86.9
74.5
74.7
74.1
82.5
75.1
77.5
77.7
74.7
83.7
105
76.1
78.2
76.9
79.5
70.0
79.3
72.3
71.6
75.7
78.8
77.9
76.0
78.4
*
84.6
79.5
68.0
77.7
73.3
75.4
74.8
72.4
81.9
84.8
77.0
79.1
71.2
74.4
67.4
73.7
73.5
81.7
84.4
75.0
77.7
71.5
76.3
69.0
*
77.2
74.5
67.0
73.3
92.4
82.3
103
77.3
73.2
82.1
94.3
76.8
120
80.1
83.0
72.1
92.2
72.1
75.6
85.4
78.2
72.8
84.5
75.9
126
93.2
72.1
78.3
73.0
