0.981
55.6
0.867
63.2
0.779
49.3
0.803
50.9
0.751
49.4
0.771
41.2
0.852
55.6
0.891
47.6
0.792
53.9
0.810
55.5
0.881
52.3
0.848
63.3
0.839
49.7
1.02
61.1
0.846
55.9
0.800
55.5
0.832
56.8
0.853
64.2
0.809
*
0.787
57.0
0.749
55.4
0.740
63.6
0.824
53.9
0.818
43.4
0.760
52.5
0.752
60.4
0.834
45.0
0.744
58.8
0.679
62.7
0.757
55.6
0.768
56.1
0.799
47.3
0.793
68.4
0.757
58.9
0.782
69.8
0.867
48.2
0.773
58.9
0.838
39.9
0.937
49.2
0.766
*
0.849
51.4
0.783
59.7
0.744
41.7
0.754
57.5
0.754
58.5
0.745
52.1
0.747
44.9
1.04
63.7
0.738
51.0
0.906
50.2
0.789
54.9
0.736
46.4
0.747
53.6
0.731
44.1
0.767
58.7
0.760
57.7
0.791
47.4
0.817
39.9
0.884
57.2
0.843
42.5
0.768
65.5
0.794
42.1
0.767
48.1
0.810
47.9
0.795
64.4
0.767
64.4
0.804
52.7
0.698
47.2
0.774
63.5
0.747
66.2
0.837
53.3
0.745
48.8
0.751
52.0
0.763
64.9
0.752
54.6
