118
103
125
110
92.1
109
106
122
89.2
129
122
105
126
129
94.9
141
86.3
127
88.2
114
91.8
107
95.5
106
97.4
93.0
99.4
*
126
109
110
120
110
89.9
89.6
95.7
124
88.4
94.3
120
126
94.9
87.9
122
110
97.1
118
91.9
110
107
108
126
103
130
123
123
113
120
100
127
111
123
93.7
95.2
118
115
119
92.8
113
107
108
115
125
124
120
116
116
93.8
115
128
126
107
96.7
121
92.7
85.4
89.8
89.4
112
148
131
93.9
84.4
106
91.0
99.3
110
86.2
*
106
129
109
122
106
108
126
124
165
124
87.3
119
126
127
123
*
94.7
124
123
108
128
90.9
95.0
116
122
122
121
117
93.5
121
96.3
124
126
135
126
125
93.0
129
123
113
85.9
125
113
92.5
111
