73.9
66.2
134
58.6
136
137
55.0
144
132
159
154
59.0
140
132
149
128
140
147
57.4
61.9
150
134
148
52.9
140
60.6
147
*
137
137
61.9
134
152
151
148
142
128
145
128
134
137
142
141
145
139
55.3
140
55.9
52.5
164
128
134
163
138
136
141
135
139
60.7
134
133
52.0
136
145
142
140
142
144
56.7
52.6
143
132
139
55.1
142
147
59.0
144
56.1
133
139
137
134
57.9
138
52.7
138
138
146
133
59.5
69.4
137
148
59.5
55.6
60.9
61.8
141
138
139
61.8
143
139
62.9
141
144
148
147
141
138
140
133
143
*
146
146
149
139
151
70.2
135
132
61.5
139
142
59.2
140
143
143
132
65.2
139
138
134
139
56.7
133
141
54.5
60.3
61.7
133
152
