71.4
70.2
63.4
75.5
67.2
127
98.3
120
85.8
84.1
83.2
62.2
61.7
54.8
*
69.7
65.9
68.2
62.9
66.5
60.0
57.1
53.2
57.3
57.7
57.4
56.6
54.0
55.3
62.4
59.3
54.1
55.0
55.1
55.4
52.2
56.7
64.6
62.8
53.2
59.6
57.2
57.1
67.6
63.4
57.2
61.7
58.3
53.1
55.2
57.2
68.2
53.4
57.3
51.6
57.5
55.1
56.2
63.3
58.0
58.6
54.3
58.5
57.7
57.1
58.9
55.6
60.0
52.8
60.2
56.5
58.1
57.3
58.9
60.9
57.1
52.5
55.5
58.0
56.8
63.7
61.7
57.6
67.8
57.6
72.5
63.5
64.7
54.6
51.9
57.1
52.5
58.0
62.3
59.3
57.5
54.7
58.2
66.7
52.1
57.0
60.8
