72.1
126
78.2
104
120
81.0
107
139
131
74.7
74.5
114
77.2
129
72.2
131
69.7
132
133
103
74.3
132
134
99.5
111
131
133
*
134
102
72.3
76.7
83.6
105
133
103
59.8
83.2
77.1
110
128
107
135
110
72.9
134
74.7
135
73.9
108
75.5
74.1
111
130
134
79.4
133
131
135
133
132
135
74.8
99.1
75.7
106
74.2
132
132
107
74.4
136
134
74.1
105
65.4
83.7
87.5
75.7
134
115
85.8
65.9
77.4
106
132
82.3
68.8
104
133
81.7
133
72.2
80.6
81.4
131
90.3
135
134
98.1
135
128
71.0
78.7
73.2
81.7
108
132
84.9
133
88.9
135
132
104
*
135
82.9
140
74.1
85.5
134
103
104
80.0
131
130
103
102
133
110
134
134
67.3
112
132
132
96.9
83.1
134
134
105
86.1
141
101
