93.5
121
109
115
101
116
119
103
102
139
120
115
97.6
115
103
105
109
99.3
104
112
99.8
110
108
103
96.0
99.9
101
*
111
112
98.3
112
114
112
101
105
119
99.3
105
96.5
101
97.8
98.0
100.0
93.6
118
118
116
114
129
113
117
122
99.6
115
132
109
110
102
113
119
99.1
99.1
97.2
115
97.3
110
101
102
103
97.7
121
98.4
116
114
113
98.0
103
113
99.9
93.2
114
96.8
98.7
103
97.2
97.5
101
123
*
104
107
99.7
126
121
149
112
99.3
96.8
121
98.0
104
98.9
117
114
110
104
114
120
97.8
112
125
112
103
*
98.5
97.7
125
118
114
138
94.8
109
112
99.4
98.2
103
101
111
101
109
113
112
109
110
99.5
105
114
110
111
101
99.1
103
116
