89.7
92.2
52.9
61.3
50.4
57.6
47.9
*
55.2
69.1
55.0
46.0
61.2
47.6
77.5
47.2
51.7
60.2
49.3
56.0
57.1
49.7
48.7
52.4
46.8
49.3
48.8
*
63.0
50.3
71.9
60.9
52.2
52.5
50.8
49.1
50.3
45.3
69.1
49.2
55.4
50.6
51.8
64.4
51.3
52.0
54.9
48.9
54.4
63.4
46.8
52.5
57.3
53.9
49.9
64.4
50.3
53.3
54.1
52.2
53.9
78.6
50.7
47.2
49.7
49.5
49.9
54.0
57.3
58.9
54.5
60.4
51.9
54.7
64.4
53.8
63.4
54.3
54.0
55.3
53.6
48.2
59.5
48.5
48.3
53.2
54.5
49.8
50.7
70.1
49.8
59.5
48.7
50.8
49.2
51.2
48.5
47.3
*
57.1
51.4
*
52.5
53.8
52.0
51.9
55.3
56.7
55.5
48.3
*
48.3
50.7
48.8
*
47.8
55.3
54.2
47.2
65.2
51.7
49.8
79.8
55.0
46.5
51.9
52.5
51.9
59.5
52.9
49.7
50.5
48.5
50.0
50.8
66.1
49.3
50.0
53.3
51.0
52.5
48.4
49.2
60.3
