55.9
80.2
83.3
77.5
63.4
62.4
72.4
57.8
67.3
77.1
80.2
*
76.2
62.5
66.7
72.6
79.9
60.8
68.0
59.6
70.9
67.7
81.1
75.0
75.4
66.7
57.1
66.7
62.2
57.7
75.0
76.6
67.6
83.5
61.4
59.8
80.2
59.6
78.7
67.5
72.0
61.2
*
64.4
64.5
69.2
78.2
68.3
57.0
68.3
59.0
69.2
61.9
94.8
64.7
68.6
74.0
84.9
64.6
62.4
61.6
63.5
74.7
58.1
63.8
59.5
62.6
84.4
59.1
75.2
61.6
76.2
62.1
60.4
63.6
69.6
67.2
71.1
75.1
74.5
58.4
66.4
94.9
66.4
64.4
80.1
64.0
58.1
81.0
62.1
65.8
92.8
63.5
81.5
67.9
61.8
76.5
61.2
86.5
75.7
65.7
61.3
