0.877
51.3
0.811
70.4
0.888
53.3
0.807
51.0
0.863
54.4
0.823
54.4
0.849
62.7
0.810
66.7
0.784
154
0.838
72.7
0.875
53.0
0.761
53.0
0.882
169
0.848
54.4
0.914
67.5
0.888
57.2
1.12
55.7
0.858
49.6
0.849
45.8
0.898
49.2
0.836
53.2
0.816
45.5
0.897
48.8
0.896
48.9
0.880
44.7
0.730
57.8
0.851
52.4
0.810
49.4
0.807
154
0.862
161
0.893
82.3
0.846
68.9
0.873
50.0
0.871
*
0.913
61.9
0.838
64.0
0.842
50.5
0.993
46.4
0.832
50.0
0.756
59.3
0.938
49.6
0.766
51.1
0.858
71.1
0.774
50.1
0.839
55.3
0.789
46.9
0.779
50.0
0.828
48.3
0.825
49.9
0.789
44.2
0.799
62.6
0.801
56.0
0.927
53.9
0.758
89.3
0.806
80.8
0.784
52.9
0.828
49.8
0.762
52.6
0.899
62.1
0.865
68.0
0.794
49.4
0.772
56.9
0.881
60.8
0.834
48.5
0.808
45.0
0.776
47.3
0.857
67.1
0.786
48.0
0.806
52.4
0.814
73.1
0.775
56.3
0.721
51.4
0.758
54.2
0.807
181
0.743
47.1
