89.3
80.2
78.9
56.5
74.2
73.1
50.0
78.3
63.4
73.6
78.5
53.6
50.3
67.5
55.5
68.7
70.1
65.2
56.3
53.6
52.5
61.2
59.8
59.7
57.7
63.5
57.3
*
56.2
49.9
52.0
64.2
75.5
56.0
61.8
61.5
66.0
53.0
60.0
54.8
61.0
52.3
62.5
63.4
56.9
55.4
75.5
56.3
55.4
62.6
71.0
75.2
63.9
56.9
58.2
57.7
65.5
61.4
80.6
67.2
73.1
77.6
68.7
70.0
78.9
57.8
52.1
61.1
67.9
53.8
69.2
89.9
64.0
57.2
56.8
53.7
65.3
59.5
68.4
59.3
56.4
55.7
57.3
66.6
70.2
58.1
54.2
54.8
60.7
73.7
68.7
72.0
56.3
66.4
65.6
57.8
69.5
56.8
68.3
59.1
57.1
56.2
70.1
56.0
63.5
60.7
69.9
61.1
55.2
53.0
57.7
56.8
57.2
54.2
*
52.1
51.7
59.0
69.1
53.8
52.5
69.6
54.1
59.8
72.8
58.6
65.4
55.3
58.3
57.1
62.9
59.4
54.5
59.0
61.1
55.0
57.1
59.0
71.5
69.5
66.1
121
60.6
73.5
