0.894
79.8
0.839
73.3
0.829
70.0
0.901
70.3
0.838
69.6
0.844
63.2
0.837
64.5
0.756
73.4
0.887
68.8
0.793
73.1
0.837
69.9
0.807
62.2
0.816
68.3
0.821
72.5
0.806
66.9
0.773
77.4
1.00
69.9
0.825
69.2
0.786
84.9
0.794
74.8
0.781
72.0
0.946
68.5
0.853
69.3
0.821
79.2
0.763
71.8
0.718
69.1
0.798
65.7
0.711
72.7
0.760
71.5
0.775
85.8
0.816
73.7
0.862
82.9
0.859
79.2
0.749
*
0.816
71.3
0.809
88.5
0.869
78.2
0.852
73.5
0.778
72.3
0.802
*
0.799
66.7
0.787
72.4
0.796
75.9
0.786
69.8
0.819
67.6
0.775
62.6
0.825
64.3
0.732
68.7
0.821
*
0.892
97.3
0.863
78.2
0.794
66.9
0.756
83.8
0.763
65.6
0.770
66.3
0.810
74.4
0.934
75.9
0.847
67.7
0.752
84.7
0.789
76.1
0.816
84.3
0.784
64.6
0.897
69.1
0.774
72.7
0.897
72.6
0.749
71.0
0.798
68.6
0.804
76.3
0.762
66.6
0.830
81.9
0.804
72.0
0.767
71.2
0.850
80.5
0.878
71.4
0.789
82.1
