0.869
52.6
0.861
60.2
0.727
61.5
0.812
53.2
0.794
49.3
0.750
150
0.946
58.5
0.744
51.9
0.774
143
0.895
53.6
0.775
73.7
0.730
48.1
0.750
142
0.790
59.5
0.797
50.3
0.721
66.0
0.831
56.7
0.799
52.8
0.785
55.7
0.732
57.4
0.750
59.3
0.746
51.2
0.741
70.9
0.794
53.2
0.829
68.7
0.731
68.6
0.768
55.3
0.758
58.5
0.948
138
0.792
146
0.798
53.1
0.790
148
0.795
49.0
0.787
57.6
0.808
60.0
0.822
60.0
0.795
52.2
0.801
53.9
0.812
57.2
0.713
*
0.825
55.6
0.742
56.9
0.740
55.2
0.789
49.1
1.00
73.7
0.717
68.6
0.779
51.4
0.760
52.2
0.737
69.2
0.728
48.4
0.865
53.0
0.759
70.0
0.809
55.5
0.771
62.0
0.805
52.8
0.756
57.1
0.872
50.4
0.808
61.8
0.782
50.7
0.826
48.6
0.796
61.8
0.722
63.8
0.820
60.6
0.718
49.7
0.889
56.9
0.801
51.9
0.814
64.0
0.750
58.6
0.787
56.2
0.798
51.0
0.734
68.7
0.978
59.3
0.731
50.6
0.763
148
0.745
53.7
