99.0
171
129
112
103
106
84.1
*
85.4
69.6
88.9
85.3
73.2
72.3
83.9
74.4
114
75.4
71.6
72.6
73.4
101
75.8
75.6
72.5
72.9
72.0
*
103
77.3
71.5
82.0
119
77.0
71.4
70.3
74.8
80.6
83.9
71.1
74.7
69.7
70.7
77.3
107
111
104
83.3
106
96.9
71.1
70.2
76.0
74.4
76.1
75.4
103
76.3
70.6
100
108
68.6
71.3
74.7
113
75.9
78.9
68.0
72.0
81.5
70.8
112
70.8
67.2
69.2
82.9
100
70.2
102
71.0
72.4
106
69.1
70.5
81.7
67.8
74.1
69.6
75.0
141
71.6
83.4
75.7
69.7
112
77.6
104
70.4
148
76.1
73.7
86.1
73.3
107
105
75.1
71.2
74.2
71.5
72.2
87.3
69.2
76.5
72.0
*
70.5
69.5
77.1
69.1
69.9
78.7
73.3
82.6
71.2
72.1
101
142
73.9
103
81.6
74.4
70.6
104
73.4
71.2
105
80.2
71.5
112
81.1
100.0
105
77.2
93.3
