1.16
51.8
0.855
62.1
0.850
46.6
0.879
72.4
0.885
65.8
0.876
68.5
0.931
65.1
0.783
48.8
0.919
68.5
0.789
63.4
0.898
62.4
0.828
50.6
0.836
49.0
0.818
66.1
0.858
74.7
0.822
55.8
0.865
52.8
0.775
46.0
0.820
65.0
0.849
47.2
0.795
44.9
0.752
48.1
0.873
63.0
0.962
63.4
0.753
65.6
0.736
62.5
0.825
69.1
0.810
48.8
0.761
63.6
0.846
64.2
0.806
71.9
0.966
69.0
0.820
45.5
0.792
*
0.831
51.8
0.772
62.7
0.905
47.6
0.798
72.1
0.844
47.1
0.770
49.8
0.828
83.3
0.786
53.4
0.775
65.7
0.833
66.8
0.755
43.7
0.908
63.9
0.806
62.3
0.783
47.1
0.862
64.0
0.929
*
0.845
71.3
0.757
60.4
0.793
67.5
0.751
68.2
0.846
47.9
0.733
48.7
0.770
67.7
0.827
67.5
0.984
65.5
0.776
48.1
0.856
64.8
0.796
79.1
0.856
46.1
0.848
49.0
0.848
64.1
0.841
50.0
0.769
50.4
0.778
59.6
0.838
53.6
0.833
57.8
0.851
65.2
0.780
72.1
0.822
50.3
0.977
86.1
0.773
52.8
