154
175
103
103
104
97.8
109
103
103
104
105
104
107
111
102
107
101
104
104
103
108
103
105
103
110
103
102
*
102
105
106
95.4
99.7
104
101
103
103
107
103
90.9
118
104
108
98.1
97.7
109
103
110
105
101
101
104
110
108
95.4
96.4
101
94.7
103
96.5
104
110
106
105
93.5
115
94.6
105
103
106
94.3
99.0
104
98.8
105
106
98.7
117
105
105
102
95.6
98.8
91.3
115
110
102
112
110
*
95.6
106
107
98.6
93.8
104
99.1
105
111
110
105
107
104
97.8
112
102
95.7
104
105
108
96.4
95.8
106
94.5
*
104
103
101
95.8
107
102
104
113
93.5
106
103
102
104
101
113
103
91.4
98.7
97.8
109
105
104
109
101
100
103
100.0
107
104
