114
91.2
62.3
81.4
85.8
84.8
68.5
81.9
65.8
75.4
78.2
76.5
62.5
83.0
59.8
79.3
81.8
77.4
61.5
63.7
61.6
66.2
75.0
61.0
66.6
68.6
80.0
*
79.9
64.6
85.3
66.9
74.8
66.4
75.2
66.2
81.1
66.9
76.0
59.5
76.8
61.7
66.8
72.3
*
86.3
79.2
64.4
*
104
86.8
62.1
64.4
72.5
67.6
70.3
72.0
64.9
69.0
64.3
74.3
68.0
65.6
81.4
85.4
67.5
62.1
61.1
59.5
61.0
67.0
58.8
84.0
60.6
71.4
85.6
87.1
63.3
81.6
85.4
63.9
57.9
63.7
83.1
81.2
67.5
65.9
67.2
83.7
*
76.3
67.4
63.4
83.7
83.0
67.0
91.9
67.5
75.8
61.1
73.7
77.2
62.3
71.8
83.3
64.7
63.7
83.9
58.5
64.3
70.4
68.2
75.4
61.1
*
70.7
62.8
66.2
*
77.8
60.1
82.9
57.4
77.3
81.5
85.3
63.6
78.8
64.1
63.4
61.5
81.9
77.2
61.9
79.7
80.4
62.3
62.9
84.6
68.1
72.6
84.7
64.6
85.3
