0.926
57.5
0.834
53.9
0.832
54.3
0.827
52.7
0.827
50.4
0.836
46.2
0.789
48.3
0.799
59.7
0.704
52.7
0.739
58.6
0.765
47.6
0.783
52.4
0.765
135
0.855
55.1
0.889
55.2
0.784
48.8
0.760
55.9
0.833
51.7
0.960
53.0
0.859
46.4
0.898
51.3
0.760
52.6
0.838
52.7
0.776
93.4
0.693
143
0.697
47.4
0.756
55.0
0.849
47.1
0.770
47.0
0.854
50.4
0.830
54.6
0.776
48.9
0.788
53.9
0.864
*
0.768
53.9
0.810
60.3
0.978
56.7
0.915
76.1
0.843
56.6
0.777
46.1
0.815
54.9
0.766
54.5
0.711
47.3
0.706
66.4
0.836
59.5
0.774
52.8
0.701
48.4
0.755
51.1
0.824
47.0
0.820
50.8
1.01
47.2
0.743
50.4
0.824
52.5
0.712
51.8
0.824
49.9
0.972
52.5
0.961
50.9
0.740
50.9
0.828
53.6
0.794
55.5
0.857
65.1
0.776
54.4
0.820
64.3
0.814
53.7
0.823
51.9
0.787
49.8
0.835
53.6
0.784
46.7
0.858
55.3
0.777
52.7
0.922
55.3
0.704
51.5
0.866
49.1
0.801
50.3
0.814
53.9
