78.3
152
63.6
63.8
88.2
85.3
56.5
81.0
62.5
61.9
81.2
138
60.6
63.8
75.2
102
77.0
74.3
65.6
62.0
60.4
81.3
65.3
69.3
57.3
63.5
80.8
*
76.9
80.6
63.9
60.3
85.0
59.8
61.5
62.2
63.3
63.5
63.9
63.5
60.1
75.0
66.5
61.6
57.6
59.0
85.3
63.7
65.0
97.5
91.5
60.8
90.2
123
62.5
70.5
80.5
88.3
60.6
63.1
84.8
83.2
59.3
67.7
79.7
60.9
64.5
63.7
67.5
61.6
78.5
86.5
65.9
94.6
65.0
70.9
90.7
66.6
93.2
82.5
60.6
92.0
66.9
90.4
61.0
74.1
66.1
63.1
84.0
67.4
79.7
92.7
71.7
79.9
109
71.4
87.3
65.8
87.1
84.9
65.1
79.8
107
81.9
81.2
66.9
64.2
64.9
71.1
64.7
75.6
64.4
63.8
65.9
*
68.4
68.9
94.5
66.5
66.0
71.2
82.6
67.1
81.9
78.7
103
62.2
67.5
79.1
66.9
70.1
141
61.4
61.6
67.1
62.0
73.6
72.7
85.8
82.7
73.1
79.5
59.8
80.8
