135
135
67.6
73.2
76.6
81.3
69.6
70.8
72.1
70.7
72.1
68.4
71.4
72.3
78.2
72.2
73.0
77.1
71.0
72.8
72.3
73.7
104
71.5
70.9
143
74.3
*
68.1
73.5
72.3
75.0
68.7
84.9
73.5
78.0
87.2
72.9
74.6
71.2
98.8
78.6
80.8
81.7
134
111
77.0
79.1
75.2
94.8
68.5
78.1
77.7
75.9
74.0
75.9
71.8
71.4
75.7
71.8
78.6
68.7
73.1
67.2
83.5
78.6
72.6
93.2
75.1
78.2
71.9
78.1
81.6
76.6
75.2
71.4
70.5
71.0
74.5
81.5
77.8
76.0
72.4
72.5
68.8
87.9
76.8
72.5
72.4
135
73.0
139
74.3
71.0
77.0
98.5
75.7
75.3
143
73.1
74.8
83.3
82.8
81.8
72.4
72.4
72.8
90.7
74.7
72.4
76.6
72.1
74.1
77.3
*
73.0
75.1
74.1
67.0
78.4
75.1
69.5
86.4
72.8
81.4
77.6
75.3
77.6
73.0
78.4
71.4
71.9
83.1
80.7
72.0
71.1
76.6
74.2
74.3
77.7
72.8
71.2
71.5
73.6
