0.868
72.1
0.819
68.0
0.790
68.4
0.886
70.8
0.837
80.6
0.822
89.5
0.719
63.8
0.688
93.0
0.771
72.0
0.841
70.2
0.747
68.5
0.788
95.7
0.772
71.6
0.809
72.5
0.797
69.5
0.720
62.7
0.838
*
0.776
82.8
0.769
68.9
0.730
63.9
0.898
71.0
1.09
83.1
0.776
85.2
0.825
60.5
0.751
*
0.774
65.4
0.779
70.1
0.683
75.4
0.673
74.1
0.796
64.6
0.769
91.2
0.794
73.5
0.811
72.3
0.819
70.4
0.844
76.2
0.958
80.1
0.878
63.0
0.778
70.0
0.773
78.2
0.729
*
0.832
70.5
0.917
65.1
0.805
65.2
0.749
64.6
0.808
72.0
0.729
67.7
0.781
92.7
0.926
74.6
0.773
69.6
0.909
64.1
0.792
64.8
0.743
63.6
0.714
69.2
0.700
70.3
0.765
72.3
0.764
72.0
0.788
62.3
0.788
71.5
0.786
70.9
0.714
67.0
0.730
64.8
0.677
68.5
0.750
66.7
0.783
78.6
0.785
68.3
0.841
68.8
0.785
67.1
0.986
70.8
0.763
69.2
0.813
67.4
0.797
66.0
0.908
69.4
0.738
91.8
0.807
61.6
0.774
92.4
