153
189
107
68.1
76.0
73.7
66.9
107
71.3
92.1
70.3
74.0
91.5
68.3
78.2
69.3
101
87.9
69.8
71.0
91.2
70.7
95.1
76.7
86.5
68.5
75.0
*
111
70.2
71.6
72.3
73.1
75.7
77.8
76.2
107
76.2
72.2
75.4
82.7
73.7
84.8
84.6
115
106
71.6
69.7
108
70.7
71.5
72.4
73.8
78.6
77.4
75.6
70.6
67.5
80.9
115
68.2
70.6
76.8
77.4
67.5
74.9
72.6
67.9
77.7
70.8
69.7
77.9
77.6
68.9
82.7
73.8
68.7
66.2
83.7
78.7
72.3
87.8
70.9
86.4
78.2
75.3
70.7
69.7
68.0
101
76.5
74.9
70.5
77.1
73.0
71.0
86.9
74.4
103
67.5
69.5
108
82.6
72.3
71.2
95.1
67.3
68.2
69.7
74.2
72.3
70.4
72.1
67.6
*
75.6
87.8
66.2
95.9
105
73.6
71.1
83.5
76.5
70.0
107
75.1
73.6
78.7
69.2
73.2
71.6
104
68.7
72.1
82.8
88.7
78.3
118
72.5
91.2
73.4
70.8
74.5
