65.6
65.9
54.1
54.6
51.0
51.9
48.2
81.9
53.4
70.9
47.9
52.3
51.8
65.2
49.3
56.1
52.7
60.5
53.9
54.1
48.6
50.2
73.6
50.1
50.6
52.2
51.9
53.4
49.1
50.8
55.0
59.7
51.2
59.8
52.4
54.3
52.0
51.5
53.7
52.4
52.9
58.9
47.8
54.0
48.8
48.2
46.2
58.6
60.6
49.2
48.5
57.7
57.3
57.8
48.2
53.7
49.6
49.8
63.1
47.9
54.1
71.7
50.2
54.2
52.9
47.9
63.0
59.4
58.8
53.8
51.1
58.9
54.5
44.9
49.2
49.6
51.6
53.3
47.4
55.6
47.4
50.4
49.5
51.9
56.5
57.8
53.1
54.3
53.4
65.3
48.9
49.5
50.4
54.9
53.5
55.7
44.8
55.4
*
52.2
50.9
59.1
52.4
50.5
52.2
55.7
48.9
51.1
68.9
56.3
56.0
49.4
53.8
65.1
*
62.4
52.4
56.4
51.0
55.3
46.8
56.1
52.2
49.4
64.2
49.5
53.1
50.9
56.7
48.4
55.4
48.7
52.1
55.3
53.1
57.7
49.6
59.0
51.1
48.9
54.7
48.3
50.3
50.0
