138
115
64.5
80.2
65.7
73.2
94.0
166
67.0
68.4
65.3
66.4
81.9
80.9
66.4
60.8
108
64.4
91.8
62.6
72.5
61.2
92.8
68.1
71.7
68.8
67.2
67.8
76.4
79.1
73.3
76.9
67.9
94.7
74.3
66.8
60.7
68.6
80.4
71.9
69.6
86.5
71.1
68.9
71.0
68.3
76.2
71.6
67.8
67.3
71.8
85.7
67.9
66.0
68.6
69.2
75.1
70.5
80.4
67.7
81.6
156
76.2
66.7
65.4
72.4
77.4
76.0
155
67.5
69.6
68.6
70.2
95.3
89.8
66.4
72.5
62.8
72.5
83.2
72.2
84.5
91.0
65.9
103
76.4
70.5
65.2
69.1
161
160
161
84.0
65.0
64.3
73.0
68.2
74.1
158
72.2
66.4
64.0
66.7
68.0
64.8
69.3
71.0
75.4
73.2
64.7
76.0
67.4
71.9
79.1
156
156
72.2
68.2
65.5
71.4
76.2
106
77.1
68.9
68.1
60.7
66.6
72.5
99.6
79.9
78.0
68.1
78.9
69.4
69.2
65.7
72.4
74.7
69.7
155
84.5
69.5
82.6
68.4
