1.000
77.1
0.840
53.0
0.863
72.8
0.816
55.2
0.795
52.1
0.919
51.2
0.840
82.7
0.809
138
0.801
51.3
0.823
144
0.867
55.2
0.794
57.6
0.864
57.3
0.866
67.8
0.852
53.0
0.807
58.8
0.874
73.7
0.870
51.2
0.809
54.5
0.854
53.4
0.772
67.9
0.804
54.7
0.824
50.5
0.884
74.3
0.721
56.5
0.739
60.9
0.755
62.5
0.788
59.3
0.757
58.9
0.834
73.7
0.821
64.5
0.831
55.6
0.799
73.6
0.830
*
0.812
50.0
0.792
78.1
0.791
50.7
0.811
54.3
0.823
54.1
0.760
132
0.922
74.3
0.794
55.1
0.751
55.7
0.748
53.1
1.03
49.5
0.903
55.5
0.750
65.4
0.790
63.9
0.839
128
0.897
66.7
0.822
57.6
0.916
58.4
0.802
131
0.751
54.9
0.804
54.7
0.976
131
0.763
52.0
0.819
49.3
0.875
67.8
0.743
57.2
0.879
56.4
0.794
54.5
0.827
55.8
0.852
54.5
0.867
139
0.826
49.8
0.907
72.0
0.766
62.4
0.810
128
0.853
122
0.840
71.1
0.920
127
0.847
153
0.856
58.5
0.779
53.0
