84.6
84.5
78.7
84.3
67.7
82.9
87.4
74.7
64.0
77.1
80.3
82.6
83.7
97.3
81.4
77.1
75.6
76.2
79.7
81.2
86.1
76.1
66.9
86.4
68.9
79.5
63.2
*
77.7
71.7
77.7
66.4
74.5
69.3
68.1
65.8
71.2
70.3
64.2
70.7
68.7
70.9
71.0
84.9
76.6
*
81.0
64.8
87.8
68.4
81.1
81.5
73.0
72.5
75.9
78.7
81.6
75.6
75.1
*
82.8
80.7
65.8
73.4
83.6
71.3
66.6
67.7
79.3
73.6
75.5
80.0
64.8
76.0
78.1
77.8
75.5
68.1
70.9
59.8
85.7
80.4
66.8
80.7
76.9
62.9
70.0
64.0
66.9
63.2
85.4
65.2
79.1
79.3
85.1
83.3
68.4
63.5
79.6
82.5
85.2
81.6
68.9
82.7
80.5
66.0
64.1
61.4
80.3
76.8
65.0
84.0
69.0
64.2
*
102
104
79.3
79.4
74.7
107
74.7
109
78.7
76.2
78.4
107
106
73.2
109
77.1
72.6
75.6
99.9
101
78.6
99.9
74.8
76.4
84.6
95.5
80.1
101
109
