155
146
73.4
83.7
93.2
85.7
78.9
92.1
99.4
88.4
88.5
81.4
88.9
72.0
92.6
74.8
72.7
95.8
75.3
88.2
73.3
77.1
103
79.1
87.9
85.6
85.3
*
86.3
74.2
78.3
83.7
110
94.8
87.3
78.5
72.3
73.4
84.3
82.0
68.1
92.4
83.6
93.5
79.9
101
118
84.3
75.5
94.8
85.8
86.7
70.7
83.9
83.1
81.2
77.7
85.3
80.3
70.1
76.6
88.1
91.8
77.6
83.2
90.8
83.5
79.2
83.2
74.6
91.9
75.0
83.5
84.5
83.9
83.4
85.6
76.9
104
91.1
108
84.8
83.7
76.7
92.9
89.0
72.9
74.7
122
73.4
75.3
74.6
77.7
88.7
83.1
84.9
85.9
88.2
88.9
73.2
74.3
77.3
90.7
84.1
86.2
85.1
84.4
84.9
82.9
85.4
79.2
93.0
75.3
83.4
*
81.1
89.6
92.8
96.6
80.7
90.9
70.2
82.0
86.7
80.8
72.5
78.7
84.2
83.3
80.2
89.9
84.7
79.3
84.6
90.5
74.2
93.9
85.3
101
72.7
93.9
85.6
77.5
72.9
