123
126
114
112
123
119
117
*
127
116
119
118
128
116
118
120
115
123
115
111
129
116
116
116
121
142
118
*
124
118
117
114
117
123
117
114
117
115
117
118
117
126
116
121
115
119
119
122
127
112
112
119
117
118
112
112
116
121
123
117
112
117
115
117
121
115
121
119
117
112
118
121
123
123
123
114
122
118
117
116
110
124
118
111
112
126
119
111
125
147
112
122
113
123
124
120
118
118
*
115
111
113
132
129
128
109
117
110
135
112
115
111
122
120
*
121
127
116
119
114
118
119
171
162
*
156
142
133
123
114
124
112
125
131
119
124
132
116
122
141
159
113
112
114
