0.923
78.0
0.835
86.8
0.789
86.2
0.852
82.8
0.850
78.0
0.881
78.1
0.827
89.6
0.817
76.7
0.853
77.9
0.740
81.8
0.887
81.8
0.745
80.4
0.733
81.2
0.838
78.0
0.812
81.9
0.772
79.5
0.784
81.3
0.898
85.2
0.782
76.4
1.06
81.6
0.782
78.8
0.897
81.2
0.919
79.3
0.869
79.1
0.800
79.3
0.713
81.5
0.700
81.0
0.853
81.2
0.798
82.1
0.867
80.2
0.975
81.1
0.815
79.1
1.01
80.2
0.845
79.5
0.843
76.0
0.775
79.9
1.02
87.3
0.862
78.1
0.919
80.4
0.770
*
0.836
85.1
0.732
79.5
1.16
78.1
0.749
77.1
0.894
82.0
0.798
78.2
0.909
79.2
0.835
86.6
0.789
83.4
0.839
77.3
0.820
81.7
0.717
80.8
0.713
90.0
1.18
80.2
0.808
87.1
0.739
99.5
0.779
78.4
0.796
73.4
0.813
84.4
0.789
81.6
0.820
83.2
0.938
77.6
0.881
74.8
0.731
82.3
0.800
73.5
0.821
88.1
0.809
80.6
0.737
96.6
0.763
75.2
0.764
75.3
0.763
82.9
0.737
74.6
0.841
73.7
0.870
82.2
0.780
79.3
