*
78.7
93.2
63.2
59.1
62.4
62.6
92.6
63.2
62.2
66.9
67.3
61.9
67.3
60.7
60.7
72.2
62.6
78.5
70.3
56.9
99.3
68.3
62.1
62.2
59.8
62.7
63.3
61.8
61.5
59.3
59.9
70.5
61.5
63.2
65.8
57.8
64.2
65.7
63.2
64.5
59.4
63.3
60.8
128
102
57.2
61.6
93.6
60.2
60.7
61.7
66.1
66.7
64.8
62.4
76.4
58.5
61.6
94.1
58.6
99.2
67.7
94.4
71.7
61.5
61.1
61.6
62.4
61.4
61.9
63.7
61.9
60.0
94.8
62.5
113
70.0
60.6
64.6
77.2
67.5
58.2
59.0
65.3
63.1
66.2
62.5
62.3
98.8
64.5
64.0
62.0
63.9
64.5
61.0
63.1
67.4
94.4
71.5
65.3
89.6
60.3
62.0
59.8
75.2
59.3
61.7
65.0
65.0
66.0
61.7
72.6
63.9
*
75.6
64.4
61.3
59.0
94.7
62.6
67.5
59.6
75.4
*
93.2
63.3
62.5
66.7
91.6
72.0
59.4
79.8
62.0
61.4
65.7
72.8
61.6
57.0
70.6
63.2
63.0
67.6
60.1
