122
124
63.8
69.0
65.9
111
61.3
102
66.7
75.4
104
60.4
64.9
66.5
68.9
64.4
64.8
59.8
72.4
64.7
67.3
103
118
60.8
70.8
99.9
60.0
*
75.8
113
63.5
57.1
116
103
63.4
100
66.0
63.6
106
106
63.1
66.3
63.5
105
61.4
70.6
108
67.1
65.3
158
146
144
137
*
116
109
122
112
118
127
128
*
110
111
111
110
102
92.3
111
109
108
107
112
111
103
102
109
105
114
115
105
106
102
106
101
66.3
101
118
107
102
105
111
103
108
106
104
110
82.7
*
108
106
104
113
106
107
104
115
105
101
73.4
106
103
109
111
*
101
113
103
113
124
108
98.0
105
103
129
98.4
109
99.6
110
109
102
104
110
109
108
104
65.7
107
103
115
83.1
105
103
111
