95.5
76.9
63.2
64.2
65.6
80.1
74.9
149
73.2
70.5
129
62.5
61.2
82.1
78.6
63.9
81.1
*
67.2
74.9
64.9
73.5
68.5
63.0
71.2
*
132
*
70.8
72.4
60.4
62.8
136
66.7
74.0
65.6
67.7
62.4
63.0
72.3
91.1
63.4
62.1
*
105
89.9
131
144
78.7
82.6
139
56.8
60.8
75.7
79.1
58.5
64.1
63.0
60.6
71.0
61.0
67.0
66.3
129
131
60.2
68.5
71.1
129
62.4
136
64.7
66.5
135
95.1
65.6
67.4
64.4
70.9
66.8
61.0
137
72.8
133
62.4
129
70.9
58.8
60.5
*
60.9
*
75.7
138
131
59.1
134
64.3
*
57.1
68.9
60.1
77.4
131
130
65.7
61.1
59.3
66.3
62.8
57.5
70.5
71.1
73.4
*
65.1
64.1
66.8
130
139
70.6
72.2
61.9
148
78.4
65.0
56.2
61.4
65.4
130
65.3
129
60.7
68.2
65.1
67.6
70.7
87.8
125
64.4
63.9
66.2
67.6
61.7
