81.8
81.8
106
60.0
64.5
67.3
67.2
74.8
74.4
68.0
71.5
62.8
65.7
78.3
64.3
78.6
86.9
64.7
77.8
72.6
67.2
83.4
100
94.7
66.2
86.9
68.9
65.0
64.9
64.5
65.0
77.4
66.8
72.9
75.8
68.4
64.0
80.4
64.1
62.9
62.5
62.7
63.4
70.7
66.3
70.7
69.9
69.3
66.7
70.1
80.5
66.2
68.2
64.0
66.5
68.2
73.0
60.9
64.5
95.1
67.4
97.4
66.4
66.4
64.0
77.1
65.8
63.3
90.9
68.1
66.5
59.8
64.4
60.1
63.5
69.6
65.9
59.5
66.5
66.0
66.9
75.5
74.3
59.0
69.5
63.4
70.1
65.6
64.5
99.0
69.0
67.6
74.7
66.6
67.8
63.7
59.8
68.6
67.3
69.9
66.5
70.9
63.6
68.0
64.7
68.3
69.5
65.2
68.0
78.5
64.0
69.2
67.8
71.1
*
94.8
60.8
62.0
66.3
97.6
66.8
64.7
59.4
61.2
95.2
67.4
63.0
63.4
66.6
94.1
65.2
65.6
78.5
66.8
67.5
65.3
67.1
63.5
91.2
69.0
66.8
68.6
58.8
74.0
