77.7
111
84.7
75.6
97.4
105
70.9
88.4
93.0
88.8
86.1
85.2
83.6
86.5
102
90.7
*
84.2
88.1
72.4
86.7
74.1
94.8
72.8
96.0
89.6
83.8
*
94.8
73.1
84.9
86.7
83.4
82.9
87.3
72.4
88.5
79.8
76.7
94.0
86.7
87.6
87.7
89.8
87.7
92.5
90.4
92.3
86.4
73.9
87.3
72.4
77.4
92.5
79.2
93.1
76.7
70.9
93.6
86.0
79.6
86.5
89.2
77.2
85.5
72.9
90.4
91.1
89.0
96.3
88.7
76.1
83.5
90.9
88.5
89.0
87.0
74.5
89.7
88.1
88.2
75.0
76.5
87.1
72.2
97.8
77.8
75.3
71.3
*
91.5
73.8
92.5
93.1
100
89.2
86.8
88.9
84.4
71.8
90.7
83.6
93.9
76.5
89.2
87.4
87.5
88.3
73.1
87.8
91.7
79.0
91.2
90.5
*
87.4
88.0
75.9
88.3
85.2
89.3
71.8
87.8
79.7
97.0
85.6
90.0
74.0
83.7
77.3
84.8
74.6
86.2
96.9
93.3
83.9
90.8
76.9
90.1
76.8
86.7
84.4
76.9
98.7
