157
148
143
160
117
114
166
171
116
109
117
159
108
111
110
115
115
140
115
171
116
119
112
168
118
117
119
*
125
114
165
112
158
118
117
118
112
122
112
116
121
114
111
111
110
108
160
114
165
123
172
110
113
119
110
112
117
115
112
122
118
*
112
118
160
124
113
131
165
116
165
132
111
111
111
115
166
114
167
111
111
183
115
125
115
132
112
112
118
107
115
108
109
164
114
137
159
107
109
119
109
115
122
159
166
116
110
117
116
117
110
110
116
116
*
117
113
117
165
113
122
129
120
125
160
108
121
117
162
118
115
121
124
119
111
124
126
118
114
136
113
170
116
114
