84.4
69.9
104
87.6
86.5
90.1
88.3
102
86.1
87.9
96.9
100
91.0
86.8
88.3
102
88.4
86.2
91.1
99.8
85.6
91.2
83.9
96.7
88.0
88.0
93.5
84.5
86.3
97.3
91.4
121
85.9
87.8
83.3
96.7
88.1
90.1
92.1
81.9
86.6
91.1
88.9
92.1
82.4
87.4
99.5
85.1
90.0
91.8
76.2
90.3
89.4
99.4
86.6
91.4
93.6
110
87.7
77.6
88.0
104
82.5
92.3
108
93.3
102
89.9
96.6
86.7
88.6
95.4
85.7
96.7
90.9
92.0
86.8
86.0
74.5
91.1
82.9
88.1
92.0
88.3
89.6
92.6
91.5
90.7
90.9
87.7
85.7
85.0
132
73.9
74.6
87.4
98.6
88.4
83.6
88.4
85.4
85.7
89.1
90.8
79.1
91.9
87.0
86.6
92.3
87.8
97.2
85.8
88.8
88.4
*
88.2
90.6
92.4
89.1
91.9
78.0
96.5
82.4
75.9
91.3
84.0
88.3
83.9
87.0
91.7
92.0
80.6
90.9
96.5
87.5
87.1
95.7
90.6
91.4
86.6
107
96.3
88.7
89.4
