0.952
61.3
0.785
55.9
0.719
45.0
0.863
51.3
0.756
57.7
0.808
63.4
0.775
49.4
0.945
55.0
0.704
48.3
0.776
49.0
0.772
48.0
0.758
54.4
0.769
55.3
0.848
47.7
0.804
49.1
0.704
53.8
0.780
48.5
0.801
67.0
0.791
47.5
0.829
57.2
0.747
54.4
0.860
49.0
0.831
48.6
0.952
50.7
0.694
53.0
0.785
57.6
0.919
58.7
0.722
50.5
0.741
53.6
0.801
58.6
0.831
59.6
0.805
49.7
0.833
55.1
0.783
59.0
0.801
45.7
0.768
56.1
0.877
49.4
0.787
58.2
0.747
48.4
0.730
*
0.790
46.6
0.745
59.1
0.763
64.2
0.764
58.2
0.685
61.3
0.723
48.0
1.10
53.1
0.891
52.7
0.771
47.2
0.829
52.4
0.788
64.4
0.740
59.1
0.730
47.4
0.695
60.1
0.881
49.0
0.870
50.5
0.831
59.6
0.987
52.8
0.812
62.6
0.796
56.6
0.839
49.7
0.752
68.6
0.801
49.7
0.710
46.6
0.746
50.9
0.851
56.7
0.736
55.2
0.704
50.7
0.951
61.5
0.861
67.9
0.828
53.2
0.754
52.5
0.812
50.8
0.879
51.6
0.734
70.3
