154
175
103
111
100
93.9
105
103
104
104
98.0
100
107
111
103
104
101
106
104
108
108
108
105
99.5
103
91.2
106
*
107
106
104
96.4
95.5
102
107
104
105
109
104
96.0
103
109
106
104
99.0
102
93.1
103
107
102
95.4
109
103
97.2
96.8
97.2
97.8
99.8
104
101
98.4
104
99.3
102
93.3
108
104
110
104
107
99.3
99.9
105
105
107
94.5
95.2
103
97.5
106
103
93.9
99.2
92.6
104
103
103
102
103
*
94.1
107
105
106
97.7
109
100
106
108
110
103
113
112
107
99.6
103
96.7
105
106
109
106
102
103
96.6
*
102
108
98.1
93.4
111
108
101
103
100
104
104
105
105
114
102
92.5
104
104
99.3
103
103
106
106
94.6
97.7
109
101
103
105
