121
116
54.7
51.5
69.9
55.5
54.8
52.6
53.1
57.7
57.5
57.7
59.0
57.5
56.7
57.5
53.8
66.5
54.2
56.9
56.4
62.0
61.1
57.6
59.8
62.0
58.7
62.1
65.2
51.4
61.2
69.0
59.7
54.9
55.2
55.8
56.9
56.2
55.1
63.3
54.1
57.7
66.7
68.8
50.7
53.4
57.8
62.8
55.2
54.9
55.4
57.2
60.6
61.7
60.8
64.7
55.0
54.4
52.8
52.6
51.2
61.2
54.9
65.1
60.4
55.4
62.6
58.3
59.9
54.1
179
122
131
144
104
109
78.5
70.4
71.2
94.2
62.6
60.4
73.9
80.8
59.2
73.5
59.7
61.5
65.7
73.8
79.0
52.4
91.7
64.3
62.0
53.4
72.6
57.2
68.1
51.7
62.8
73.9
77.3
60.7
97.3
54.9
53.5
58.8
55.8
61.4
55.0
59.9
59.0
64.3
57.4
52.0
54.4
57.0
63.3
58.2
53.7
57.0
52.4
61.4
54.4
54.0
61.2
53.0
55.7
56.9
60.4
57.5
55.9
56.5
60.4
55.1
57.0
55.5
70.8
51.8
56.5
68.9
54.5
52.6
