170
78.6
86.1
74.0
78.6
82.3
77.5
67.3
91.1
74.4
76.9
74.6
72.2
73.1
85.4
72.8
76.8
156
72.9
73.5
72.8
72.3
77.0
81.3
72.1
75.7
73.0
73.9
78.5
72.2
68.2
78.3
71.9
90.1
88.4
82.7
69.6
79.1
69.9
71.0
73.2
73.3
110
75.8
116
70.7
92.9
96.9
88.1
72.7
72.9
75.1
96.9
75.4
72.5
72.9
83.8
74.5
74.2
75.9
70.9
114
102
80.5
77.6
67.6
75.7
75.8
74.4
73.6
69.6
75.9
72.7
75.3
69.0
71.9
71.2
71.6
82.0
148
75.9
78.5
71.7
72.6
75.3
108
77.8
72.0
84.6
74.5
80.5
102
95.7
73.6
106
76.4
70.9
72.7
150
77.3
80.7
153
80.6
79.7
74.2
72.9
72.1
70.2
74.9
110
91.7
75.4
72.8
78.4
*
111
101
71.8
83.6
67.8
74.8
72.8
77.4
75.3
74.6
68.5
74.5
72.1
92.9
80.6
70.8
72.8
72.4
76.9
70.3
77.5
71.3
71.2
70.4
67.5
150
92.5
74.3
123
