0.871
50.4
0.787
56.2
0.860
58.0
0.812
61.7
0.852
57.7
0.868
*
0.858
64.6
0.796
60.2
0.810
64.7
0.766
66.4
0.807
52.8
0.765
63.1
0.846
64.2
0.768
65.5
0.859
60.3
0.838
60.3
0.900
83.5
0.876
58.3
0.774
57.3
0.820
54.0
0.807
59.7
0.748
56.7
0.808
57.1
0.984
109
0.809
90.5
0.738
70.2
0.742
64.5
0.825
84.2
0.766
61.9
0.791
69.3
0.812
70.4
0.778
55.3
0.804
56.8
0.803
*
0.828
56.5
0.807
54.1
0.855
49.9
0.826
70.2
0.793
49.6
0.692
*
0.743
55.7
1.15
50.3
0.722
54.5
0.810
52.6
0.779
59.7
0.734
61.7
0.788
50.1
0.761
60.4
0.839
49.8
0.816
53.5
0.822
58.4
0.731
52.9
0.802
70.0
0.698
63.2
0.830
60.5
0.823
91.2
0.784
60.3
0.842
53.4
0.753
65.2
0.849
53.5
0.760
58.3
0.763
63.7
0.826
50.5
0.822
50.7
1.06
58.2
0.818
66.2
0.731
52.3
0.783
55.0
0.848
57.5
0.822
67.7
0.818
55.7
0.734
55.7
0.769
59.3
0.858
53.9
0.846
51.8
