0.940
49.0
1.02
53.6
0.786
88.5
0.908
49.0
0.834
60.5
0.867
50.7
0.845
92.1
0.704
77.5
0.818
90.4
0.765
46.6
0.890
47.6
0.963
59.3
0.836
95.1
0.914
49.6
0.892
52.6
0.826
45.2
0.819
63.8
0.830
53.1
0.878
50.2
0.849
52.6
0.794
52.5
0.786
51.1
0.850
46.8
0.852
44.2
0.787
44.1
0.796
46.6
0.829
83.8
0.766
50.3
0.824
45.9
0.811
59.4
0.862
87.0
0.816
54.8
0.846
65.2
0.874
*
0.913
47.3
0.868
42.5
0.863
51.5
0.848
42.2
0.951
45.8
0.804
49.7
0.853
45.5
0.806
44.1
0.843
57.3
0.898
49.5
0.799
55.3
0.763
51.2
0.756
52.4
0.789
50.9
0.832
57.9
0.819
48.1
0.894
84.5
0.777
85.0
0.873
42.6
0.784
49.9
0.810
60.0
0.955
47.1
0.772
64.6
0.868
61.6
0.863
49.3
0.890
49.3
0.778
81.1
0.778
54.2
0.754
53.0
0.932
48.4
0.838
45.6
0.909
43.5
0.854
45.5
0.827
46.4
0.911
47.4
0.802
46.4
0.769
86.1
0.764
98.1
0.819
44.4
0.862
44.6
0.783
50.8
