138
178
67.6
72.9
74.6
69.9
65.3
71.2
70.1
61.0
75.3
68.0
69.6
67.2
73.7
67.6
70.7
67.8
70.4
70.6
69.0
71.1
69.7
66.3
61.1
68.8
71.3
*
65.5
75.4
65.1
62.4
70.8
68.4
74.7
70.9
67.6
67.4
65.8
72.6
65.7
66.3
70.1
65.8
62.1
77.0
73.5
68.2
73.8
68.8
74.5
66.7
71.8
73.7
64.3
72.9
72.0
68.8
66.4
67.5
75.1
73.3
70.2
79.1
75.7
75.1
72.6
61.2
72.8
64.7
72.6
73.0
76.4
68.0
72.8
62.4
73.3
67.2
71.7
63.0
64.5
65.8
62.4
69.9
83.9
71.2
61.5
73.3
66.6
75.9
69.4
69.5
74.1
75.7
73.2
73.6
70.6
80.1
77.2
67.0
64.2
71.7
71.3
66.7
72.5
68.7
64.4
68.6
69.0
70.0
70.1
68.6
67.9
67.8
*
77.8
66.7
67.9
72.9
67.7
66.7
75.0
71.7
70.2
67.7
61.2
76.2
72.8
71.4
66.5
68.7
77.6
69.8
66.5
65.9
69.8
76.4
71.3
73.6
75.6
76.3
70.0
68.1
65.7
