120
139
106
128
120
113
106
111
111
107
109
106
119
109
113
111
117
125
114
115
108
116
108
114
106
120
111
*
115
114
112
109
124
109
119
109
108
106
118
110
109
107
118
112
110
130
108
107
111
122
116
108
110
116
109
109
113
113
112
116
119
114
110
130
115
114
106
109
106
110
111
107
109
109
107
111
*
109
110
109
114
112
107
112
111
108
111
109
107
106
105
105
111
111
109
111
117
116
108
144
112
126
112
118
109
120
108
108
107
111
108
115
111
136
*
110
116
108
124
111
111
111
110
109
176
110
111
112
108
182
109
116
222
114
112
112
116
126
117
117
107
116
125
105
