196
131
119
122
118
273
121
115
122
133
115
123
116
122
116
118
112
129
129
121
113
117
116
129
122
118
118
*
112
119
119
117
275
125
140
117
276
115
116
120
119
113
128
115
*
125
283
117
118
113
271
119
116
121
269
118
116
271
120
268
129
116
275
280
272
116
115
125
127
126
118
118
115
115
117
118
275
120
274
119
116
115
115
267
272
120
121
121
119
277
268
273
117
272
271
120
268
120
116
123
120
114
115
116
276
118
116
118
116
122
116
281
116
121
*
121
114
267
125
119
120
290
269
280
116
120
118
120
117
122
270
270
273
116
122
122
121
116
119
123
119
272
272
116
