190
119
60.6
55.1
71.8
87.4
54.6
61.6
55.6
54.8
105
53.3
67.3
57.2
55.1
66.4
55.2
58.1
56.1
52.9
95.3
62.4
60.4
58.0
53.2
95.4
54.2
*
60.1
54.3
53.3
53.1
86.2
62.0
67.9
59.1
59.8
52.8
52.8
49.7
60.9
90.1
58.4
*
56.8
89.4
89.8
87.7
49.9
53.8
96.1
59.9
61.1
54.4
58.3
56.4
64.7
56.2
60.5
89.8
53.6
59.7
54.8
89.4
89.5
56.3
53.0
70.2
89.4
63.0
87.8
66.7
56.9
94.8
55.0
53.1
98.1
54.5
89.9
54.3
59.0
87.1
52.2
149
57.0
*
99.8
92.7
95.9
*
87.2
76.4
54.0
80.7
92.1
80.5
64.4
77.7
93.8
55.0
62.5
52.1
77.8
57.1
67.3
53.4
56.0
62.1
54.7
69.8
50.6
61.6
66.3
65.4
*
66.4
72.5
68.3
*
65.2
60.1
59.7
57.4
67.0
61.3
57.5
55.6
55.2
54.1
85.6
51.8
64.0
54.1
55.9
60.6
68.9
66.8
55.9
59.2
67.6
58.6
77.0
60.8
53.9
