0.885
103
0.868
111
0.777
58.7
0.803
92.2
0.774
59.9
0.774
54.4
0.787
98.0
0.785
106
0.748
94.2
0.744
58.0
0.794
53.2
0.764
106
0.820
62.4
0.802
90.7
0.841
53.8
0.762
51.4
0.774
58.8
0.766
54.7
0.804
64.1
0.854
104
0.781
55.9
0.749
105
0.797
57.2
0.991
55.6
0.777
109
0.778
64.2
0.787
88.6
0.764
53.5
0.669
55.9
0.786
57.6
0.817
*
0.830
56.6
0.825
55.3
0.784
105
0.807
55.2
0.785
102
0.870
103
0.789
61.3
0.781
65.1
0.839
*
0.774
56.8
0.784
54.0
0.812
95.4
0.766
86.1
0.734
51.1
0.749
92.2
0.738
50.8
0.763
87.2
0.839
106
0.885
94.4
0.778
55.3
0.706
87.5
0.879
67.9
0.735
92.3
0.728
99.7
0.733
61.4
0.750
89.1
0.846
93.0
0.772
106
0.734
110
0.833
60.5
0.735
113
0.768
73.9
0.793
59.2
0.768
104
0.778
105
0.729
59.4
0.795
111
0.799
*
0.795
56.0
0.821
112
0.757
90.5
0.769
61.1
0.813
105
0.864
109
