0.976
54.2
0.894
48.6
0.884
54.5
0.887
55.7
1.00
55.0
0.933
139
0.818
47.3
0.874
55.9
0.902
51.2
0.846
69.0
0.781
50.3
0.867
57.1
0.812
52.4
0.815
51.3
0.853
59.0
0.787
61.0
0.814
50.7
0.857
52.1
0.806
71.2
0.821
54.8
0.826
60.6
0.757
74.8
0.841
53.3
0.894
76.7
0.782
137
0.722
48.5
0.720
67.2
0.797
46.8
0.767
52.1
0.824
50.9
0.860
50.9
0.847
49.2
0.823
46.5
0.904
*
0.806
69.6
0.842
52.5
0.751
52.4
0.777
48.1
0.794
53.5
0.780
52.0
0.821
135
0.814
61.1
0.798
48.9
0.783
60.4
0.778
49.0
0.746
59.0
0.809
70.6
0.829
58.7
0.820
51.8
0.792
46.7
1.04
55.4
1.05
55.1
0.975
66.9
0.873
49.6
0.905
45.6
0.813
137
0.873
61.5
0.828
51.5
0.825
51.6
0.875
63.9
0.914
46.3
0.838
46.1
0.818
51.2
0.784
57.0
0.886
57.3
0.798
54.0
0.803
54.2
0.786
67.3
0.893
134
0.793
83.1
0.831
59.8
0.818
52.4
0.861
61.1
0.804
50.4
0.711
58.0
