118
182
133
133
128
130
133
*
132
148
133
128
141
127
130
135
140
124
129
130
154
136
147
131
137
131
130
*
131
129
146
131
150
128
130
176
155
125
128
131
127
135
136
131
140
137
152
142
146
173
141
129
143
126
129
140
133
155
135
131
133
130
141
127
154
141
157
128
132
132
126
130
131
133
130
129
133
139
137
130
156
129
144
157
176
137
128
172
132
*
133
131
143
128
139
156
132
140
*
145
127
*
134
135
158
157
135
131
137
136
135
132
128
122
*
133
136
135
141
134
129
135
155
143
158
142
139
132
129
131
129
126
137
131
140
127
131
131
130
129
131
127
125
132
