119
122
68.0
73.2
63.1
88.5
73.0
89.8
86.3
62.6
95.2
80.9
87.3
71.2
64.8
73.1
96.9
89.2
69.5
62.3
63.4
93.8
63.9
74.1
69.5
61.1
81.8
*
85.3
69.2
61.2
85.9
85.3
60.3
94.4
62.5
91.6
88.9
77.1
73.8
69.1
87.1
86.2
62.9
83.8
64.0
86.9
91.0
65.7
79.6
82.2
62.4
96.4
70.2
87.4
67.2
83.5
86.9
82.7
93.4
84.2
64.2
88.1
86.1
83.0
65.6
89.1
72.5
85.0
68.7
86.2
90.2
66.1
82.3
84.2
81.2
64.2
85.0
59.7
92.9
83.7
82.0
90.9
95.3
90.1
88.4
64.2
84.0
63.0
84.9
87.4
83.6
72.7
88.7
86.9
96.5
85.1
85.8
86.2
68.6
60.4
71.2
83.6
83.7
87.2
86.3
82.0
71.8
76.5
88.5
87.8
92.4
75.0
67.5
*
94.6
82.3
91.5
81.9
*
63.4
81.0
86.9
83.2
64.6
62.9
65.7
72.9
90.3
64.7
88.8
90.5
66.3
85.2
78.1
61.8
90.9
73.6
93.4
87.2
98.8
64.1
90.4
66.2
