104
93.9
69.0
69.4
85.7
69.9
65.2
72.9
67.4
68.5
67.3
66.5
70.4
77.0
69.2
68.7
75.2
79.7
66.0
71.0
76.2
71.6
71.5
71.2
72.0
71.8
68.8
*
76.4
75.8
71.1
70.4
70.0
70.5
69.2
76.9
68.9
72.1
77.1
71.1
75.6
69.4
66.8
73.7
68.6
69.6
71.6
69.3
71.0
75.2
72.5
73.0
69.0
72.8
67.0
66.9
70.8
75.4
73.1
73.3
71.5
73.8
76.2
75.1
70.0
78.4
68.4
67.8
74.5
73.7
70.8
71.0
72.0
70.0
72.0
75.5
70.3
66.5
78.4
72.1
68.9
69.9
69.8
72.4
75.1
69.9
75.9
80.4
71.8
71.8
78.7
76.5
72.1
72.3
76.9
74.3
74.0
70.1
69.0
70.9
69.7
71.0
69.7
71.6
72.2
73.9
70.8
68.8
68.7
69.4
74.3
72.5
69.9
74.8
*
67.8
71.2
70.5
*
67.2
68.1
69.8
71.0
70.2
74.5
74.1
73.1
74.8
79.0
72.9
73.8
73.4
70.8
72.3
68.7
67.1
88.3
69.9
74.2
71.3
70.9
67.2
70.8
69.5
