0.894
60.6
0.848
62.7
0.737
53.9
1.03
48.8
0.877
56.1
0.814
58.5
0.873
58.4
0.766
50.3
0.747
63.2
0.793
53.7
1.05
56.4
0.687
50.0
0.846
52.8
0.815
75.4
0.810
48.7
0.776
53.1
0.730
*
0.850
58.1
0.814
64.7
0.805
52.2
0.800
54.6
0.780
53.5
1.10
54.6
0.877
48.9
0.841
57.3
0.725
58.2
0.808
58.2
0.829
58.4
0.698
56.5
0.815
56.0
0.768
51.7
0.830
60.0
0.884
54.3
0.873
78.5
0.857
49.1
0.784
58.1
0.768
54.3
0.797
60.5
0.760
50.1
0.724
*
0.778
51.9
0.811
67.2
0.764
51.0
0.936
51.4
0.761
52.4
0.717
68.5
0.716
53.8
0.905
48.0
0.768
63.5
0.935
60.9
0.758
54.4
0.749
58.2
0.729
52.2
0.708
57.0
0.757
72.4
0.986
55.1
0.747
67.2
0.832
62.2
0.918
56.1
0.751
56.7
0.771
62.2
0.752
55.2
0.855
54.6
0.806
52.7
0.768
81.0
0.772
52.5
0.808
54.8
0.766
51.6
0.757
58.1
0.807
53.9
0.814
71.3
0.751
56.2
0.768
69.6
0.816
53.9
0.749
48.6
