139
93.4
92.7
97.8
107
78.9
69.3
73.9
78.5
101
66.7
82.5
67.6
70.6
69.9
69.4
96.8
93.5
71.0
68.8
72.0
71.4
98.6
96.6
74.1
65.7
78.1
*
71.7
70.6
75.1
77.1
93.9
72.7
74.8
67.1
96.5
73.0
83.7
74.8
71.1
67.6
72.4
70.8
68.7
*
95.4
70.3
92.8
90.2
95.2
71.7
81.2
67.9
90.3
105
76.9
96.0
66.1
99.9
74.0
95.1
91.2
95.1
92.7
76.9
68.5
73.4
63.9
71.4
71.2
65.7
79.0
93.9
70.3
95.1
94.6
75.2
99.5
79.9
69.6
67.5
64.9
98.5
88.6
64.6
70.3
69.8
78.5
118
95.8
71.5
69.9
94.9
95.4
67.5
95.1
71.4
73.3
71.5
71.9
74.9
71.9
70.0
93.1
75.0
74.1
68.0
72.9
94.7
76.3
96.2
69.3
73.1
*
75.5
70.4
95.7
*
77.7
81.9
106
76.6
96.0
90.5
97.5
70.0
87.2
74.5
69.6
94.8
96.6
93.4
77.5
67.9
85.2
67.0
71.0
74.7
86.0
67.7
95.6
83.9
75.0
