52.4
93.8
49.6
63.9
46.9
53.0
68.5
51.0
50.6
59.0
58.5
59.5
69.3
74.1
66.6
62.3
52.6
61.8
50.3
65.7
66.9
49.3
67.5
66.3
70.8
63.6
50.7
48.6
53.7
53.6
64.3
47.1
48.7
63.2
46.2
64.5
47.1
51.8
67.3
46.3
64.7
51.3
49.4
56.5
63.0
60.7
45.5
55.0
77.2
48.0
51.6
52.0
48.3
69.5
55.2
49.0
49.4
47.4
45.0
57.8
45.5
65.8
73.7
53.8
46.5
68.7
45.0
57.9
50.1
64.8
50.9
50.6
64.9
51.8
47.3
46.8
51.2
54.1
61.7
66.3
46.9
45.2
47.8
48.8
49.1
48.3
60.1
46.8
54.3
64.8
50.6
62.2
67.7
52.1
48.4
47.1
46.3
47.5
67.1
59.1
68.5
68.5
63.0
47.1
45.6
51.1
50.3
66.0
50.3
61.7
50.9
49.2
64.9
51.6
*
49.1
60.8
47.7
51.0
63.6
48.3
52.7
61.6
54.7
63.9
56.9
67.7
68.4
50.0
69.3
53.9
49.2
56.2
46.1
63.1
49.2
74.8
46.4
47.6
69.0
63.1
51.1
66.8
53.5
