130
205
103
112
121
106
97.6
107
99.1
105
102
100
111
99.8
112
104
99.6
103
104
103
*
102
104
102
106
103
107
*
104
111
99.2
105
98.4
108
104
101
106
104
103
103
96.1
110
104
107
105
*
101
104
102
105
103
107
96.8
99.6
104
105
131
111
101
109
107
98.4
104
102
101
124
101
107
105
108
103
101
100
103
116
101
99.1
101
104
100
104
103
106
102
97.8
101
103
101
106
100
103
102
100
113
105
101
101
103
103
103
104
102
121
109
106
105
104
101
111
101
111
100
108
107
*
107
103
98.0
113
106
102
109
104
102
101
105
110
100
105
103
105
105
104
99.7
105
108
118
101
110
109
105
103
104
98.6
