76.8
76.1
113
109
71.5
117
112
108
76.5
115
131
114
84.6
63.9
73.8
69.9
66.0
83.7
93.3
113
69.7
111
111
112
91.4
111
67.2
*
78.0
114
116
110
109
112
69.4
114
64.1
112
115
69.1
63.9
110
73.7
68.1
78.5
77.2
112
71.2
111
117
116
114
113
70.0
113
118
113
127
68.5
123
112
117
73.0
74.0
119
107
114
70.1
110
68.9
118
115
65.2
116
70.6
109
69.1
110
110
73.0
69.0
112
108
107
83.2
77.8
114
113
112
117
114
114
68.4
115
117
76.5
112
69.5
114
112
73.0
68.2
71.3
122
112
113
83.8
75.6
113
75.4
113
116
66.8
84.7
*
109
73.0
112
115
112
71.5
71.9
63.3
113
71.4
73.7
72.1
114
68.6
110
109
112
112
68.0
67.7
67.9
83.0
113
116
109
66.9
67.5
77.7
110
