179
159
70.0
92.2
94.0
89.5
90.3
88.8
87.2
101
102
94.1
84.0
76.0
86.6
71.6
81.9
84.4
91.4
88.5
77.6
94.5
84.4
81.1
95.2
97.2
85.5
*
78.5
73.4
82.4
86.9
88.8
102
80.8
90.5
78.3
78.4
78.9
102
79.7
82.1
80.0
*
83.5
84.1
86.1
90.6
79.2
92.3
84.2
86.9
79.4
77.4
80.9
87.5
93.0
74.9
94.4
74.6
86.2
73.1
77.4
74.1
80.6
82.7
85.8
87.6
87.0
87.4
84.2
81.3
83.0
84.6
78.4
83.4
86.6
74.4
86.3
77.1
85.9
88.3
71.3
87.8
77.5
86.4
78.4
76.3
75.8
75.3
86.0
75.9
78.2
89.9
89.0
98.1
84.9
88.7
71.2
77.2
85.8
85.1
79.0
99.4
88.4
88.8
93.1
80.4
86.1
90.9
85.3
69.5
77.1
94.3
*
96.6
74.6
83.3
*
110
96.7
78.5
71.7
81.7
*
87.3
88.8
86.0
73.5
90.8
73.5
95.7
92.3
90.9
78.3
84.3
88.1
74.8
81.2
97.4
83.8
95.9
75.1
77.2
