146
148
66.8
68.0
56.7
79.2
63.3
73.0
77.3
78.9
60.1
60.4
60.2
68.5
*
74.8
65.5
62.0
79.6
61.3
60.6
86.7
69.6
71.1
58.9
78.0
78.7
*
66.5
71.3
61.1
60.8
86.1
75.5
75.4
75.2
64.6
61.9
76.3
67.7
75.0
72.9
72.0
73.7
70.4
70.9
70.2
76.2
78.5
74.1
73.0
61.8
72.3
65.5
73.7
62.2
80.4
64.7
73.7
67.7
70.6
75.4
65.5
64.4
75.6
72.2
61.2
66.8
74.3
70.8
78.3
77.8
78.6
69.2
68.5
57.9
66.4
60.4
68.6
75.4
84.2
60.4
76.8
73.7
65.0
69.9
61.2
61.5
70.0
71.9
91.7
57.9
60.5
76.4
76.8
67.6
78.3
68.5
78.4
71.1
76.5
68.5
65.0
66.7
158
158
*
148
124
81.3
79.3
53.4
73.7
76.8
*
67.0
64.0
63.8
*
58.1
63.9
67.4
85.1
65.0
85.9
75.7
68.3
54.3
89.8
55.5
56.4
64.8
53.9
74.4
80.0
59.1
53.0
63.1
77.2
68.4
75.3
57.6
58.4
69.3
