149
193
58.5
63.0
52.5
70.2
67.0
65.2
69.3
62.5
77.6
68.3
66.3
68.5
59.6
60.4
71.7
57.4
67.6
70.5
58.3
62.3
57.7
69.1
68.1
68.5
75.9
*
56.4
54.9
87.3
61.4
74.3
58.7
65.7
54.3
73.8
61.9
60.0
54.3
74.2
64.5
70.7
65.7
56.3
74.8
67.5
66.6
57.5
61.5
66.9
55.9
57.0
79.3
62.8
59.2
57.1
63.1
63.5
56.8
55.8
57.3
57.3
70.6
71.3
66.5
62.3
66.5
70.9
51.5
61.6
57.9
63.5
63.2
58.4
73.8
75.8
61.3
68.7
59.4
72.6
61.0
52.3
60.6
78.6
82.0
59.9
55.8
54.5
56.3
57.4
65.5
59.4
73.2
68.7
67.9
68.8
80.9
81.6
59.6
61.8
64.7
71.8
80.4
61.2
71.0
60.3
94.0
57.1
73.3
54.4
52.5
76.8
61.9
*
70.4
68.0
63.9
*
59.2
76.1
63.5
83.9
69.5
56.2
51.9
55.1
75.2
59.6
56.5
57.7
56.5
69.4
62.7
62.0
67.7
68.9
64.8
65.6
65.9
68.8
71.3
59.6
57.7
