110
113
81.6
96.9
72.0
89.3
94.0
101
73.4
89.3
92.3
95.5
79.2
74.4
72.2
78.2
89.5
89.8
82.7
104
77.1
85.6
92.1
95.6
77.6
96.7
72.6
*
68.2
73.9
95.6
81.2
84.8
89.0
76.9
82.2
80.4
81.5
98.5
71.2
71.2
78.0
76.0
72.4
75.1
78.1
80.8
77.4
98.2
88.9
88.6
80.3
70.0
74.2
85.1
80.6
80.7
78.9
74.4
82.5
89.5
80.5
73.0
73.0
82.9
93.7
87.4
78.6
74.4
68.7
70.6
84.9
79.6
74.9
69.3
82.3
76.5
75.9
86.1
81.1
72.4
79.0
101
80.7
73.0
76.2
74.4
82.6
87.6
95.6
79.2
70.3
76.9
84.5
93.9
99.4
83.7
74.2
95.3
71.4
69.5
67.7
74.1
79.7
98.7
91.6
73.8
73.4
81.2
78.8
84.2
79.6
76.4
73.9
*
79.3
73.2
81.6
*
82.7
75.6
72.0
73.1
86.0
78.1
75.8
78.8
80.5
79.1
84.1
82.2
80.0
83.2
72.7
77.1
76.4
74.2
86.3
83.0
83.4
67.9
81.5
70.1
69.3
