0.878
54.7
0.805
50.3
0.868
54.3
0.888
53.0
0.758
55.4
0.886
76.2
0.917
62.1
0.825
67.1
0.841
71.7
0.814
49.5
0.792
72.5
0.806
61.8
0.821
52.8
0.858
57.2
0.904
52.3
0.873
65.3
0.884
61.3
0.791
46.6
0.791
50.7
0.782
88.7
0.785
51.3
0.753
72.8
0.789
57.9
0.855
84.3
0.746
58.6
0.722
56.5
0.762
54.9
0.797
63.4
0.763
49.5
0.774
63.9
0.703
63.8
0.794
52.4
0.752
68.9
0.995
50.5
0.842
49.2
0.900
50.6
0.811
48.7
0.748
51.1
0.846
55.2
0.746
*
0.802
60.2
0.764
60.0
0.769
64.0
0.764
47.4
0.843
70.8
0.846
66.3
0.792
54.1
0.760
53.6
0.787
68.8
0.803
55.5
0.747
51.4
0.766
80.0
0.725
64.5
0.707
57.9
0.778
54.4
0.742
70.8
0.736
49.1
0.742
54.3
0.892
56.3
0.818
58.9
0.852
53.8
0.791
60.9
0.799
71.9
0.845
69.5
0.848
63.8
0.770
68.8
0.760
66.3
0.749
73.9
0.818
68.4
0.772
46.4
0.710
55.1
0.747
51.4
0.702
54.6
0.802
49.4
0.742
61.0
