134
134
86.0
73.4
87.0
113
75.4
86.2
86.5
96.2
87.1
85.0
90.2
89.6
95.8
81.6
92.9
92.3
90.0
78.8
91.6
76.1
92.8
73.6
85.8
90.1
86.8
*
96.6
81.0
84.3
89.9
93.1
79.3
90.2
74.8
84.5
88.1
75.0
91.9
90.1
98.4
88.3
101
85.7
90.1
96.3
94.3
101
87.1
84.3
74.9
78.7
83.3
77.5
91.2
75.7
82.0
82.4
87.9
78.3
87.8
88.4
72.0
87.1
83.9
89.5
88.9
83.6
87.2
86.6
79.3
87.6
84.6
92.7
94.8
90.1
89.5
82.4
86.6
92.4
87.8
71.8
91.8
72.6
91.4
87.8
85.8
75.1
85.7
96.8
132
86.1
94.9
88.8
85.3
88.6
94.4
86.6
78.9
91.1
87.7
84.3
85.9
87.0
92.8
93.0
91.4
73.5
89.3
88.5
77.7
86.0
87.9
*
88.9
87.0
77.3
82.9
91.3
86.6
81.2
108
72.9
88.0
89.6
87.4
79.3
73.3
81.5
84.9
78.5
87.1
93.3
88.4
87.5
83.6
78.6
79.5
73.4
74.9
87.1
86.4
97.9
