162
138
109
96.9
97.2
94.9
99.6
94.8
104
94.6
101
90.8
102
97.5
99.8
96.6
94.1
98.8
95.4
93.2
103
105
94.3
103
96.4
103
96.1
*
111
101
101
98.8
99.3
99.2
98.5
95.4
105
105
97.6
98.3
96.2
105
94.9
99.5
119
107
101
95.3
96.3
129
93.9
106
110
94.4
95.8
100
104
94.1
102
96.3
94.0
98.0
95.7
105
97.7
99.4
93.8
102
99.1
110
96.0
97.5
97.0
99.2
108
104
93.9
110
97.8
94.3
91.4
104
97.4
97.1
97.9
109
98.8
94.9
106
91.0
98.4
97.1
96.9
95.8
93.9
106
104
103
94.8
98.2
94.8
102
93.5
93.4
93.1
97.4
95.6
96.7
99.3
99.0
93.7
104
97.4
102
*
94.8
96.0
111
97.5
102
106
99.1
101
93.4
102
101
97.8
94.4
95.2
95.6
96.3
105
104
97.8
108
107
98.9
95.1
115
94.8
98.2
98.7
91.5
93.0
