190
143
129
132
111
130
121
138
124
126
120
120
119
121
124
113
126
120
120
126
131
115
123
115
117
128
122
*
147
125
122
122
124
119
125
122
119
118
130
127
127
121
125
*
137
118
113
117
121
128
122
133
121
124
124
127
122
120
123
118
128
123
121
118
121
131
121
124
126
121
123
110
115
119
119
127
121
127
117
124
117
116
115
121
127
120
119
123
121
116
122
120
124
122
120
118
118
120
*
121
123
120
123
118
114
113
121
121
120
120
146
118
127
120
*
124
123
117
123
123
124
133
124
123
110
128
122
121
115
129
119
138
134
123
112
122
120
129
141
122
116
116
125
127
