60.1
58.8
67.0
62.3
53.8
66.8
77.2
80.9
67.4
58.7
68.6
57.3
59.4
55.3
63.0
62.9
63.3
63.4
57.1
63.3
60.6
66.0
68.9
60.5
57.7
65.9
70.2
64.1
68.7
61.2
54.6
62.9
48.4
55.2
59.2
66.2
59.1
59.5
61.1
53.5
60.0
64.8
62.2
49.8
64.8
53.4
83.8
61.1
64.3
49.5
56.8
66.1
56.5
62.0
63.1
56.0
75.5
67.0
79.8
88.3
61.3
59.0
54.3
58.4
57.7
82.6
63.4
60.5
61.6
58.1
62.3
58.1
54.7
62.5
66.4
63.2
58.6
61.4
56.0
49.6
68.6
66.7
62.0
55.8
55.3
58.3
60.7
61.4
75.1
68.3
64.7
56.6
*
56.6
71.6
60.2
63.2
61.7
50.4
56.1
67.7
66.4
