88.0
118
130
62.1
119
73.4
63.6
64.2
74.1
62.5
142
61.9
85.7
75.4
67.1
66.2
69.6
66.1
73.7
64.5
64.3
60.5
127
128
106
58.8
59.3
58.9
78.2
67.9
85.7
155
61.7
63.5
61.3
64.5
105
68.7
69.6
68.1
61.0
65.6
62.1
70.0
62.6
64.1
64.8
71.7
68.4
58.6
135
65.4
67.4
83.5
65.4
59.4
62.8
64.9
66.7
153
69.7
*
63.5
64.5
59.2
63.9
74.1
66.6
132
75.5
135
60.5
63.6
133
71.0
108
131
59.2
63.3
63.0
66.4
133
56.9
63.9
59.7
65.0
56.2
63.9
70.9
66.4
64.3
138
58.2
142
65.7
61.7
130
64.1
67.8
62.3
65.6
65.2
59.2
134
97.6
81.5
61.1
63.7
62.0
92.5
59.9
66.0
61.1
60.7
*
92.5
62.5
106
133
69.6
66.0
80.5
80.4
134
129
130
72.6
87.8
72.2
60.7
64.5
132
133
63.1
67.7
67.9
69.9
62.7
66.7
98.6
61.7
130
120
87.5
