142
166
103
105
108
113
105
109
103
109
111
103
106
110
104
118
103
104
110
106
103
98.6
107
112
102
105
103
*
102
107
108
117
109
104
*
107
99.7
108
119
102
111
106
107
*
104
120
112
108
102
105
104
102
109
109
105
112
103
106
104
103
99.0
113
108
111
119
111
108
103
109
111
105
101
110
104
104
113
114
106
114
110
102
109
104
107
107
106
113
108
104
114
101
115
97.6
102
112
99.7
103
112
112
102
113
97.6
111
103
110
111
104
114
106
106
113
108
117
113
*
106
103
104
101
102
107
124
105
101
102
109
108
101
104
107
103
109
107
102
112
107
112
103
102
102
109
111
104
103
