140
113
95.1
94.2
100
92.8
92.3
86.7
95.0
78.8
89.4
90.1
71.5
85.4
95.3
95.0
80.3
84.2
84.4
90.2
87.5
90.7
89.4
89.3
82.7
91.3
92.1
*
85.4
82.3
94.9
90.8
91.5
78.0
91.9
80.5
76.8
76.5
74.2
82.1
85.9
90.1
88.3
87.4
82.5
102
102
109
90.6
84.3
97.4
83.3
81.1
89.9
76.4
110
92.1
82.9
94.5
96.4
99.7
104
80.0
75.2
125
76.6
101
96.1
95.2
83.6
91.6
88.9
99.4
93.8
89.4
96.6
93.2
76.1
99.8
98.2
88.9
89.8
74.6
86.7
80.7
89.7
81.6
76.0
82.3
75.0
92.0
83.6
99.1
97.7
96.8
89.9
126
102
79.1
76.5
91.0
78.1
70.3
108
99.1
104
77.9
90.6
72.4
88.8
108
81.2
97.8
81.5
*
78.4
73.3
79.1
98.1
91.8
93.8
79.0
76.9
96.5
89.4
92.3
81.6
93.4
77.8
82.0
91.9
99.9
157
155
145
127
115
114
116
102
110
90.5
86.7
92.9
