130
153
186
180
116
181
179
184
187
186
146
174
143
189
115
178
194
185
179
179
156
191
185
183
117
180
182
*
180
116
185
153
190
151
182
152
180
118
144
173
182
179
185
185
186
191
196
187
185
137
114
183
116
185
119
145
187
117
148
188
182
*
182
145
179
181
165
181
146
148
151
179
181
143
146
165
198
156
120
183
154
183
123
141
160
183
146
137
117
197
161
178
156
117
115
149
118
178
182
120
182
187
144
182
113
187
185
175
182
182
151
143
181
181
*
161
112
127
153
182
114
114
184
112
185
180
148
185
192
181
122
114
180
151
175
180
122
148
192
187
121
183
176
115
