101
100
68.6
75.8
120
69.6
72.8
72.6
87.2
70.4
70.7
71.5
75.4
76.5
77.4
73.8
78.4
68.9
73.2
75.0
87.4
70.4
65.2
90.8
90.1
80.0
70.0
*
74.2
87.3
75.5
76.8
70.6
69.2
69.5
72.8
65.8
77.3
64.5
75.7
72.5
74.3
68.7
84.9
77.1
75.2
76.5
72.4
81.4
81.1
92.0
71.7
66.3
80.0
68.1
79.6
74.5
71.4
67.3
79.6
67.9
87.9
67.8
65.5
68.5
74.5
72.2
72.5
72.8
73.0
74.3
72.4
74.5
73.1
73.8
73.4
70.4
73.8
84.1
99.1
78.1
78.5
70.9
69.2
66.6
79.2
70.2
68.0
80.5
138
71.9
72.4
78.5
70.3
69.8
85.6
75.4
76.5
142
84.5
69.6
66.4
70.7
79.4
101
82.3
71.6
68.3
75.6
82.6
75.6
69.5
71.6
72.1
*
76.6
69.4
94.6
82.8
150
77.9
79.6
76.1
69.6
74.3
68.4
71.2
75.1
71.1
70.8
69.7
70.2
77.2
71.2
73.1
68.2
79.5
66.9
73.5
73.7
112
69.4
68.6
75.4
