111
130
68.9
72.2
78.1
104
76.8
98.6
108
65.7
102
68.9
70.7
72.4
98.1
77.6
70.2
73.9
75.5
72.2
71.3
79.6
76.2
96.5
69.6
72.7
99.5
*
79.3
83.3
78.6
69.3
99.2
71.1
98.9
73.2
72.7
77.4
75.2
72.4
72.5
76.9
108
*
67.4
76.7
109
71.1
71.0
66.4
109
77.3
78.0
69.8
79.5
68.2
71.0
71.9
106
83.2
90.6
112
69.1
69.5
101
73.7
68.2
73.8
103
117
104
76.0
72.3
*
69.3
67.6
*
136
*
120
106
93.5
103
80.6
75.7
71.9
55.1
58.9
67.4
68.4
86.6
53.8
62.3
85.6
62.4
55.6
78.3
55.4
65.7
71.8
62.0
57.1
59.1
70.1
69.5
59.6
58.9
58.1
53.7
64.2
56.1
60.3
55.9
58.7
*
66.5
58.0
69.4
*
55.6
62.9
50.7
93.6
64.8
*
57.8
61.1
60.3
58.1
57.4
55.3
73.4
54.6
50.8
64.6
51.9
61.9
56.6
65.2
60.8
53.8
68.1
63.9
55.9
