*
132
68.3
131
64.1
132
140
*
63.0
73.2
134
134
68.0
140
63.5
138
65.3
61.2
62.9
131
62.6
66.6
59.2
143
61.6
*
65.4
*
66.4
136
140
64.6
135
63.6
63.4
64.3
67.1
63.4
62.0
63.4
136
61.8
74.7
64.0
62.9
65.9
136
65.2
157
67.8
133
63.8
67.9
135
61.1
66.0
64.7
64.9
64.7
74.6
62.9
138
79.1
69.6
144
65.0
67.6
61.0
132
138
137
59.8
134
136
64.9
64.8
129
63.8
136
143
64.1
129
59.5
143
63.9
64.3
64.0
64.6
68.2
*
129
*
65.8
133
134
59.7
66.2
64.9
*
65.3
140
81.2
67.1
130
140
79.5
62.6
132
68.1
67.3
132
66.0
139
63.8
*
137
69.8
64.4
132
65.0
67.3
149
66.0
133
135
139
62.9
63.7
66.0
60.5
77.8
131
66.5
69.6
140
143
135
72.5
65.3
140
133
158
75.8
76.6
