0.903
44.9
0.809
52.0
0.802
52.1
0.889
51.9
0.818
44.8
0.808
90.4
0.755
58.2
0.781
52.5
0.741
44.1
0.745
48.7
0.757
50.8
0.749
60.0
0.763
50.6
0.747
46.8
0.789
54.2
0.887
45.7
0.778
77.6
0.766
46.8
0.774
85.4
0.770
49.6
0.715
44.3
0.706
55.0
0.828
45.2
0.883
45.9
0.797
56.1
0.763
48.4
0.750
48.1
0.761
51.5
0.718
79.9
0.834
55.9
0.810
139
1.03
141
0.802
143
1.02
*
0.785
79.1
0.778
142
0.717
52.4
0.893
153
0.783
53.6
0.816
88.8
0.783
254
0.801
232
0.732
52.7
0.749
53.9
0.737
231
0.731
239
0.713
228
0.794
228
0.800
233
0.832
54.3
0.860
*
0.730
*
0.790
78.1
0.785
59.1
0.788
53.8
0.780
85.8
0.824
205
0.857
55.0
0.842
63.9
0.808
80.6
0.863
*
0.720
*
0.751
95.4
0.728
80.4
0.813
49.2
0.844
63.9
0.836
*
0.772
77.4
0.803
*
0.896
57.8
0.812
48.7
0.789
60.4
0.787
50.5
0.813
46.8
0.948
78.3
