0.935
90.3
1.03
87.1
0.855
88.3
0.835
83.4
0.832
116
1.03
101
0.794
107
0.797
87.3
0.980
119
0.803
83.7
0.877
85.8
0.809
86.8
0.802
106
0.918
91.7
0.852
83.9
0.736
86.9
0.925
118
0.798
94.4
0.763
84.2
0.934
96.6
0.814
85.2
0.731
98.3
0.817
90.2
0.876
84.8
0.821
87.0
0.804
88.2
0.884
88.1
0.762
92.0
0.734
105
0.952
105
0.927
115
0.794
108
0.785
87.8
0.853
*
1.20
85.3
0.967
89.3
0.869
90.2
0.899
88.8
0.783
90.0
0.727
87.3
0.848
86.9
0.871
87.2
0.773
94.9
0.810
104
0.848
89.8
0.865
83.9
0.845
84.8
1.16
87.3
0.950
102
0.924
89.4
0.914
107
0.815
87.8
0.835
92.2
0.869
89.2
0.794
99.3
0.791
86.0
0.789
83.3
0.832
84.0
0.787
93.0
0.791
90.3
0.768
105
0.794
107
0.774
89.7
0.802
86.1
0.789
96.1
0.807
94.7
0.850
83.8
0.814
86.1
0.816
85.4
0.806
90.2
0.842
86.4
0.840
112
0.835
86.8
0.814
113
0.730
86.7
