210
72.4
67.7
70.9
67.0
77.5
69.9
76.2
68.3
70.2
74.8
68.8
70.6
68.2
68.6
73.7
67.1
68.5
82.2
77.3
68.2
75.9
72.5
67.7
81.3
71.7
93.6
*
69.9
71.2
69.4
70.3
70.3
80.1
66.0
84.1
66.8
64.2
72.5
76.8
66.1
77.3
83.2
66.9
70.0
76.7
75.9
120
70.3
96.2
82.0
66.2
75.2
70.5
67.5
82.0
71.8
67.7
74.5
70.1
67.7
67.0
75.8
65.4
74.8
70.9
68.8
69.0
72.8
68.7
68.6
69.3
72.2
71.5
69.7
69.4
76.7
72.4
72.1
78.4
69.1
69.7
70.2
73.4
76.6
77.2
69.8
67.7
69.8
85.0
68.2
73.4
64.7
68.7
78.7
72.5
64.3
76.5
73.4
71.0
93.1
66.4
72.7
74.4
75.2
72.3
72.1
79.4
67.2
69.8
73.1
67.2
72.9
66.2
*
73.4
90.2
68.1
*
*
74.1
64.1
68.4
82.3
73.8
73.3
69.0
69.9
68.9
72.5
70.4
69.5
88.5
69.6
65.0
73.0
80.4
72.8
66.6
72.6
69.8
72.9
117
72.7
