114
84.9
57.5
85.1
81.1
81.6
77.0
78.8
74.6
76.2
75.1
77.0
93.5
74.1
64.5
75.3
69.7
82.4
73.2
86.0
60.9
81.3
75.6
71.9
75.1
74.5
76.4
*
80.3
58.1
85.2
61.8
74.1
73.6
79.8
79.8
75.4
75.9
80.0
60.9
73.5
74.1
79.0
*
78.8
74.9
84.7
83.0
79.3
77.3
81.9
57.3
59.7
74.6
76.3
61.2
84.4
78.4
73.2
73.9
59.0
76.1
61.9
72.5
86.7
79.7
63.6
81.1
77.8
66.3
81.4
54.6
75.8
75.3
76.9
77.7
76.6
76.0
83.4
75.9
81.9
77.1
74.3
75.4
60.3
73.9
81.3
79.2
56.5
77.3
74.5
68.7
53.6
78.6
83.1
74.4
73.8
77.0
*
59.0
72.1
88.7
78.3
72.2
70.8
59.4
55.7
79.0
58.4
73.3
57.1
81.5
76.6
55.2
*
74.4
77.3
89.0
*
74.2
74.2
60.6
72.8
75.9
71.4
77.4
60.9
77.1
60.0
74.2
74.2
76.8
63.0
60.6
82.8
73.6
74.3
57.4
56.1
54.4
76.3
88.9
72.4
59.3
