0.880
51.2
0.803
78.2
0.824
82.7
0.881
89.0
0.811
50.6
0.846
86.9
0.916
56.9
0.824
45.9
0.771
48.3
0.792
53.6
0.777
61.3
0.812
48.1
0.811
93.0
0.821
54.5
0.844
50.3
0.830
87.1
0.904
76.3
0.807
74.2
0.826
71.0
0.846
54.9
0.834
56.4
0.735
54.6
0.860
54.5
0.867
63.6
0.774
82.9
0.765
49.9
0.804
57.9
0.749
48.8
0.839
45.1
0.808
59.2
0.781
69.7
0.825
49.5
0.873
65.7
0.897
*
0.778
62.9
0.827
78.3
0.811
48.3
0.847
65.8
0.834
44.1
0.799
48.0
0.817
80.5
0.952
54.4
0.972
53.0
0.747
57.8
0.743
46.9
0.743
53.2
0.850
47.6
0.743
50.1
0.847
78.7
0.873
50.4
0.822
62.9
0.757
74.4
0.860
76.3
0.785
55.2
0.896
59.7
0.960
49.9
0.868
51.0
0.861
52.2
0.868
59.4
0.887
85.3
0.797
69.2
0.726
110
0.818
54.8
0.866
56.0
0.855
49.8
0.827
85.6
0.793
80.1
0.757
77.5
0.842
53.4
0.841
54.5
0.826
49.3
0.699
45.6
0.845
46.6
0.818
55.6
0.761
69.4
