118
101
109
63.1
78.6
75.3
55.7
108
75.2
71.6
65.5
58.5
75.0
56.1
66.7
57.7
69.2
60.3
59.3
55.9
57.4
57.9
58.3
53.2
76.4
63.7
70.0
*
81.1
60.4
58.1
58.5
72.9
69.2
71.6
63.1
57.3
54.8
57.2
60.4
69.1
68.4
68.2
71.3
71.6
75.8
68.7
82.6
79.4
64.2
72.8
58.3
62.9
57.1
55.9
64.8
63.9
61.6
74.3
57.2
58.3
54.1
64.6
62.5
72.0
65.4
60.6
64.3
65.5
70.7
68.0
68.4
63.8
76.8
83.5
59.4
65.6
57.2
58.6
55.6
69.6
67.4
63.7
54.5
56.5
64.7
69.3
59.0
64.6
65.4
63.2
58.4
58.1
64.9
72.2
87.9
65.5
71.9
*
67.3
51.9
72.5
67.7
77.9
91.5
76.1
60.5
83.4
56.4
82.3
62.9
61.9
56.3
81.9
*
71.5
65.1
61.5
65.0
72.0
70.0
63.8
74.6
74.3
71.4
125
71.4
60.6
62.5
58.9
91.6
69.7
65.7
63.5
58.2
69.9
91.1
68.6
59.3
67.5
63.6
71.0
77.8
59.3
