67.2
103
90.9
81.2
80.4
101
88.1
90.6
85.7
80.9
87.1
79.4
83.8
74.9
75.7
78.1
77.2
77.7
73.0
84.1
79.2
73.7
84.8
79.9
74.8
74.2
77.7
*
77.9
72.6
73.6
84.1
87.6
78.4
82.6
80.5
76.7
86.9
74.1
93.3
71.7
78.3
77.1
103
89.0
100
95.3
78.1
92.7
84.5
97.9
80.4
84.8
76.1
76.6
115
81.8
76.5
71.9
89.6
75.3
*
79.1
78.3
91.3
72.0
83.6
81.8
86.5
78.9
130
75.3
74.3
86.0
113
94.5
93.2
76.3
98.3
77.2
72.3
98.9
82.6
77.3
74.9
77.9
78.6
78.4
83.6
113
74.7
88.7
75.2
89.9
92.9
76.1
91.5
81.1
*
77.6
76.4
81.3
85.8
89.0
98.4
93.1
93.7
73.7
74.2
76.2
93.5
75.9
75.3
88.2
*
80.0
74.2
81.0
75.1
83.3
79.8
75.5
74.8
93.0
89.0
90.3
76.9
77.6
80.9
74.9
80.3
91.0
93.4
95.9
73.7
102
77.8
85.0
78.8
88.6
77.0
92.8
82.9
85.6
