109
108
68.4
79.0
71.4
82.3
74.0
82.4
72.4
80.6
71.3
71.5
82.4
66.0
77.6
70.1
95.2
86.6
66.9
76.3
82.2
77.4
83.3
76.3
73.8
76.6
72.6
*
72.6
70.0
81.5
76.2
82.4
78.5
72.0
80.8
82.8
82.1
85.2
73.4
72.5
70.1
69.7
70.3
80.8
71.5
75.2
78.3
72.8
88.9
73.8
70.4
76.1
75.8
78.3
72.5
77.2
82.8
73.4
88.6
70.4
85.0
73.2
89.0
76.3
75.4
80.0
77.4
81.6
71.5
77.5
71.9
74.7
83.0
73.1
80.2
76.5
79.3
72.8
76.7
69.1
83.8
79.6
82.1
92.0
80.8
75.9
77.8
72.8
81.6
86.4
83.7
73.3
77.4
78.3
73.8
79.5
75.8
76.9
69.1
66.9
78.0
83.9
65.5
73.5
83.8
81.0
72.0
76.1
69.9
75.6
96.1
66.9
79.3
*
69.7
77.7
78.3
*
77.0
76.1
106
69.8
79.0
80.1
77.4
75.5
82.5
79.5
77.0
77.5
76.9
66.5
72.4
77.1
80.5
77.8
74.6
71.0
74.2
70.8
76.1
86.6
78.7
