90.4
114
79.1
67.9
64.1
74.6
58.8
68.0
77.5
67.6
71.5
58.0
69.8
75.3
65.8
82.5
62.1
62.8
58.8
62.2
60.3
111
68.0
58.9
69.7
59.6
64.2
*
61.1
68.5
75.2
64.2
76.2
62.3
60.2
67.3
54.1
71.4
73.6
64.6
135
56.2
61.7
61.8
70.0
79.0
65.9
63.9
58.0
61.2
88.9
65.4
56.9
95.9
64.4
70.9
57.4
71.0
81.3
66.1
59.5
68.2
63.5
104
76.5
61.3
101
69.6
71.5
58.9
79.2
71.4
57.8
77.3
62.5
67.5
84.4
65.2
69.0
64.4
66.2
76.5
64.8
64.0
76.6
61.2
72.0
76.1
70.7
79.6
58.8
*
80.3
70.7
74.5
97.9
68.2
76.7
66.0
58.8
61.6
63.6
67.5
68.7
69.3
71.8
70.3
60.8
104
70.2
59.6
81.6
57.9
95.8
*
63.4
54.1
67.6
115
59.8
74.0
66.4
74.8
69.3
62.6
65.3
61.6
57.8
65.3
57.8
83.0
63.0
66.2
58.5
61.2
58.9
60.8
61.0
59.0
93.6
59.4
68.8
68.2
63.5
