0.920
59.3
0.827
49.6
0.869
57.1
0.813
48.9
0.812
45.7
0.892
51.3
0.782
50.0
0.768
80.2
0.769
61.7
1.05
*
0.808
82.3
0.814
50.2
0.824
95.4
0.898
81.6
0.800
85.4
0.807
47.7
0.795
63.9
0.842
53.0
0.821
61.3
0.815
78.1
0.779
80.4
0.750
61.2
0.848
58.0
0.788
57.1
0.762
89.5
0.676
48.9
0.781
54.5
0.716
80.7
0.781
57.1
0.804
48.7
0.784
50.1
0.787
45.0
0.776
52.3
0.824
78.3
0.902
64.4
0.829
143
0.757
66.4
0.806
55.8
0.977
43.3
0.708
*
0.768
88.0
0.887
74.8
0.706
50.6
0.778
46.5
0.754
46.7
0.733
79.3
0.765
54.0
0.756
49.8
0.833
48.1
0.778
47.8
0.817
83.7
0.799
43.0
0.749
45.8
0.809
47.3
0.798
55.7
0.788
59.3
0.811
56.6
0.812
49.7
0.831
70.6
0.833
76.9
0.815
53.0
0.761
53.4
0.773
60.7
0.839
63.7
0.769
54.3
0.808
136
0.801
48.1
0.673
64.0
0.769
48.5
0.804
50.3
0.768
59.0
0.725
67.2
0.775
50.1
0.802
67.7
0.724
47.0
