106
103
76.4
75.4
69.5
125
69.3
123
73.5
65.2
79.5
61.6
71.9
118
63.3
124
118
132
73.8
72.1
60.0
67.6
75.0
75.4
65.7
117
65.8
*
69.5
65.8
63.9
120
124
64.1
*
68.0
113
67.9
68.9
74.4
117
68.7
68.9
*
63.0
122
125
68.8
69.3
72.6
119
72.5
68.3
73.5
70.1
118
61.4
65.7
67.7
67.8
63.2
122
70.0
208
160
66.4
*
128
158
162
136
121
139
136
83.8
91.6
83.6
89.3
136
124
88.5
122
70.4
122
83.4
82.2
78.6
72.8
78.6
137
122
124
70.8
124
130
69.1
96.2
78.7
127
116
124
71.2
75.1
125
72.6
75.4
75.5
149
87.9
79.8
93.9
70.2
128
72.6
*
69.8
70.1
76.7
124
83.8
71.3
105
112
126
127
74.9
74.7
72.8
74.8
76.0
83.8
122
85.0
91.6
183
71.3
79.5
70.7
66.8
122
78.3
78.7
73.7
76.5
