98.3
105
57.1
62.0
52.7
68.4
59.9
49.1
53.5
53.9
53.3
105
55.8
59.0
47.9
53.7
82.2
55.2
62.0
54.6
50.8
56.0
82.9
96.9
71.0
64.0
57.5
66.6
56.4
51.3
50.3
59.2
66.7
82.9
80.5
53.5
51.5
63.8
62.0
80.7
103
58.2
58.8
55.8
56.2
71.0
69.7
51.1
58.3
77.5
82.8
53.2
51.5
51.7
67.0
54.4
53.5
63.3
73.8
53.7
90.0
53.8
52.6
85.7
69.3
55.7
53.7
50.4
66.1
54.2
64.2
82.0
53.4
60.6
50.4
58.6
67.8
54.0
66.4
58.7
66.0
53.2
54.3
53.1
71.9
62.3
51.1
51.4
77.3
55.3
68.2
60.0
51.5
78.2
57.5
66.9
66.2
55.2
*
70.2
60.1
52.7
59.9
48.9
68.3
55.0
54.4
52.1
51.2
50.3
60.2
65.2
55.6
66.1
*
56.5
52.2
80.4
69.4
65.5
57.9
69.5
52.8
71.2
51.0
56.4
57.9
57.1
50.8
51.3
63.6
71.7
55.4
51.6
52.8
50.6
63.4
81.3
59.1
68.3
86.6
63.6
73.2
113
