117
153
71.5
122
67.9
120
111
61.7
64.9
61.7
121
126
62.7
124
66.8
116
66.6
67.8
67.9
139
67.6
122
117
119
61.0
61.3
67.4
*
75.2
61.9
117
62.5
118
114
69.4
121
84.2
66.7
133
80.3
123
56.7
62.2
62.9
116
59.8
118
59.9
113
64.2
119
63.2
61.6
112
67.1
76.2
115
61.6
61.0
86.9
118
68.6
123
61.1
113
130
66.0
64.7
62.4
131
78.7
115
121
69.4
61.5
59.4
116
59.7
64.3
120
62.2
73.9
69.5
117
69.5
60.8
66.5
63.2
70.2
65.9
87.3
*
57.0
117
118
63.8
121
64.7
66.8
61.3
119
126
57.1
64.5
66.7
64.5
69.5
122
80.3
61.6
69.8
61.2
118
63.0
*
71.4
59.3
67.7
*
62.6
60.0
65.1
122
70.3
120
65.6
126
115
68.5
124
67.3
70.0
62.7
63.7
118
71.3
64.4
63.0
121
74.3
66.2
120
113
59.8
