64.8
180
59.4
95.7
89.7
95.2
96.3
54.2
59.2
80.7
95.6
98.8
58.5
91.8
98.2
94.5
54.4
65.9
103
88.1
92.2
109
70.5
55.0
92.4
93.9
57.8
*
69.9
64.5
94.4
65.0
89.4
59.4
67.3
59.4
61.1
61.8
60.8
54.2
93.2
85.5
58.8
53.9
59.8
86.3
92.4
63.6
91.7
70.7
93.5
55.8
67.9
93.2
59.6
68.3
90.7
124
68.9
92.4
98.9
63.0
94.7
55.1
100
78.6
65.8
60.2
91.4
63.5
99.8
97.1
93.7
97.8
58.0
60.4
94.1
63.0
94.8
96.4
60.8
92.8
56.9
89.3
56.8
93.8
61.0
58.6
57.1
88.2
95.4
98.7
91.3
96.9
99.0
63.6
93.5
55.3
90.6
66.0
94.5
60.4
54.4
95.3
91.9
72.7
54.6
92.4
68.2
59.7
57.2
58.1
96.1
58.4
*
57.4
56.9
58.6
92.3
*
58.4
66.6
94.4
94.8
58.3
95.4
66.5
70.0
74.3
58.0
62.8
94.3
68.5
81.4
88.3
62.9
74.6
61.7
93.2
96.4
60.9
95.8
96.6
60.7
