91.2
115
74.0
91.3
60.3
61.8
91.5
88.3
71.4
94.6
91.4
91.8
69.5
74.4
77.0
68.2
67.3
69.9
88.2
96.5
67.2
97.7
88.9
89.7
63.7
96.6
60.5
*
95.5
105
96.6
89.3
88.2
90.2
68.0
90.0
74.8
88.7
95.8
92.3
73.9
61.0
75.0
97.6
64.0
90.1
67.6
64.7
69.9
92.0
92.4
91.9
89.6
84.7
66.7
93.4
66.1
64.1
61.1
73.8
72.2
89.7
97.2
63.1
63.3
86.9
89.0
67.9
94.2
89.4
87.4
62.7
68.0
86.3
67.6
91.8
90.6
74.6
86.6
70.4
78.1
67.3
64.4
100
60.9
66.2
74.6
77.2
93.2
91.7
89.5
93.0
71.8
90.3
89.2
69.1
89.7
63.8
90.3
86.0
71.1
94.9
67.5
65.4
93.0
90.0
93.7
62.6
95.0
63.0
94.8
65.6
72.5
89.9
*
100
73.6
75.3
91.9
91.9
66.6
92.3
96.5
89.1
91.4
66.8
66.2
90.4
92.3
89.7
63.3
96.5
60.8
93.5
61.0
103
84.5
93.2
73.8
86.7
66.5
94.3
87.2
90.5
