138
113
61.3
57.5
77.9
*
59.1
71.4
84.4
70.6
74.8
73.1
54.6
56.9
73.3
58.2
74.5
75.7
57.1
54.2
58.8
57.1
58.0
56.4
65.6
53.5
61.9
52.8
56.3
63.7
62.9
75.4
53.6
75.7
52.3
60.9
74.7
59.3
65.4
72.0
84.9
70.3
54.4
57.5
76.9
64.9
65.2
53.7
74.0
65.4
60.6
74.5
55.9
53.1
63.8
65.0
81.3
58.3
58.5
59.1
59.8
64.4
59.6
66.5
76.6
57.3
59.0
70.5
76.7
58.4
79.7
54.0
54.6
87.3
71.0
76.6
70.7
55.9
89.8
54.2
58.7
68.8
52.0
49.2
63.1
83.1
49.4
59.7
57.6
60.7
58.8
52.7
77.7
50.6
68.3
75.0
52.8
57.7
56.3
54.8
80.1
57.3
