103
153
95.8
73.8
57.3
54.7
60.7
105
93.9
71.7
57.6
65.1
91.1
63.3
60.4
75.6
53.8
87.3
54.7
74.8
56.8
58.7
68.6
57.2
55.3
116
92.3
*
58.9
63.3
57.9
59.2
57.3
61.5
85.0
64.1
66.5
60.8
64.7
55.9
63.8
54.1
87.0
67.4
93.0
73.9
64.5
54.3
59.6
72.6
59.4
59.2
64.0
61.7
54.9
55.8
66.0
59.7
60.3
58.1
57.5
66.3
55.5
107
54.7
53.3
71.5
52.2
65.9
97.3
56.7
66.3
59.9
103
98.8
60.8
96.7
63.1
66.2
59.3
65.0
66.7
65.1
57.4
54.2
106
58.0
55.8
59.3
116
59.4
128
65.0
64.1
97.7
57.8
98.9
61.1
102
55.7
65.7
94.8
78.9
58.7
58.8
58.1
63.6
56.8
54.6
92.4
65.2
66.1
56.0
62.4
*
81.7
81.0
59.9
*
115
59.9
56.7
55.4
65.7
63.6
65.5
98.6
58.9
71.9
97.1
65.8
61.1
58.5
59.7
57.9
53.5
54.8
55.9
105
58.9
64.0
98.6
67.1
61.7
