144
80.8
77.2
75.8
62.7
85.3
69.8
74.2
77.6
71.3
78.5
72.9
66.4
74.8
63.3
64.4
69.1
76.0
53.8
78.9
56.0
57.2
94.9
83.8
61.4
83.4
72.0
*
57.5
61.1
81.5
58.3
78.5
84.0
81.0
71.9
74.6
55.5
85.7
75.6
51.2
82.2
77.0
78.0
58.4
76.5
88.9
80.4
78.4
58.9
74.6
74.8
61.5
59.7
60.0
63.6
55.9
59.4
77.8
53.7
56.0
74.1
56.1
74.0
79.8
73.9
54.0
75.1
79.3
55.5
81.9
56.9
61.0
75.7
53.8
59.4
69.9
53.9
73.1
60.2
52.9
75.0
61.3
71.0
71.7
81.6
69.8
68.9
66.1
67.2
72.5
76.0
56.7
73.4
77.6
101
75.4
71.2
73.5
57.0
58.0
68.9
55.4
88.8
90.9
71.8
90.1
67.4
105
106
55.9
57.8
63.7
83.9
*
104
63.6
51.2
89.6
101
90.9
101
54.2
84.4
58.8
84.3
54.9
100
53.9
94.5
57.6
85.1
96.3
77.9
55.1
118
121
103
85.8
92.6
95.6
94.8
71.6
58.1
