0.809
73.7
0.803
70.8
0.760
75.6
0.822
41.9
0.745
54.2
0.864
58.6
0.799
72.4
0.751
75.4
0.751
66.9
0.844
52.3
0.769
51.5
0.760
63.2
0.782
58.7
0.798
61.7
0.750
54.1
0.765
55.5
0.826
*
0.815
59.7
0.787
48.7
0.770
82.8
0.728
58.8
0.777
64.6
0.798
55.0
0.736
51.8
0.765
63.0
0.690
61.5
0.745
56.9
0.721
60.0
0.783
60.7
0.795
55.1
0.777
52.5
0.717
109
0.729
104
0.951
75.3
0.783
83.8
0.807
71.8
0.709
68.6
0.762
58.4
0.824
82.1
0.763
*
0.928
53.2
0.773
76.1
0.699
78.1
0.680
46.5
0.681
54.7
0.743
60.6
0.860
57.9
0.741
52.5
0.747
51.0
0.753
46.2
0.784
48.3
0.691
55.3
0.747
55.5
0.953
79.1
0.712
59.4
0.792
62.0
0.825
75.9
0.770
50.1
0.762
66.0
0.794
72.9
0.812
45.6
0.788
54.0
0.792
61.6
0.752
70.9
0.744
76.3
0.786
83.9
0.880
74.3
0.778
52.1
0.764
73.3
0.728
59.7
0.799
55.9
0.846
64.4
0.805
51.9
0.765
57.9
0.715
55.4
