70.3
56.6
56.1
60.6
65.5
78.5
63.7
*
67.6
64.6
70.2
60.2
63.3
69.3
65.7
67.3
59.2
66.4
59.2
67.5
55.1
*
58.5
63.7
64.3
60.4
66.5
67.1
61.5
61.6
58.2
66.9
66.0
58.7
66.0
61.3
65.0
61.1
58.9
58.1
61.5
60.9
72.0
61.8
63.2
59.1
66.4
59.0
61.5
57.5
67.5
60.3
74.6
63.9
73.9
79.6
61.9
64.8
63.9
67.5
64.1
*
58.6
67.9
67.7
63.2
54.2
58.8
62.2
70.7
66.1
75.9
61.8
60.3
64.4
69.2
66.8
57.1
65.6
59.3
64.0
59.7
63.9
64.9
58.6
62.0
59.6
56.1
68.7
*
84.7
56.5
71.4
63.8
61.7
64.9
64.2
60.8
*
62.1
58.6
60.3
61.3
69.6
70.3
57.4
57.4
57.3
59.7
64.0
63.1
69.3
58.9
60.1
*
59.8
59.0
67.8
70.8
62.1
63.8
64.5
57.2
69.7
57.0
78.1
67.5
63.1
60.8
60.2
64.5
69.1
72.8
61.3
56.2
98.5
61.4
58.0
80.1
64.7
58.4
64.4
72.3
56.3
