0.908
67.1
0.813
81.7
0.822
66.5
0.883
66.0
0.828
67.0
0.861
71.3
0.838
65.1
0.788
71.1
0.810
65.1
0.937
76.6
0.797
75.8
0.865
68.0
0.746
82.8
0.996
72.0
0.803
69.9
0.964
62.2
0.861
84.4
0.761
71.2
0.800
67.9
0.784
65.4
0.792
69.3
0.724
61.7
0.809
67.9
0.761
65.3
0.733
78.2
0.748
75.4
0.691
72.2
0.765
70.7
0.790
76.7
0.922
66.6
0.774
*
0.826
71.6
0.823
63.4
0.860
62.1
0.756
69.4
0.850
66.3
0.787
71.8
0.775
67.6
0.844
71.8
0.755
*
0.768
69.6
0.827
67.6
0.788
67.0
0.709
66.7
0.789
70.5
0.716
76.0
0.802
86.1
0.755
65.9
0.916
73.7
0.776
63.7
0.843
61.9
0.768
64.4
0.794
66.2
0.767
67.8
0.825
68.0
0.704
67.7
0.907
69.1
0.807
71.4
0.845
86.1
0.766
81.9
0.813
65.7
0.730
65.5
0.749
61.7
0.742
65.5
0.784
63.1
0.871
68.5
0.719
67.3
0.682
68.9
0.800
80.3
0.756
65.8
0.812
69.2
0.751
68.1
0.745
66.4
0.807
78.8
0.779
74.0
