0.923
61.9
0.816
78.5
0.794
53.5
0.776
84.6
0.979
53.0
0.862
80.1
0.833
55.9
0.785
77.7
0.756
54.9
0.928
63.4
0.806
59.9
0.836
66.3
0.726
59.3
0.801
64.8
0.837
56.6
0.803
82.2
0.769
81.1
0.792
55.7
0.849
88.0
0.762
83.2
0.741
52.2
0.692
80.0
0.765
63.9
0.712
71.6
0.722
86.4
0.666
61.2
0.768
61.3
0.678
62.7
0.741
55.3
0.798
56.6
0.831
56.7
0.811
52.9
0.930
87.4
0.822
83.2
0.833
78.8
0.793
54.6
0.797
57.8
0.808
58.4
0.862
54.9
0.811
*
0.812
57.3
0.846
53.5
0.905
82.9
0.833
97.3
0.755
82.5
0.808
60.3
0.765
55.9
0.930
68.0
0.717
*
0.782
80.1
0.820
59.4
0.772
59.6
0.790
81.2
0.720
88.8
0.790
54.9
0.721
78.0
0.789
76.7
0.727
75.0
0.807
52.7
0.741
78.6
0.950
54.9
0.752
61.4
0.934
59.7
0.791
57.5
0.775
73.1
0.851
55.2
0.853
78.7
0.764
55.3
0.774
79.3
0.856
60.1
0.884
55.8
0.782
50.7
0.966
89.4
0.788
86.5
0.784
64.3
