115
126
101
101
112
125
103
114
91.8
101
98.9
93.8
94.4
99.1
112
97.9
117
103
102
94.5
104
97.7
104
92.6
90.3
99.0
102
*
101
95.9
109
100
125
100.0
95.6
94.8
109
98.6
96.6
104
128
91.0
100
*
113
116
123
108
115
137
139
138
127
142
100
102
101
98.2
93.9
100
94.9
100
106
91.4
123
101
103
99.0
125
94.7
123
105
126
134
97.6
104
126
149
157
138
135
116
113
111
123
105
104
103
106
*
124
88.8
98.0
99.7
95.8
95.4
95.7
93.3
*
92.8
97.0
94.6
95.2
95.8
95.2
95.7
80.5
90.6
84.8
86.7
85.8
84.1
93.3
111
*
92.3
91.5
88.1
*
90.2
99.7
88.7
99.9
95.8
*
91.4
95.3
98.8
103
99.8
97.8
91.0
94.6
106
92.4
90.6
102
85.2
101
89.1
93.9
86.4
108
90.2
