141
157
92.2
141
107
147
139
144
101
108
143
136
140
94.3
99.4
89.5
132
141
143
145
143
146
100.0
137
97.5
90.8
116
*
146
100
146
144
143
108
96.1
106
130
101
99.7
142
102
100
101
139
96.8
147
142
95.2
142
96.0
111
99.8
93.3
88.2
150
93.2
160
139
93.2
137
140
139
93.0
121
141
103
107
95.9
145
98.5
138
143
92.5
148
142
93.2
145
95.0
122
92.4
140
142
145
138
132
91.6
96.5
102
97.4
140
149
137
91.9
106
148
93.7
143
91.0
98.8
93.5
89.9
96.2
144
140
125
108
138
99.8
91.4
137
99.1
135
96.9
141
*
94.6
148
142
143
91.6
101
121
96.8
142
92.7
142
95.4
102
142
110
138
139
108
141
94.7
140
90.8
98.3
137
142
101
139
117
99.0
