84.8
170
75.3
276
276
74.6
290
276
68.6
72.5
77.2
301
288
281
277
278
280
276
71.4
283
284
284
281
294
282
80.8
75.7
*
273
78.8
289
280
73.9
283
75.0
328
273
310
282
67.6
272
69.9
71.6
*
278
276
76.9
73.4
277
68.7
73.6
88.8
75.6
290
74.3
279
278
73.7
76.9
71.9
283
74.8
283
273
73.1
282
276
67.5
76.2
278
71.7
280
273
73.5
278
292
86.7
283
288
295
280
71.8
282
72.6
294
69.0
277
279
68.5
287
74.5
72.3
276
71.9
71.2
72.0
73.6
74.4
70.8
73.7
276
273
277
75.7
314
277
74.0
281
75.3
74.5
279
71.9
280
76.7
*
274
281
71.6
*
72.8
75.6
274
275
72.1
*
71.9
284
281
285
278
73.4
67.7
73.5
77.8
289
74.9
281
75.2
278
72.2
281
75.4
295
70.3
