115
125
122
105
122
129
107
131
126
115
110
110
110
130
123
127
108
109
113
108
128
128
111
113
125
111
126
*
131
125
124
127
125
118
125
114
114
134
112
131
119
114
127
136
121
126
128
117
109
124
131
141
111
126
128
123
125
131
126
126
121
116
110
123
126
114
136
110
127
125
122
128
125
124
113
125
125
120
126
118
110
122
120
123
118
112
112
110
112
*
129
108
113
131
126
126
125
119
115
162
125
135
110
121
124
123
124
123
125
126
120
123
126
128
*
124
111
119
119
115
127
109
111
119
128
126
128
112
122
110
130
123
123
124
132
114
118
130
121
122
122
126
115
112
