84.2
134
80.5
82.3
82.2
67.2
88.2
77.5
83.0
81.9
73.9
84.8
85.3
76.4
72.6
74.9
90.5
80.0
87.3
82.5
74.7
85.0
85.9
82.4
77.9
84.7
*
85.4
78.0
71.7
86.4
74.9
67.6
82.9
81.1
89.7
80.7
67.7
95.3
75.1
86.6
79.5
89.4
70.8
74.1
84.7
75.7
82.3
85.6
75.8
85.2
83.5
76.3
82.4
70.5
74.2
81.9
69.9
82.9
80.6
79.1
98.0
81.4
83.4
72.3
83.0
73.9
86.0
76.6
77.9
69.6
85.1
73.5
86.4
85.3
106
73.3
72.2
80.5
71.7
84.0
70.8
70.9
73.3
82.3
87.0
74.6
68.8
73.3
88.2
70.9
85.0
107
87.6
84.1
82.2
90.7
82.1
71.5
73.0
74.1
74.7
83.8
81.3
77.4
75.6
72.0
69.9
77.3
89.0
66.5
71.3
73.0
83.5
*
83.8
84.4
73.6
73.8
70.2
77.6
79.0
91.8
89.3
79.4
78.3
74.7
86.7
80.1
83.7
75.9
84.8
89.1
80.1
73.1
84.4
90.5
74.5
86.2
83.0
86.3
70.1
80.9
84.6
