58.1
53.1
76.9
49.3
48.9
49.0
57.4
71.8
48.5
51.3
66.6
47.6
48.1
51.7
48.7
54.8
73.0
76.3
47.4
51.3
49.6
48.9
48.4
49.2
47.0
58.0
50.7
52.0
74.1
57.5
73.0
48.3
50.3
53.0
49.8
69.0
49.5
44.8
48.1
49.9
54.6
51.4
45.8
65.3
71.2
80.5
54.0
51.0
83.3
52.0
46.9
46.4
49.3
61.8
53.2
53.8
51.6
46.3
53.4
85.3
48.8
74.9
79.1
50.4
48.2
51.8
44.1
55.1
52.6
59.3
57.1
50.9
51.6
58.7
52.4
51.1
46.3
54.9
48.1
50.2
92.0
48.0
46.6
57.7
51.9
45.9
53.2
57.8
49.6
68.9
45.2
53.6
44.8
58.8
78.0
79.4
49.3
44.4
79.2
52.2
87.8
77.8
45.2
47.8
46.1
57.4
52.5
54.6
49.9
50.2
49.7
47.7
50.7
58.4
*
45.0
50.6
51.6
52.4
74.0
45.5
56.3
60.9
52.0
54.3
73.4
50.9
57.1
61.3
48.7
54.7
52.6
76.5
49.8
50.6
77.9
53.9
50.9
49.9
46.7
73.9
47.0
45.8
114
