0.920
71.8
0.756
70.0
0.834
62.5
0.882
74.6
0.816
62.6
0.817
61.2
0.778
71.6
0.798
61.2
0.745
63.8
0.772
66.2
0.759
64.6
0.876
69.6
0.741
61.4
0.819
62.8
0.900
90.0
0.755
60.0
0.797
69.1
0.774
67.4
0.817
72.1
0.809
62.3
0.813
65.9
0.813
75.6
0.814
66.7
0.835
68.5
0.722
66.8
0.707
66.6
0.817
70.3
0.792
69.9
0.790
73.4
0.799
73.0
0.796
*
0.798
71.0
0.774
70.1
0.803
93.4
0.715
69.4
0.803
66.6
0.780
73.0
0.808
67.3
0.813
64.9
0.779
*
0.764
70.9
0.807
79.4
0.708
65.3
0.743
69.9
0.737
74.3
0.789
64.9
0.737
68.7
0.756
79.5
0.775
71.3
1.01
67.6
0.741
66.0
0.769
66.5
0.802
85.2
0.745
68.8
0.785
67.6
0.736
68.8
0.793
64.8
0.768
61.1
0.836
70.5
0.750
63.4
0.802
65.6
0.800
64.1
0.783
62.4
0.808
83.5
0.737
59.9
0.762
70.5
0.770
87.9
0.713
64.5
0.819
*
0.840
71.3
0.772
65.1
0.718
70.6
0.756
66.9
0.823
67.3
0.748
83.5
