88.5
100
96.4
103
102
108
103
103
101
119
111
103
101
104
102
101
102
99.3
99.7
98.0
98.0
104
110
98.6
103
98.3
102
*
105
101
109
102
97.7
98.8
108
101
105
113
100
99.3
98.9
101
104
97.3
*
116
98.5
101
94.4
106
96.2
109
103
101
100
95.6
101
98.8
102
99.3
97.9
96.6
97.6
99.4
96.0
103
117
112
101
102
99.6
100
108
104
105
104
111
98.0
98.9
109
98.1
94.0
102
105
103
101
98.9
97.8
102
*
101
102
101
104
96.4
98.8
98.6
98.7
*
105
98.9
99.4
100
97.3
99.8
101
126
99.5
112
103
101
100
98.2
101
*
101
103
95.9
106
111
103
96.9
102
107
101
112
101
102
101
100
101
112
107
96.8
106
104
113
101
96.4
99.3
92.6
100
97.6
103
