75.7
77.9
103
84.5
109
103
104
*
75.1
103
107
95.7
113
101
110
175
149
153
138
129
*
126
106
110
106
105
114
*
120
99.7
99.3
104
105
79.2
107
91.2
89.6
81.6
79.9
105
102
102
104
120
107
96.9
107
78.6
110
103
104
103
94.4
116
111
104
104
110
102
108
108
*
77.7
88.2
103
86.5
105
103
75.8
101
90.6
109
98.8
77.7
79.4
103
117
83.9
101
104
79.0
100
101
88.7
75.9
80.6
95.7
85.7
81.4
108
100
107
87.4
107
104
105
104
81.0
102
105
101
97.8
82.8
103
103
103
111
104
105
102
101
103
107
99.8
*
117
83.2
106
90.9
103
92.3
109
86.3
83.1
98.5
96.7
103
78.9
101
84.0
102
78.5
108
113
107
102
89.6
100
106
*
81.5
102
90.6
80.3
