137
99.2
75.0
60.4
55.6
107
75.7
99.7
109
65.0
109
68.7
54.1
100
114
104
57.6
108
54.9
61.1
103
70.7
56.7
58.3
54.0
98.6
103
*
101
57.2
57.8
56.7
101
61.6
111
57.6
59.5
65.0
58.3
58.2
100.0
99.7
101
62.2
82.5
119
103
111
60.8
57.3
101
60.7
57.2
106
100.0
57.4
65.1
100
105
101
51.9
101
52.5
59.0
122
56.0
68.9
104
102
68.9
98.3
65.9
102
102
103
55.3
99.4
54.6
106
99.6
107
101
59.5
105
67.2
109
56.1
66.4
64.7
101
102
75.5
97.1
98.0
102
97.2
98.2
105
115
66.3
104
66.8
53.2
99.1
109
55.2
66.5
101
52.8
111
59.2
111
102
54.9
*
59.9
54.8
103
102
65.8
99.1
60.5
54.8
97.4
96.6
72.2
68.0
63.1
99.6
60.7
96.2
104
57.8
65.8
103
116
110
60.3
62.6
113
103
99.1
62.0
63.1
