120
84.4
75.7
87.5
87.8
81.5
86.0
83.7
96.8
101
79.5
98.4
85.6
86.0
77.4
86.1
80.2
83.0
98.7
90.6
86.3
73.0
75.0
89.8
85.8
90.5
88.8
*
87.9
83.1
87.7
78.9
75.6
77.8
85.2
77.9
83.3
83.1
79.4
96.9
89.7
84.9
85.4
73.9
80.3
77.8
83.2
95.0
93.2
77.4
80.0
93.1
79.0
107
77.4
82.6
82.7
80.2
85.4
77.9
76.4
83.3
82.8
86.2
72.7
77.2
83.1
88.5
84.8
86.0
86.0
76.9
92.5
79.6
86.1
73.1
84.0
87.9
85.2
85.8
89.4
86.1
76.1
82.6
82.7
85.8
97.6
87.6
77.3
86.5
76.1
80.0
78.7
77.9
80.2
86.4
86.8
88.5
87.8
83.9
81.4
92.0
85.0
85.7
82.0
75.1
72.0
87.9
78.2
82.1
76.8
75.3
83.9
80.2
*
90.8
88.8
81.2
83.2
80.9
85.7
81.5
81.7
83.2
91.1
79.3
86.4
76.3
74.3
77.6
78.0
79.1
81.8
82.2
87.3
83.0
84.9
81.2
74.1
94.1
80.3
92.5
82.7
80.7
