0.959
85.4
0.860
87.1
0.820
98.2
0.921
103
0.853
108
0.901
142
0.868
115
0.822
89.6
0.847
120
0.808
93.0
0.912
130
0.849
106
0.864
94.6
0.878
93.4
0.843
93.2
0.762
95.6
0.867
107
0.804
103
0.846
93.1
0.844
96.4
0.815
91.1
0.721
94.9
0.865
92.1
0.825
125
0.846
90.6
0.726
95.6
0.840
91.4
0.792
97.6
0.717
90.7
0.796
94.8
0.811
*
0.864
94.7
0.914
94.0
0.832
*
0.944
104
0.804
94.7
0.860
102
0.871
123
0.866
102
0.789
*
0.849
95.5
0.845
108
0.763
102
0.769
87.3
0.978
90.3
0.764
90.9
0.775
132
0.784
97.8
0.781
87.4
0.775
104
0.823
96.0
0.845
90.8
0.800
95.8
0.757
87.9
0.840
109
0.797
90.3
0.749
87.8
0.802
93.9
0.860
107
0.797
89.4
0.867
94.4
0.808
94.3
0.789
95.7
0.949
91.5
0.792
91.5
0.795
122
0.803
107
0.745
109
0.848
94.6
0.838
105
0.813
109
0.794
172
0.798
91.6
0.846
97.8
0.762
104
