160
139
135
148
140
145
142
138
139
144
134
142
146
141
140
141
135
140
138
139
139
145
140
146
134
136
142
*
139
141
139
139
137
140
145
141
139
135
143
144
142
146
*
147
137
147
136
138
149
137
150
141
143
139
145
141
145
157
146
141
134
135
138
142
152
151
138
136
134
141
*
138
141
142
143
146
140
141
136
138
141
144
143
*
138
140
146
144
140
142
144
145
140
148
141
143
142
137
136
140
139
148
135
144
138
138
140
141
137
143
138
134
141
142
*
140
139
142
146
141
138
136
142
*
138
157
136
142
140
143
138
143
139
*
148
140
140
139
145
141
140
*
144
143
