133
89.3
61.1
61.4
63.4
64.2
56.6
61.4
63.3
58.5
61.9
67.3
69.3
71.2
55.7
82.1
60.2
62.9
64.4
61.1
67.0
65.0
65.3
66.3
58.9
74.0
69.3
98.9
66.2
60.5
57.1
60.0
54.1
58.7
59.3
63.6
64.5
64.9
57.6
59.6
64.7
61.0
61.3
54.0
60.9
53.7
69.0
60.0
60.8
95.7
60.7
74.2
60.0
62.3
65.4
65.0
61.1
73.1
59.1
62.9
70.6
69.4
64.9
61.4
58.3
64.2
62.0
59.7
65.5
63.8
57.1
54.0
61.2
66.2
69.6
61.9
66.6
79.7
62.7
71.0
63.1
54.5
73.8
61.2
65.7
58.4
65.3
63.1
67.3
71.2
66.0
69.4
60.6
59.7
56.7
60.7
55.2
61.5
67.0
59.2
62.9
75.4
57.3
65.2
65.2
64.6
60.3
65.6
54.8
58.6
63.1
59.1
61.2
61.8
76.3
59.5
65.5
67.5
61.4
63.6
58.4
59.0
65.0
59.9
57.8
58.6
68.5
66.4
65.5
60.9
66.6
63.6
59.9
60.3
63.9
60.5
67.6
56.4
70.1
64.1
60.7
*
71.5
