178
156
106
107
113
121
110
108
109
108
121
110
108
107
109
107
105
109
119
111
110
106
107
108
111
105
119
*
114
107
111
105
115
126
106
116
105
106
105
105
110
112
108
106
100
120
121
108
109
119
115
112
103
108
107
109
108
109
108
105
107
107
111
107
112
116
108
114
117
108
106
104
102
111
107
104
117
107
115
107
109
135
104
116
109
117
106
102
105
108
128
113
109
124
122
107
123
115
*
105
108
106
104
112
118
105
105
103
106
107
106
107
102
108
*
108
104
107
110
120
131
105
108
114
111
110
114
111
118
106
110
129
109
105
109
108
116
109
109
124
120
112
104
101
