111
107
65.6
72.7
74.8
68.8
70.9
147
68.5
96.0
68.9
76.3
62.4
70.7
67.5
72.3
88.0
67.8
69.7
66.4
*
66.4
71.0
67.7
68.1
*
72.0
*
66.6
69.8
66.8
63.3
68.8
67.9
68.8
64.0
70.6
79.7
69.9
63.4
68.4
78.4
*
82.1
69.2
68.9
77.4
65.9
64.6
77.9
67.5
70.7
66.0
70.0
72.7
68.1
73.6
63.8
75.0
69.2
72.0
152
65.4
70.6
69.6
67.5
68.1
68.4
156
69.4
*
65.9
70.0
71.7
69.8
69.2
68.1
65.0
148
67.0
73.0
79.4
66.6
*
70.4
79.0
74.2
68.3
67.6
66.0
151
151
69.6
66.1
67.0
74.3
61.4
70.0
145
65.2
73.0
64.6
67.5
69.5
*
64.3
71.1
66.7
77.6
70.3
62.8
65.0
65.6
74.2
*
74.1
66.5
65.9
66.6
69.6
78.6
85.8
69.0
*
72.5
65.3
76.8
74.7
67.3
62.5
73.4
75.5
69.3
71.3
63.8
67.1
77.7
62.8
72.6
149
71.9
*
75.4
67.9
