94.0
92.6
96.5
67.0
90.6
75.2
*
87.0
75.3
88.1
78.9
101
93.7
72.8
86.9
67.8
83.0
87.3
88.0
66.8
87.5
76.7
87.6
97.0
92.6
89.3
74.8
85.3
85.4
74.4
87.9
91.0
76.7
76.2
69.1
72.2
89.1
88.4
80.5
92.1
81.2
87.8
73.5
86.0
90.1
96.5
109
91.1
86.1
74.4
87.3
85.2
70.9
83.5
84.0
71.5
80.9
88.7
91.7
89.9
73.0
88.3
82.3
69.7
69.7
78.9
82.8
89.3
96.3
66.0
92.0
78.2
71.9
70.9
93.0
127
68.5
81.7
72.3
70.4
92.6
72.0
85.9
96.9
84.7
86.1
89.7
90.0
77.1
108
86.5
67.3
89.2
69.1
68.4
92.3
82.0
89.8
91.1
71.7
68.2
94.3
85.5
69.7
82.6
79.7
95.9
70.1
88.0
70.1
69.6
89.4
70.0
97.3
*
67.9
92.4
89.2
88.2
91.5
65.7
85.3
92.9
82.1
69.7
89.1
78.9
73.9
86.4
76.1
83.4
85.3
89.9
88.0
69.4
86.4
84.2
86.0
70.3
76.5
89.5
70.6
103
114
