0.902
65.2
0.767
73.6
0.807
54.6
0.830
55.3
1.03
68.2
0.746
*
0.769
56.2
0.784
49.3
0.840
52.9
0.821
53.2
1.13
57.1
0.746
53.9
0.747
55.1
0.815
72.4
0.831
52.3
0.750
61.7
0.950
*
0.834
87.5
0.810
65.8
1.07
57.4
0.782
69.8
0.779
67.1
0.776
52.3
0.884
52.8
0.730
71.0
0.895
50.6
0.922
51.7
0.743
50.3
0.731
52.8
0.875
56.9
0.788
*
0.816
55.1
0.780
69.4
1.01
79.8
0.776
51.7
0.730
57.2
0.805
57.0
0.762
53.1
0.819
68.9
0.760
*
0.862
76.3
0.845
52.3
0.858
71.7
0.729
52.2
0.763
77.4
0.787
70.4
0.771
54.0
0.759
67.2
0.810
*
0.734
55.3
0.791
56.5
0.756
51.8
0.809
69.5
0.741
73.4
0.838
56.7
0.722
68.8
0.744
67.0
0.796
53.5
0.818
68.5
0.807
62.8
0.826
54.6
0.710
67.4
0.803
70.2
0.789
66.0
0.794
62.5
0.804
64.0
0.782
63.8
0.764
72.2
0.795
*
0.759
54.7
0.794
58.7
0.883
54.2
0.896
70.0
0.794
57.1
0.775
69.8
