0.921
44.3
0.797
61.6
0.802
76.3
0.855
45.1
0.793
48.9
0.773
65.2
0.765
46.2
0.666
43.8
0.766
43.0
0.745
87.6
0.846
61.0
0.739
49.3
0.788
52.1
0.744
42.4
0.801
50.1
0.837
55.9
0.740
63.0
0.800
58.1
0.798
70.1
0.750
43.3
0.749
47.2
0.943
44.3
0.734
78.6
0.908
52.2
0.695
48.2
0.766
*
0.702
48.2
0.758
50.1
0.827
71.2
0.788
73.4
0.803
44.3
0.794
65.4
0.796
45.9
0.786
*
0.876
56.4
0.805
56.8
0.873
51.1
0.785
68.5
0.793
42.0
0.876
*
0.871
48.7
0.885
72.8
0.771
60.4
0.789
45.1
0.937
45.2
0.784
45.7
0.796
69.4
0.731
82.0
0.759
44.8
0.780
67.0
0.777
45.6
0.710
50.1
0.846
70.5
0.783
45.6
0.847
45.1
0.762
86.4
0.874
71.8
0.844
44.4
0.790
73.5
0.889
52.8
0.882
45.0
0.801
47.9
0.831
50.7
0.795
55.1
0.782
74.5
0.797
48.2
0.776
41.5
0.686
80.3
0.830
50.6
0.780
67.5
1.15
55.0
0.713
42.1
0.807
67.8
0.808
68.4
0.731
46.4
