161
115
92.5
91.3
88.0
100
84.9
89.5
90.4
90.1
91.0
94.5
89.6
74.0
89.0
80.8
95.6
99.2
97.2
90.9
89.6
98.8
76.5
93.1
87.5
95.0
88.6
*
87.7
98.4
101
97.3
95.8
85.6
94.3
72.1
82.4
93.3
72.1
89.3
80.8
104
87.2
95.6
96.8
92.3
94.7
87.5
90.2
88.5
87.8
98.5
77.0
98.6
90.2
92.4
100
115
90.3
73.9
91.2
72.9
93.1
95.1
93.6
85.7
101
94.3
90.4
92.9
90.4
99.6
79.8
92.1
76.6
103
90.7
90.9
92.3
75.4
92.2
91.3
92.4
95.0
68.4
89.7
97.6
91.3
68.7
105
87.2
91.5
92.1
94.4
91.0
89.0
96.1
84.8
106
77.9
76.2
93.5
89.1
89.6
88.3
94.2
91.4
72.6
96.4
85.5
93.8
91.7
100
89.1
*
92.6
89.4
89.8
90.5
87.7
91.7
70.8
92.2
88.0
92.7
87.5
93.3
78.1
106
91.5
93.4
103
88.0
89.9
70.7
94.2
87.5
102
96.1
96.1
80.1
94.6
93.0
82.0
