49.4
98.4
83.8
62.0
*
87.3
72.7
*
91.9
*
66.7
63.2
65.5
66.4
75.9
*
*
*
70.7
58.0
63.9
66.5
86.1
68.6
70.4
64.7
70.3
68.0
*
75.0
69.6
71.1
64.1
64.9
77.2
60.9
69.7
96.7
66.9
63.8
67.7
63.6
57.5
65.2
*
77.8
86.8
71.0
64.4
71.5
63.4
77.6
77.2
80.5
69.3
69.0
65.7
63.0
95.4
67.3
67.6
87.4
62.7
67.6
89.3
65.4
64.3
65.3
58.4
60.5
59.4
72.0
61.6
86.9
67.0
76.4
64.3
67.8
72.2
64.4
58.7
67.6
68.2
67.0
74.5
76.7
64.7
82.2
132
*
64.5
98.6
85.2
65.4
70.9
71.1
90.3
63.8
*
69.4
75.5
66.2
69.1
65.9
63.8
93.1
83.6
59.8
73.5
60.6
61.5
58.7
63.8
65.0
*
64.6
88.0
67.2
77.0
*
67.3
60.8
74.7
72.3
63.8
*
62.5
58.7
74.1
59.7
68.6
62.1
67.3
71.3
65.7
*
82.1
72.0
*
79.5
72.7
77.2
67.5
70.2
