149
115
66.9
77.1
61.1
74.2
75.0
60.0
63.2
68.6
78.5
72.4
76.3
73.9
70.4
71.3
74.3
73.5
64.2
67.9
75.5
69.5
76.3
111
67.8
83.9
60.7
*
63.9
88.7
65.4
81.4
75.9
66.9
70.8
67.9
75.7
77.5
70.5
83.1
78.3
66.1
61.5
65.8
69.9
78.3
75.4
80.8
73.5
79.4
74.6
71.8
79.6
71.9
76.8
67.6
75.2
66.0
78.9
77.0
70.2
75.9
69.8
72.8
80.1
86.3
60.2
69.8
70.5
80.4
76.2
73.6
79.5
69.6
79.5
68.1
62.0
73.0
75.1
73.0
72.3
70.9
65.5
74.2
73.1
69.6
74.6
75.1
74.3
64.3
83.5
69.6
77.1
75.8
97.8
82.2
69.8
77.0
*
69.8
74.6
71.4
64.5
72.8
79.7
63.5
70.6
74.2
75.7
64.5
68.3
70.5
93.6
67.0
*
84.4
63.6
81.5
76.0
70.6
64.4
69.9
66.8
68.3
72.5
75.1
73.8
78.4
89.6
82.3
71.8
75.0
75.2
71.0
69.3
78.3
76.7
79.0
74.4
66.4
67.4
71.0
74.7
71.1
