0.950
155
1.01
150
0.840
53.5
0.872
148
0.869
54.9
0.868
150
0.806
54.0
0.761
148
0.794
53.0
0.799
59.0
1.05
56.7
0.725
152
0.811
149
0.848
152
0.860
52.5
0.745
145
0.810
147
0.818
151
0.805
58.6
0.861
142
0.791
56.8
0.823
61.8
0.863
61.1
1.04
156
0.739
164
0.791
55.0
0.923
159
0.764
57.7
0.765
159
0.872
59.3
0.916
56.3
0.864
64.1
0.832
145
1.02
*
0.823
60.0
0.948
172
0.803
148
0.808
61.2
0.772
141
1.15
154
0.844
150
0.868
58.8
0.790
156
0.852
148
0.762
156
0.808
146
0.876
57.2
0.775
146
0.778
161
1.06
185
0.920
55.7
0.740
159
0.817
150
0.821
145
0.790
152
0.969
147
0.836
144
0.752
158
0.902
157
0.849
154
1.08
57.3
0.976
148
0.845
147
0.867
146
0.839
149
0.805
146
0.841
168
0.854
146
0.849
154
0.791
58.4
0.873
151
0.876
65.5
0.777
53.0
0.903
147
0.801
145
