178
156
155
*
142
*
126
108
113
116
118
118
121
116
105
107
121
138
112
110
106
118
131
104
124
109
111
*
130
108
111
133
113
114
106
111
101
110
110
105
110
112
108
110
140
108
113
115
105
115
118
112
107
112
111
121
118
105
108
105
110
*
119
104
130
108
123
129
116
99.6
107
104
106
125
107
117
119
103
112
111
101
120
112
118
109
128
106
109
108
108
114
113
109
121
114
108
126
111
*
122
101
105
109
115
111
105
105
112
107
108
107
107
107
105
*
111
112
103
115
108
133
105
104
128
103
110
110
109
118
106
103
118
109
113
102
112
116
105
110
116
120
120
113
101
