93.9
85.3
71.0
85.0
67.6
67.6
77.5
63.4
65.5
66.1
67.8
64.4
78.6
73.8
62.1
64.3
60.8
77.5
70.4
73.1
64.2
69.9
66.0
69.1
66.1
63.4
72.4
*
67.0
68.3
77.3
73.7
68.4
59.9
81.0
65.6
59.1
62.5
69.1
67.6
68.5
69.1
67.3
75.7
63.2
89.8
70.3
63.2
70.4
68.3
67.7
66.6
64.5
58.9
79.4
67.9
64.6
76.8
66.6
67.5
78.0
73.7
68.0
64.5
73.1
69.6
67.8
66.4
70.4
59.8
85.8
63.7
70.0
62.2
64.1
69.4
67.9
62.0
61.5
63.5
67.7
66.8
59.0
65.7
64.8
64.7
68.5
64.0
72.1
65.9
66.9
62.2
59.1
67.1
70.9
58.6
62.8
63.2
72.1
72.4
69.1
87.6
62.9
61.4
67.2
72.1
72.5
62.9
61.7
86.7
80.2
71.5
58.8
67.8
*
61.7
65.8
63.2
78.7
72.8
65.4
75.8
68.5
77.0
66.0
86.2
75.1
68.0
59.3
63.3
70.6
77.9
71.3
68.3
64.9
81.9
64.7
60.0
89.7
63.9
71.5
65.2
66.1
65.0
