122
124
64.1
70.4
66.6
108
66.4
110
63.9
75.7
101
61.6
78.1
62.3
73.4
65.1
61.6
60.8
61.5
60.8
72.1
103
102
74.4
71.6
114
61.0
*
61.9
105
60.5
61.8
104
103
64.3
104
71.2
61.0
102
105
63.9
67.4
59.9
101
62.6
67.8
104
64.1
62.2
110
105
61.1
104
62.7
105
61.7
64.0
108
67.8
63.4
67.8
*
67.6
60.8
111
119
64.9
65.4
102
109
108
89.1
62.9
101
62.8
67.5
107
62.2
98.0
61.1
73.3
110
68.5
107
63.9
68.2
57.5
63.3
106
103
101
103
57.8
111
103
57.2
106
61.8
*
104
63.1
102
62.1
106
102
61.2
109
59.8
68.6
61.1
69.3
104
68.0
104
*
113
64.9
99.1
107
58.7
67.1
109
75.6
102
98.5
74.7
64.3
105
60.3
103
112
102
68.0
102
70.5
105
62.3
63.3
73.8
99.3
62.3
107
64.2
75.1
