124
117
63.6
92.5
74.8
78.9
82.3
82.7
80.3
67.4
87.3
89.6
92.6
64.9
64.0
71.4
76.6
68.7
66.4
81.3
67.3
85.3
70.1
62.9
63.8
83.7
98.9
*
63.2
67.8
71.2
66.0
90.2
72.4
83.2
67.5
83.4
69.3
80.7
64.2
68.3
85.9
89.1
64.6
73.5
71.5
92.8
98.8
70.3
70.7
84.6
65.7
66.4
78.7
69.9
67.8
84.5
87.3
92.0
77.3
99.8
66.1
77.0
77.5
87.3
82.7
66.9
83.7
88.7
67.8
87.1
70.4
68.3
86.1
66.2
70.1
82.3
64.3
82.2
69.8
86.0
101
62.2
82.3
73.8
79.7
68.1
71.4
80.2
66.9
87.6
84.2
73.6
86.6
78.0
86.7
88.6
93.0
65.6
69.6
65.0
63.8
90.0
81.9
81.5
67.6
66.7
65.8
65.1
87.9
65.3
146
71.8
65.0
*
82.3
88.0
67.8
*
59.5
81.2
64.4
73.2
85.5
67.7
108
66.2
72.8
67.4
65.3
68.4
66.6
64.0
67.6
65.2
66.5
85.2
68.9
83.5
74.9
89.2
88.0
70.4
68.8
