128
157
77.8
83.0
66.7
78.2
78.8
75.5
70.0
60.6
85.4
79.6
69.6
77.4
73.2
73.2
57.2
63.8
78.4
75.4
80.2
72.7
59.0
59.7
73.4
75.7
71.9
*
80.3
88.0
82.5
71.0
87.7
57.8
72.0
68.3
67.1
136
63.2
141
135
97.4
91.2
*
134
67.4
105
89.5
141
149
95.4
134
136
130
132
98.9
98.9
128
104
133
99.8
62.9
58.5
62.3
121
59.1
94.1
94.0
137
133
129
94.2
132
130
110
134
109
131
128
109
111
103
104
92.4
82.7
91.8
87.4
82.2
106
109
87.1
99.5
82.4
77.6
101
84.7
87.3
83.6
102
84.3
87.5
104
83.9
88.8
88.3
92.6
108
86.9
89.3
85.5
88.7
86.9
86.4
99.7
*
88.9
87.1
85.4
*
97.8
89.4
83.1
98.8
88.4
*
100
91.4
98.9
83.0
96.2
99.7
85.3
87.5
98.4
82.0
90.1
85.1
86.5
86.4
91.0
89.6
87.1
105
90.6
