203
142
67.2
66.8
82.6
86.6
70.1
80.9
77.2
61.6
82.2
65.9
79.5
75.4
67.9
70.9
67.7
79.8
80.5
62.1
72.5
65.4
65.6
77.0
78.5
77.9
77.2
*
67.0
75.4
69.7
67.3
83.4
64.3
83.2
65.0
71.3
66.6
67.1
68.8
67.4
68.2
77.3
68.8
73.8
82.7
77.3
100
67.1
64.8
86.2
68.5
73.6
75.2
65.9
71.2
64.9
74.4
63.7
69.3
68.7
73.3
76.7
71.4
81.0
64.7
66.7
80.0
79.3
78.6
80.5
80.9
66.1
66.8
77.5
72.2
71.1
68.3
78.0
64.6
82.5
65.5
64.2
64.1
69.8
77.5
78.5
65.7
65.0
65.9
70.6
66.6
70.3
78.3
75.5
69.3
82.9
81.9
*
65.7
75.0
88.6
82.4
63.4
87.7
64.2
72.3
72.3
67.4
75.7
67.2
71.0
69.9
66.8
*
78.0
80.1
74.3
78.5
75.4
65.4
70.3
65.3
78.6
71.4
63.3
80.7
71.7
91.4
69.7
67.4
81.1
68.7
71.4
65.6
82.1
81.8
62.3
72.1
78.0
78.5
65.5
68.0
66.6
