102
128
65.7
257
67.2
77.1
243
250
243
250
62.7
254
65.3
62.9
68.8
61.6
65.0
61.2
65.8
251
68.7
254
246
260
74.8
71.3
249
*
72.1
68.4
60.5
61.0
68.8
247
250
243
245
254
254
241
73.6
61.3
246
250
62.8
60.0
67.6
240
66.4
67.1
67.7
249
64.7
243
65.4
62.6
64.2
66.3
250
62.2
65.4
75.5
251
244
70.3
245
69.9
246
66.1
246
62.2
59.8
67.1
67.8
64.4
65.3
61.7
249
69.9
69.0
62.9
63.5
247
238
255
249
245
244
66.2
68.3
241
252
62.1
66.3
68.4
243
241
246
70.6
64.8
73.5
252
63.7
69.7
67.6
63.5
253
63.0
250
238
64.3
66.7
72.1
248
*
240
64.2
71.6
58.8
245
241
239
247
68.2
79.5
59.6
250
244
64.3
249
68.3
67.7
72.3
241
62.6
63.1
64.9
258
64.4
64.1
63.8
70.8
241
67.9
