141
135
83.4
86.4
79.1
82.1
*
78.1
77.4
95.3
78.4
87.2
77.2
80.4
91.2
72.2
82.0
82.3
74.0
79.6
85.8
79.5
88.1
75.6
76.1
81.6
79.7
*
86.9
86.8
84.6
84.1
86.2
84.0
76.6
86.1
80.1
86.2
79.8
80.4
79.9
76.4
79.6
77.7
88.7
75.1
78.0
81.2
83.1
81.3
80.4
81.6
81.2
81.0
80.6
89.9
81.0
86.8
78.3
79.2
90.1
77.5
82.0
80.0
87.2
82.2
86.4
83.6
84.0
84.9
94.7
81.8
75.0
89.5
83.7
80.5
87.7
81.6
75.3
77.3
73.8
76.2
89.3
91.6
76.2
80.8
79.7
83.2
80.8
107
81.5
80.0
84.9
78.7
72.6
76.0
82.0
75.8
79.7
94.9
80.9
80.6
74.7
82.3
83.8
81.6
82.4
80.2
84.1
79.9
81.8
76.1
79.2
84.8
*
82.1
78.7
82.0
83.6
88.1
82.2
87.6
75.6
76.0
80.6
79.6
80.1
91.3
81.5
88.9
76.0
75.1
77.0
80.8
78.3
76.1
74.1
83.6
83.0
82.1
81.8
87.7
76.4
78.4
