0.903
56.9
0.838
57.3
0.837
48.2
0.996
53.5
0.721
54.5
0.809
51.9
0.766
48.1
0.771
65.2
0.765
56.6
0.890
50.2
0.802
59.1
0.732
48.2
0.836
53.7
0.823
53.7
0.862
55.9
0.808
54.4
0.807
53.6
0.824
55.5
0.788
51.4
0.750
57.7
0.796
52.6
0.700
55.3
0.817
51.1
0.789
56.1
0.699
52.3
0.634
51.7
0.793
49.2
0.674
54.0
0.739
52.5
0.792
55.0
0.815
*
0.741
52.6
0.818
49.5
0.760
53.3
0.822
57.1
0.784
54.4
0.737
49.1
0.782
46.3
0.709
52.9
0.656
*
0.815
56.4
0.766
48.6
0.787
61.4
0.775
54.9
0.808
54.8
0.805
54.3
0.774
51.8
0.744
47.4
0.764
56.6
0.802
59.1
0.807
59.0
0.838
57.6
0.717
52.1
0.754
61.2
0.768
48.0
0.907
53.3
0.778
53.7
0.784
56.5
0.840
50.3
0.800
50.0
0.827
53.9
0.721
58.6
0.856
54.5
0.830
51.6
0.774
58.4
0.790
55.5
0.794
58.1
0.712
54.2
0.773
*
0.976
50.2
0.859
48.4
0.782
54.7
0.779
58.5
0.752
50.0
0.776
62.5
