0.855
82.0
0.739
67.9
0.732
67.0
0.780
70.6
0.832
67.8
0.826
69.1
0.777
67.3
0.700
70.2
0.759
74.1
0.766
73.8
0.798
71.2
0.716
68.1
0.742
65.7
0.858
70.4
0.821
70.3
0.790
83.4
0.781
66.6
0.792
80.2
0.854
72.0
0.790
66.5
0.780
71.4
0.762
69.6
0.921
73.2
0.808
65.3
0.819
69.3
0.748
70.7
0.740
71.3
0.773
71.8
0.743
67.2
0.812
67.4
0.796
*
0.786
69.5
0.799
69.1
0.955
65.9
0.785
62.6
0.784
65.1
0.779
74.2
0.807
73.0
0.776
62.6
0.737
*
0.798
70.9
0.736
139
0.768
67.4
0.732
60.0
0.748
62.4
0.719
64.2
0.722
101
0.755
67.4
0.758
66.1
0.765
62.3
0.819
68.1
0.760
64.6
0.844
73.3
0.923
66.5
0.800
69.4
0.687
78.6
0.742
67.8
0.709
64.9
0.863
64.1
0.742
91.5
0.808
63.9
0.747
68.3
0.818
67.7
0.758
66.7
0.833
67.5
0.754
61.5
0.781
92.0
0.765
63.7
0.692
66.9
0.748
67.3
0.808
87.8
0.739
67.5
0.809
67.2
0.755
81.9
0.776
72.1
