110
113
91.1
86.3
82.5
104
82.1
75.6
79.1
89.5
88.5
85.1
77.3
76.2
79.6
84.1
79.3
86.2
88.9
80.9
68.7
81.5
87.1
91.4
80.7
79.5
75.9
*
70.5
76.4
79.4
76.1
88.1
87.2
87.0
84.3
90.3
88.4
91.4
82.1
73.7
75.3
101
73.8
77.2
74.6
77.5
84.2
89.6
89.3
82.3
79.9
71.9
84.7
80.7
81.3
84.7
87.9
83.6
82.9
87.1
73.6
75.0
80.6
80.8
93.7
83.2
73.1
83.6
77.6
84.9
86.0
76.8
88.0
72.5
73.0
81.6
77.6
79.4
70.4
73.3
95.1
68.2
71.7
91.7
80.3
73.3
77.5
71.3
*
73.4
93.0
71.2
85.7
103
70.3
88.7
80.9
*
77.5
76.8
76.5
75.5
86.3
87.9
74.4
68.1
74.4
154
143
133
124
142
107
*
92.5
78.1
94.9
*
91.1
76.4
73.2
86.6
78.9
74.7
68.7
79.7
78.7
141
82.2
86.9
78.5
86.5
73.8
69.9
77.5
71.1
84.0
80.2
83.8
104
114
73.5
72.8
