0.930
62.8
0.821
70.0
0.754
84.0
0.883
73.7
0.795
67.4
0.803
*
0.701
70.5
0.803
94.4
0.773
106
0.812
75.9
0.771
93.8
0.716
116
0.729
105
0.816
70.7
0.839
67.9
0.810
103
0.853
85.1
0.793
81.8
0.800
73.8
0.804
91.0
0.696
77.3
0.719
102
0.804
76.1
0.804
69.5
0.783
71.1
0.740
62.4
0.768
64.8
0.778
69.5
0.821
69.0
0.787
61.9
0.842
74.4
0.831
69.2
0.819
107
0.872
72.6
0.863
97.6
0.777
68.0
0.867
113
0.857
83.4
0.839
96.9
0.760
*
0.815
92.6
0.812
105
0.866
72.3
0.817
83.0
0.793
98.6
0.692
64.5
0.798
65.0
0.782
65.0
0.891
83.9
0.907
70.0
0.830
71.5
0.782
65.3
0.840
81.8
0.764
90.9
0.836
108
0.802
65.7
0.806
65.6
0.822
70.1
0.825
73.5
0.872
74.7
0.848
64.9
0.763
60.5
0.769
61.5
0.779
61.7
0.816
99.7
0.865
105
0.864
78.6
0.820
67.4
0.765
106
0.806
81.3
0.740
63.5
0.728
74.9
0.761
72.0
0.960
67.9
0.819
75.7
