0.865
75.8
0.788
82.4
0.986
74.4
0.830
73.9
0.874
72.6
0.852
84.9
1.10
80.6
0.799
73.4
0.790
81.6
0.788
73.1
0.793
74.3
0.728
71.4
0.822
79.7
0.856
75.2
0.957
72.8
0.731
79.1
0.908
82.9
0.837
80.0
0.792
77.2
1.14
76.6
0.791
73.5
0.790
78.1
0.898
76.2
0.906
79.1
0.984
76.0
1.11
73.1
0.773
85.2
0.780
80.9
0.770
76.6
0.817
84.9
0.816
74.4
0.898
92.2
0.909
84.7
0.861
*
0.844
69.6
0.799
81.0
0.858
75.0
0.890
77.4
0.895
71.9
0.805
76.5
0.876
73.8
0.845
133
0.705
118
0.768
88.1
0.946
86.0
0.746
74.7
0.739
80.8
0.818
72.7
0.875
79.1
0.935
76.3
0.815
89.2
0.743
81.1
0.804
73.9
0.779
70.6
0.791
74.2
0.665
79.3
0.797
79.1
0.810
70.8
0.880
72.5
0.764
77.5
0.806
85.1
0.781
79.5
0.887
75.6
0.818
80.9
0.778
82.8
0.736
75.3
0.798
80.8
0.826
71.3
0.878
71.0
0.882
77.6
0.761
79.5
0.750
79.3
0.815
74.0
0.847
81.1
0.765
75.5
