178
171
81.8
190
99.3
194
187
92.6
77.9
82.3
193
188
82.8
82.6
*
82.6
194
192
202
192
82.7
197
87.0
102
82.3
84.3
82.3
*
103
191
187
77.9
191
187
89.4
191
189
80.5
190
84.4
86.7
82.3
83.7
85.4
198
96.4
200
82.4
192
217
193
88.8
195
81.1
191
83.2
147
144
82.5
*
155
*
82.1
141
145
147
141
155
144
154
141
152
146
143
149
147
152
148
144
150
148
143
143
146
146
142
148
150
142
145
152
144
150
148
143
149
143
149
143
142
155
141
148
144
140
156
146
*
127
136
111
126
133
134
*
125
112
144
*
111
126
123
115
128
107
596
124
125
108
127
132
126
123
117
123
113
113
133
113
110
119
152
140
108
