149
122
60.6
66.9
81.7
76.4
66.9
66.3
72.2
92.5
67.0
65.9
74.1
68.3
76.4
65.6
66.2
71.8
71.6
74.8
68.2
66.6
81.4
66.9
89.8
71.3
97.5
*
90.5
69.9
65.6
65.9
63.6
80.7
72.5
69.2
85.7
66.3
75.4
77.1
114
64.6
68.0
71.1
67.8
83.1
79.1
64.3
65.7
78.9
77.7
65.2
66.6
71.4
72.0
64.1
84.7
65.5
71.3
71.7
67.1
69.1
70.1
84.5
69.7
75.5
78.4
68.3
71.3
76.4
80.5
64.6
66.3
76.9
71.9
75.9
72.6
67.4
97.2
63.7
64.3
72.3
63.3
67.4
65.6
68.7
75.0
65.6
68.2
64.4
72.5
69.3
97.6
87.2
77.5
77.6
73.2
66.4
*
89.0
65.9
76.7
63.6
74.8
75.9
72.7
64.9
69.6
62.6
69.4
67.7
70.3
73.9
68.8
*
66.6
77.5
63.1
70.9
73.6
74.3
69.8
72.4
72.0
84.4
66.4
69.6
85.2
73.7
66.4
76.2
77.9
76.5
84.8
64.4
71.4
72.2
76.9
80.1
75.2
73.2
66.4
65.6
87.9
