163
136
85.8
83.3
125
68.9
80.1
111
63.6
93.8
*
71.6
83.3
73.2
67.2
73.3
71.3
75.8
67.1
82.7
83.0
79.0
65.5
87.4
152
64.4
70.4
*
72.4
82.0
81.5
64.3
86.2
68.0
72.6
66.6
66.3
64.6
62.4
78.9
75.2
76.8
79.9
75.1
132
*
92.2
62.3
90.2
103
*
63.3
72.1
104
67.0
76.0
73.9
69.1
75.6
62.2
80.2
113
72.0
66.7
70.9
65.9
75.8
84.2
78.7
80.9
78.7
69.5
72.7
72.0
72.5
80.0
82.1
66.9
93.6
77.3
64.3
73.5
72.5
71.8
65.3
63.8
68.0
81.6
94.3
*
68.9
63.4
67.6
86.7
62.0
74.9
66.8
81.0
*
75.3
87.8
71.9
83.9
78.1
94.1
64.1
75.9
74.0
67.6
80.2
69.1
64.1
76.1
85.6
*
66.9
66.7
64.1
83.7
73.1
69.2
66.3
61.9
80.2
73.6
81.6
83.3
62.7
84.2
66.0
66.7
66.8
65.9
75.5
75.4
71.8
72.9
87.2
107
66.4
68.5
113
65.0
70.4
