163
228
142
106
142
140
123
134
106
118
137
107
134
109
143
111
141
137
143
111
140
144
115
123
153
139
107
*
128
150
106
103
109
106
107
107
137
119
107
*
111
140
142
127
108
144
106
143
122
132
110
146
112
101
108
110
138
110
108
113
148
142
140
144
122
104
106
136
140
139
138
139
107
133
*
109
136
112
148
124
145
110
107
*
147
138
107
125
103
157
139
141
143
105
138
119
133
142
138
120
108
139
135
121
134
103
116
110
144
113
107
109
142
114
*
145
133
124
166
111
138
137
139
113
129
112
102
101
103
104
106
108
112
118
111
142
104
140
149
139
*
133
138
107
