55.2
51.3
77.0
77.4
79.4
78.0
85.4
66.1
76.5
66.1
74.7
76.0
76.9
62.5
64.9
67.1
80.3
82.4
72.6
74.2
66.0
72.7
78.1
73.5
70.0
64.8
75.9
*
93.1
73.7
80.1
84.7
78.6
73.1
71.4
94.7
86.7
61.6
75.0
66.1
61.8
72.3
85.0
66.0
83.7
81.8
73.1
83.2
86.9
65.6
76.9
68.0
73.9
62.7
68.6
70.2
80.6
72.6
82.3
100
69.3
81.0
74.7
79.0
78.2
79.0
75.3
78.3
68.8
67.9
90.9
72.3
75.3
80.4
79.8
69.8
73.3
70.0
72.6
68.6
67.0
66.2
68.3
74.3
73.6
63.9
61.0
66.3
71.1
93.0
80.1
63.3
70.8
92.0
70.1
70.9
66.0
87.8
*
71.8
70.4
70.4
81.4
73.0
76.7
64.8
74.5
62.1
61.7
73.3
73.3
64.0
69.8
63.9
*
73.2
101
74.6
*
75.5
75.9
79.2
83.6
87.4
86.4
75.2
66.2
78.5
84.8
74.7
62.0
82.4
71.1
64.2
77.3
73.9
78.7
73.2
84.4
63.4
72.1
67.6
86.5
80.5
