149
114
64.0
63.3
63.8
64.5
62.4
69.7
62.3
66.8
75.4
62.6
63.4
65.1
72.6
63.4
67.2
68.7
64.4
64.5
65.1
64.3
65.4
77.7
62.3
66.8
67.6
64.2
72.6
62.7
73.9
64.0
65.4
61.0
70.6
62.0
60.0
63.1
67.9
65.9
63.1
65.6
64.6
65.5
71.5
68.1
65.0
58.7
68.5
69.1
69.7
67.5
65.4
64.7
65.2
61.0
62.5
63.1
63.6
62.8
65.3
65.8
70.1
65.4
63.3
78.8
74.1
64.9
68.5
69.5
64.4
62.2
68.1
64.6
70.4
68.9
67.7
66.1
65.1
64.4
70.5
68.2
65.1
64.1
65.9
69.5
63.3
63.8
64.5
62.2
78.2
67.4
60.4
68.6
64.0
64.5
65.0
65.4
65.1
64.0
64.9
62.6
64.7
63.6
70.1
65.3
71.1
65.3
64.3
75.4
66.7
63.1
69.4
68.5
*
60.8
59.8
76.5
62.1
66.7
71.3
71.0
67.7
61.7
67.0
63.7
73.5
69.1
74.9
70.2
64.2
61.2
69.2
71.1
69.0
61.6
63.3
64.0
70.0
66.5
67.3
65.0
64.6
65.5
