87.2
110
57.6
55.2
84.0
80.5
68.5
71.7
79.4
100
59.2
69.3
84.5
58.1
59.7
59.8
58.4
79.5
66.0
55.9
62.1
72.8
61.0
55.8
86.3
78.7
81.8
*
73.1
62.2
72.4
60.9
82.4
60.0
89.0
60.4
70.8
75.5
55.1
54.5
74.1
82.4
80.3
62.0
78.0
86.1
85.1
82.0
59.9
61.9
78.5
65.0
60.7
63.0
60.1
60.8
78.0
57.2
58.9
70.5
67.5
82.7
72.3
61.4
78.4
58.8
89.9
64.3
79.5
58.5
84.8
74.6
68.5
81.4
79.0
67.8
81.5
67.9
78.8
86.1
81.2
81.9
62.0
85.6
59.1
78.7
64.2
61.1
61.3
*
95.2
75.6
66.1
79.1
86.3
62.0
63.7
85.6
70.1
80.8
64.5
57.8
83.0
80.4
85.4
60.4
61.4
56.4
60.1
77.9
58.9
59.6
59.1
77.0
*
79.7
85.6
138
100
65.6
81.3
58.7
76.5
81.9
72.2
70.2
58.1
65.6
58.7
64.1
63.9
85.0
58.4
64.6
80.5
81.7
63.6
55.1
70.7
77.9
81.0
78.7
61.7
54.7
