134
141
108
118
114
96.8
112
*
112
117
108
104
115
108
115
106
112
111
114
107
104
107
113
107
102
107
110
*
111
106
104
94.9
101
108
107
114
104
110
110
108
117
105
112
114
*
108
112
104
105
118
99.3
102
110
110
93.8
102
110
96.8
109
107
106
116
110
113
116
108
107
109
109
90.1
107
110
110
101
120
95.2
115
112
120
119
112
94.9
113
118
110
105
112
114
112
109
105
*
115
95.4
101
116
96.8
105
*
106
115
104
121
110
110
108
116
114
95.0
120
122
96.6
106
111
*
103
117
103
*
113
105
111
107
116
104
113
95.2
111
108
117
91.3
109
116
115
106
104
110
102
107
115
113
99.9
106
107
