173
179
77.3
84.5
86.8
79.1
123
80.5
86.0
165
81.6
99.1
78.1
88.6
87.9
81.9
87.1
162
90.3
81.8
78.6
76.9
111
162
84.7
82.8
80.7
*
97.8
87.3
82.7
92.8
99.7
79.3
83.7
92.2
74.5
80.7
82.3
86.8
96.4
102
83.2
80.1
84.6
160
80.5
105
80.4
112
75.6
79.4
91.8
77.9
79.5
78.6
84.0
107
78.6
84.9
88.5
*
88.5
*
97.3
81.9
105
79.6
89.3
75.7
79.8
77.0
79.8
93.4
80.8
109
84.5
93.6
97.0
79.1
84.7
82.2
81.6
78.1
85.8
90.1
81.5
83.1
75.3
99.2
80.1
80.5
89.3
81.3
79.4
77.7
79.3
84.9
78.3
80.0
76.4
80.0
78.7
84.6
74.8
79.1
87.3
85.7
83.7
78.7
80.5
78.5
84.1
96.0
*
79.2
81.4
78.4
76.3
161
81.0
76.6
82.6
79.4
160
103
78.1
80.4
78.7
79.9
85.9
82.4
166
75.8
96.4
78.2
74.9
89.0
86.7
80.7
74.8
81.5
77.0
84.2
