0.996
85.3
0.863
82.6
0.860
77.2
0.950
79.4
0.888
82.2
0.854
79.4
0.849
79.2
0.808
77.8
0.787
85.8
0.866
79.7
0.863
89.1
0.786
78.3
0.837
80.7
0.867
86.1
0.860
87.1
0.770
79.0
0.898
78.5
0.870
80.1
0.905
95.4
0.868
79.5
0.856
77.0
0.776
78.2
0.840
77.8
0.917
80.6
0.813
82.2
0.796
81.3
0.912
83.6
0.906
77.0
0.924
80.7
0.861
80.7
0.887
79.0
0.864
81.2
0.880
81.4
0.781
75.7
0.902
82.2
0.852
79.2
0.862
83.5
0.899
90.6
0.816
89.8
0.854
81.1
0.869
83.9
0.786
86.5
0.826
87.5
0.778
78.6
0.843
76.9
0.769
77.6
0.817
80.7
0.874
84.5
0.845
78.9
0.885
82.7
0.818
129
0.847
126
0.877
78.8
0.948
80.9
0.732
122
0.701
90.5
0.799
81.8
0.828
89.4
0.781
85.4
0.834
81.7
0.810
125
0.810
84.9
0.769
83.3
0.854
79.0
0.831
76.6
0.927
77.5
0.881
81.5
0.800
78.6
0.860
77.8
0.814
80.0
0.848
125
0.818
119
0.891
132
0.882
88.1
0.761
85.7
