211
120
82.5
75.8
62.4
83.5
88.7
63.1
63.0
78.7
61.9
89.3
62.5
78.7
65.9
75.8
58.3
72.7
71.3
77.8
59.6
62.6
77.3
80.3
54.4
54.3
59.0
*
69.8
60.3
84.9
77.4
60.8
82.2
59.6
87.6
61.8
56.3
88.3
55.1
82.5
63.9
59.0
59.9
82.2
112
59.7
86.9
89.2
55.4
57.0
83.5
60.2
101
81.6
77.2
60.7
76.6
58.2
87.1
63.1
63.0
56.8
57.1
57.4
79.8
86.4
75.4
76.6
58.0
60.2
57.1
80.0
96.8
56.3
83.3
78.2
65.9
90.6
74.9
51.2
77.1
55.7
88.2
57.4
55.1
65.0
55.3
55.1
74.4
82.7
55.0
60.2
56.2
77.7
55.8
104
58.9
67.4
55.2
78.5
57.1
56.1
76.4
80.8
79.1
61.5
75.9
80.5
60.0
79.4
95.3
81.3
57.3
*
52.0
54.8
103
60.9
83.8
57.1
56.5
58.1
80.9
57.9
63.2
58.7
79.2
56.2
81.9
85.6
77.0
90.9
57.3
73.2
70.0
63.9
89.2
59.3
55.8
54.7
78.4
60.1
50.9
