115
81.0
62.5
53.4
55.9
58.2
56.2
58.2
55.8
53.9
71.8
60.4
62.3
54.5
53.8
57.6
56.9
62.5
58.0
54.4
57.5
61.3
73.5
58.0
54.4
51.9
64.2
62.2
57.2
60.2
53.9
52.8
53.3
56.6
54.1
53.5
55.6
55.1
58.0
57.5
63.1
53.3
*
57.0
62.3
53.5
53.6
55.4
49.6
52.6
90.2
64.6
54.4
54.9
52.3
57.4
56.5
52.9
58.9
59.8
49.1
54.4
60.3
56.3
57.6
59.9
57.5
62.1
49.2
53.7
55.2
61.3
54.2
58.6
59.7
72.9
52.6
54.9
80.7
67.0
55.0
53.0
59.5
52.6
53.3
69.9
56.1
49.9
61.3
56.6
54.6
54.2
58.6
54.7
65.3
71.7
52.9
55.1
51.3
56.1
54.5
61.3
