107
52.8
65.8
58.1
55.1
72.0
55.1
77.4
58.8
78.9
59.6
55.1
59.9
60.3
62.2
75.9
70.7
54.9
59.4
56.0
55.9
63.5
58.9
57.0
55.0
58.2
57.4
55.3
68.6
59.2
63.6
60.2
74.7
61.8
59.4
93.3
64.4
58.7
57.6
66.4
61.5
60.2
58.7
60.4
68.4
75.5
73.8
57.8
80.4
78.6
73.3
58.4
64.1
63.4
55.2
63.9
61.2
55.6
69.9
67.6
69.5
64.4
58.5
58.8
75.9
63.9
90.8
57.0
56.6
76.7
57.5
55.3
59.7
63.5
55.5
63.0
71.1
56.0
67.0
55.8
59.0
62.3
66.9
70.2
68.4
56.7
55.2
66.0
62.8
*
58.2
73.4
57.0
68.5
70.5
56.0
78.7
55.5
74.4
58.3
59.3
65.4
58.9
59.3
69.1
56.9
73.9
58.9
67.6
59.2
71.1
68.4
63.0
59.9
*
55.4
58.9
57.1
65.0
71.9
58.2
60.4
58.3
68.5
73.7
67.1
60.6
75.6
67.7
67.4
62.9
72.0
72.4
66.0
71.0
66.3
59.8
58.7
59.7
68.2
68.5
71.3
55.3
57.3
