0.960
52.3
0.836
58.4
0.799
56.9
0.886
60.6
0.887
50.1
0.922
50.9
0.845
86.8
0.778
47.1
0.840
55.4
0.824
58.4
0.828
53.0
0.805
52.7
0.820
194
1.15
56.4
0.903
49.9
0.816
53.6
1.01
53.1
0.826
70.6
0.793
51.8
0.879
58.0
0.886
51.2
0.811
55.1
1.08
53.4
1.12
56.0
1.04
210
0.843
52.1
0.856
51.5
0.833
67.1
0.819
53.6
0.917
50.1
0.853
56.9
0.855
61.0
0.815
59.7
0.739
*
0.828
62.7
0.796
49.7
0.862
64.1
0.874
47.0
0.752
55.9
0.814
57.0
0.808
57.3
0.803
53.3
0.730
52.1
0.689
59.0
0.734
53.3
0.828
51.9
0.788
52.0
0.747
58.3
0.904
52.8
0.865
56.8
1.15
58.4
1.17
57.7
0.946
58.9
0.844
50.4
0.875
57.2
0.980
54.2
0.877
53.9
0.889
58.0
0.951
58.0
0.873
56.5
0.897
84.3
1.04
53.3
0.866
53.1
0.875
51.2
0.871
60.5
0.831
57.8
0.834
53.9
0.828
46.9
1.22
56.2
1.00
50.5
0.894
58.3
0.838
61.2
0.882
51.7
0.799
56.1
1.03
48.3
