106
99.8
72.3
68.9
70.8
82.9
149
72.5
80.4
76.3
84.5
87.1
89.6
72.9
73.9
79.6
67.4
71.5
86.3
89.7
73.8
75.5
74.6
92.7
77.8
74.5
107
*
99.8
74.1
81.9
67.3
77.1
70.6
79.6
81.4
84.8
88.8
74.4
68.2
71.5
78.6
81.4
71.6
78.6
68.0
78.0
81.8
68.1
87.1
76.9
79.0
64.4
85.9
69.5
82.9
70.2
78.9
81.5
71.1
75.1
114
67.7
78.2
79.9
76.9
70.8
71.6
85.1
72.3
86.6
78.8
70.3
79.0
73.6
74.8
80.2
70.6
96.3
85.2
68.8
87.5
74.8
80.7
87.1
77.7
68.7
84.4
71.9
74.0
79.1
89.6
70.6
85.0
80.2
118
85.8
84.4
71.2
103
68.4
73.8
80.6
78.6
81.0
69.9
67.2
91.0
78.1
95.4
64.6
73.3
77.0
79.3
*
81.9
78.5
80.9
92.8
78.9
104
71.1
85.7
90.5
81.5
72.1
72.7
70.3
75.0
66.7
69.2
84.3
70.2
82.9
70.5
69.9
96.6
74.8
73.9
86.5
82.8
85.9
81.4
67.6
