120
106
115
101
116
112
104
104
105
101
105
100
90.6
99.8
91.8
97.1
102
88.3
100
108
99.1
106
101
103
102
95.3
104
*
110
96.1
103
106
103
89.7
107
92.0
106
93.4
89.6
100
92.4
90.3
113
106
89.1
101
97.9
92.1
103
109
112
102
94.9
88.9
89.1
103
102
95.5
90.6
94.8
101
105
100
108
101
101
108
89.6
101
90.4
103
107
98.3
106
91.8
103
101
96.9
104
91.8
93.7
105
90.3
102
108
107
107
91.6
93.2
104
101
91.7
90.0
100
114
89.3
102
89.9
88.1
92.8
92.4
88.9
90.8
107
108
107
114
91.2
102
112
111
87.8
92.4
101
*
102
89.5
94.3
102
91.1
93.2
103
104
103
90.2
110
94.4
88.3
113
97.2
91.2
98.4
108
107
90.4
91.3
85.7
102
109
101
93.1
105
88.9
97.3
