159
92.0
114
114
109
138
111
127
105
122
131
111
135
112
*
107
138
131
105
111
110
141
134
116
108
110
111
*
139
132
122
105
133
131
112
132
138
122
131
112
112
108
122
109
132
108
129
110
111
127
105
107
139
114
132
106
130
137
111
160
136
139
116
145
139
138
109
117
109
134
146
142
124
133
127
142
146
122
136
119
120
127
139
136
139
130
131
132
137
145
133
131
132
126
144
126
172
128
153
143
148
137
127
179
190
195
188
184
155
160
156
165
149
163
*
136
141
156
*
141
147
136
147
141
132
141
136
130
133
135
137
136
140
141
135
144
134
172
134
138
151
141
132
139
