123
113
72.1
75.7
73.1
73.8
74.6
89.4
74.0
72.0
74.0
70.6
75.0
89.2
101
74.0
80.1
77.4
81.1
73.8
69.1
91.4
77.6
75.0
73.1
73.8
73.8
*
79.2
72.8
80.5
78.8
81.7
78.6
75.8
73.5
77.0
72.3
75.1
83.3
80.5
75.5
75.5
*
73.7
80.4
76.2
82.3
77.5
83.9
72.7
74.0
88.6
97.3
80.2
82.1
92.0
74.2
76.3
74.8
85.1
106
76.8
73.1
74.8
75.8
76.9
76.4
78.3
77.2
74.2
75.1
92.8
77.2
77.1
77.4
76.3
72.1
77.9
85.8
69.8
79.0
80.8
76.6
72.8
74.9
103
76.5
85.4
77.9
77.8
80.2
77.6
72.7
70.6
96.6
74.5
70.4
73.0
77.4
74.2
74.5
75.3
77.1
87.4
75.6
80.8
77.4
76.0
77.5
75.2
74.6
82.8
85.7
*
80.2
73.9
88.4
*
74.6
75.1
74.2
77.6
79.6
95.1
95.7
74.3
80.9
87.9
78.5
77.7
73.9
72.8
83.1
78.8
75.7
84.3
71.7
78.1
77.5
72.6
78.1
80.8
75.7
