139
250
122
109
127
105
105
124
161
124
115
110
137
*
115
104
222
*
156
146
146
127
129
139
145
128
119
122
126
141
129
134
104
106
110
103
134
104
131
127
114
115
106
146
116
132
110
111
124
146
125
125
129
284
120
119
121
120
110
*
119
154
121
99.8
138
113
105
121
161
117
118
122
108
121
119
168
110
107
126
108
119
106
106
135
152
115
108
114
138
183
104
118
113
139
125
104
127
106
118
132
118
117
120
106
124
120
121
156
116
119
113
122
114
117
*
111
126
126
111
122
120
171
128
107
124
126
121
144
120
110
120
116
119
120
114
127
119
122
124
119
121
108
124
121
