161
140
64.5
72.4
69.6
69.6
63.1
67.6
61.3
85.4
64.6
81.6
68.5
64.5
62.5
68.2
63.3
66.2
66.1
73.6
65.0
63.4
61.4
62.2
64.6
70.7
69.4
69.9
65.8
67.1
78.1
64.5
68.2
65.4
70.1
82.6
74.0
68.0
81.7
68.7
64.6
63.9
66.8
68.4
69.0
77.0
69.1
59.6
70.2
64.7
68.3
64.4
67.7
68.2
72.8
69.1
70.1
71.1
68.2
68.8
65.5
76.8
66.1
72.3
70.1
64.4
63.6
67.3
66.4
69.4
62.6
63.9
71.6
67.3
69.3
60.0
73.7
68.9
70.5
63.4
62.5
73.6
65.2
72.5
74.5
63.4
80.9
70.9
62.7
*
74.5
63.8
71.4
68.8
66.4
63.0
64.6
63.8
67.1
68.9
66.8
74.1
66.2
66.9
71.3
62.0
66.3
71.1
65.6
65.5
66.4
73.4
61.9
72.7
*
62.8
73.4
65.1
63.2
65.1
65.3
62.5
61.7
84.1
62.6
69.0
66.2
65.7
68.2
66.8
67.4
75.5
65.8
76.5
67.1
63.8
68.1
72.7
65.6
62.4
70.5
64.4
66.5
63.2
