80.5
85.3
108
67.4
86.3
88.4
67.2
84.2
94.3
103
92.8
70.0
77.2
67.2
63.5
90.5
105
95.8
96.5
65.6
66.1
63.9
63.2
63.7
92.0
89.2
96.9
*
87.5
66.4
94.3
69.9
92.0
71.0
104
67.0
94.1
70.0
64.8
63.2
78.3
65.4
92.2
79.8
89.5
86.6
92.8
65.1
97.3
61.4
96.7
64.7
77.6
70.1
71.7
65.1
70.4
65.6
66.2
88.1
66.6
87.5
67.4
97.8
88.2
71.5
67.0
94.8
69.6
69.9
69.9
63.7
76.0
91.0
93.3
66.0
63.5
63.9
87.5
70.3
92.0
91.9
78.9
66.7
65.7
66.1
71.7
67.5
70.5
89.3
64.2
60.6
66.2
87.0
95.6
69.9
91.3
69.5
95.6
64.7
69.1
91.9
78.6
101
86.8
68.9
67.0
67.8
63.6
88.9
60.9
67.9
75.8
64.2
*
93.4
80.2
78.7
*
95.5
90.2
66.6
62.8
93.4
75.9
90.7
63.5
70.5
67.7
72.5
65.0
87.0
87.9
70.4
60.6
89.1
91.3
65.3
91.4
67.5
91.5
67.1
69.3
65.7
