158
159
101
68.6
72.8
85.0
79.5
81.1
103
121
97.4
68.2
116
81.2
72.4
84.2
67.9
92.2
102
89.3
88.6
73.8
72.6
80.4
91.8
109
110
*
103
104
76.5
72.6
102
74.8
95.9
79.3
74.8
75.0
71.6
80.6
81.4
100
95.6
69.6
67.0
114
98.9
95.8
69.5
108
95.9
94.9
99.5
74.2
70.8
80.2
75.5
97.5
97.7
70.8
73.0
87.7
105
78.0
92.4
70.5
75.8
68.6
74.6
75.0
105
71.5
74.4
107
73.9
73.8
107
90.1
95.1
67.8
73.4
102
80.3
110
75.3
97.9
78.8
80.9
103
66.9
98.3
76.2
75.4
111
105
99.2
98.9
112
*
98.4
69.8
71.1
98.6
104
104
77.9
75.4
68.9
95.4
93.7
79.0
80.0
75.1
82.5
*
73.0
94.2
75.4
105
102
96.4
81.8
94.7
93.6
80.9
91.9
81.8
74.0
70.0
74.5
72.5
97.2
104
107
80.9
92.9
98.2
102
86.5
92.3
113
92.1
99.3
101
