137
129
104
103
107
107
110
105
109
104
109
105
108
167
99.8
158
114
106
108
109
153
154
104
100
110
97.2
112
*
108
241
114
108
225
110
109
107
102
103
106
215
225
103
104
223
95.1
*
232
116
103
224
219
106
177
203
200
112
116
*
158
*
169
131
133
119
130
119
126
115
126
126
123
116
117
153
116
116
143
113
130
123
123
116
120
115
116
118
118
118
125
119
116
120
119
140
147
155
116
122
118
117
125
123
117
112
117
114
112
117
130
120
128
112
120
121
*
124
119
112
123
118
118
118
119
119
120
112
119
113
122
115
113
117
116
118
119
125
127
116
117
115
135
123
123
119
