186
179
72.9
62.6
54.6
48.0
51.2
*
65.7
65.8
66.4
56.7
58.1
58.0
58.7
57.7
67.3
59.0
52.8
49.9
65.9
53.5
50.9
57.8
56.6
50.5
56.8
*
62.7
53.9
55.5
63.4
56.0
56.3
51.8
52.6
49.7
52.3
51.4
58.5
57.9
53.7
59.2
58.3
52.3
71.7
54.9
69.6
61.3
55.4
54.8
54.0
52.8
69.7
56.6
59.0
51.0
74.7
61.8
59.8
*
49.5
*
58.3
50.3
57.7
58.8
51.2
65.2
61.5
*
49.3
54.3
49.5
64.5
53.4
54.8
55.7
52.3
51.7
60.1
66.2
57.0
*
70.1
58.7
54.2
53.0
80.9
165
51.6
80.7
56.5
53.1
55.2
57.1
55.1
53.1
49.8
69.8
68.0
52.5
55.6
52.7
57.1
78.5
53.3
101
51.6
54.2
69.0
65.2
*
59.8
*
55.3
57.3
68.8
53.6
*
57.1
56.1
83.1
*
108
48.2
51.6
53.5
55.3
52.8
50.8
62.9
52.0
51.4
53.5
54.0
51.6
68.8
54.2
48.6
47.9
68.4
66.4
50.9
