78.7
131
59.5
70.2
73.4
56.8
70.3
106
74.2
70.7
71.2
73.5
72.9
62.7
60.4
74.4
61.6
57.3
75.1
76.7
57.4
56.3
71.5
70.9
80.6
56.6
61.6
*
60.3
68.0
75.9
55.5
56.3
57.8
71.1
63.1
74.0
62.8
62.4
65.1
65.9
74.3
75.1
56.7
103
78.2
67.1
75.2
82.6
71.1
60.4
66.3
70.2
59.0
53.2
52.6
61.4
52.3
70.7
58.0
65.4
77.8
59.8
58.3
66.0
63.0
59.2
63.7
61.9
58.4
58.4
63.4
54.8
68.7
76.0
101
58.1
56.3
72.8
65.5
76.8
75.9
59.2
66.9
54.5
82.9
63.4
55.3
62.8
109
59.9
59.2
66.6
57.7
73.0
75.3
55.3
75.9
110
56.6
61.2
53.7
72.3
75.2
74.7
57.7
57.2
63.3
63.2
70.4
76.9
53.6
55.2
61.2
*
69.1
72.1
58.6
62.2
111
73.1
60.6
60.1
81.6
62.1
76.1
59.7
62.7
61.1
62.3
50.8
79.4
62.9
55.9
56.7
57.8
60.0
56.4
65.0
62.9
59.7
57.3
69.8
55.1
