163
190
151
152
146
148
145
144
140
148
150
145
151
146
150
147
155
143
146
151
143
143
139
142
150
148
143
*
146
145
159
146
152
136
147
136
143
135
138
150
147
*
145
147
145
147
147
143
150
144
144
149
144
142
134
144
138
137
153
133
139
149
154
140
148
137
144
149
147
139
147
136
145
146
149
146
154
140
158
147
145
149
133
144
139
147
136
141
148
142
147
141
146
161
149
153
145
147
147
146
151
141
150
147
145
141
150
149
143
147
147
140
144
150
*
145
147
135
144
148
149
138
143
142
146
150
135
133
141
136
133
154
140
147
144
149
147
148
133
143
148
144
142
146
