52.9
44.5
46.1
43.9
60.6
44.5
55.1
46.0
46.8
51.8
57.0
47.3
43.6
51.4
51.6
45.6
48.9
63.4
47.4
48.5
43.0
51.7
52.6
46.3
56.6
56.0
60.0
46.0
49.7
47.4
52.2
53.4
53.8
46.8
56.2
50.8
48.6
53.8
47.2
54.2
47.5
57.6
58.6
46.1
55.1
52.4
53.5
57.2
54.9
54.1
62.6
52.6
54.7
50.0
54.5
47.9
52.5
101
47.1
45.1
53.2
52.0
42.7
52.6
49.5
41.7
52.3
48.6
46.6
49.3
52.7
51.4
53.4
44.0
57.3
42.6
48.9
48.8
47.7
45.9
54.6
63.5
48.8
47.2
51.5
50.9
51.4
47.0
54.5
50.5
49.9
61.4
*
52.7
51.1
52.9
45.8
46.7
53.8
51.6
54.9
43.1
