94.0
128
66.6
73.1
65.0
65.2
63.3
92.8
68.3
61.4
63.2
60.0
68.3
63.6
65.6
76.8
75.9
62.0
63.7
64.3
63.9
71.6
66.1
66.9
79.5
89.5
64.1
*
64.3
66.1
74.3
62.0
62.9
61.7
67.1
69.7
65.2
66.8
64.9
59.6
63.6
69.0
62.2
70.5
63.0
67.8
69.2
76.2
67.3
85.9
85.5
63.1
66.7
68.6
64.2
75.1
66.3
61.5
65.0
64.1
72.6
69.3
66.9
63.5
60.3
64.5
69.4
62.0
71.7
76.1
62.4
59.5
58.0
77.3
60.5
63.0
83.1
75.4
61.3
63.2
70.7
64.8
63.9
91.2
70.4
60.9
76.0
69.1
75.2
86.6
84.4
69.1
80.7
88.9
83.0
75.6
69.4
59.6
58.8
73.7
82.2
62.4
60.6
66.6
63.6
64.5
62.9
62.6
58.2
59.2
74.9
67.1
65.0
57.9
*
62.0
67.5
58.9
59.6
84.2
63.2
65.4
64.5
61.2
63.2
69.5
58.6
61.7
64.4
61.9
63.8
76.5
60.2
67.2
72.9
72.1
61.7
65.4
62.9
62.3
65.5
91.6
68.5
68.9
