82.3
75.3
68.8
61.2
60.4
61.2
64.5
67.6
65.7
63.5
74.5
59.5
61.3
56.3
58.3
58.8
61.3
56.7
52.9
70.8
61.9
68.1
64.8
77.5
65.2
66.3
67.1
*
64.3
61.6
62.7
55.8
68.9
56.0
63.4
58.6
60.6
76.2
56.1
56.8
60.1
64.6
65.4
76.6
64.3
62.9
60.9
57.4
64.9
57.3
62.1
72.0
60.6
63.0
59.1
80.9
66.6
54.1
58.4
54.1
65.8
64.5
60.9
58.9
64.9
59.2
74.0
64.1
60.8
57.0
62.9
67.5
54.1
61.0
62.4
66.0
57.1
58.9
70.2
80.0
61.0
61.1
58.9
57.2
63.0
58.2
57.3
58.3
58.6
63.0
55.8
66.0
61.0
67.2
59.6
58.0
64.4
58.8
*
70.7
69.3
53.9
61.4
59.5
63.8
57.7
60.9
68.4
63.7
61.5
87.2
54.9
60.5
55.9
*
69.5
75.1
55.1
60.2
60.5
51.8
57.2
60.7
91.1
63.7
103
55.3
59.0
66.0
55.8
53.9
56.9
56.5
51.7
68.1
55.1
65.4
64.7
70.2
61.1
61.1
60.5
55.6
62.8
