92.9
90.1
102
73.9
110
74.9
75.6
66.7
70.1
103
69.6
67.6
72.6
94.0
78.7
102
74.6
68.7
105
72.2
69.0
101
70.4
73.5
101
70.7
69.9
69.0
76.3
63.8
70.7
99.7
66.7
69.9
73.5
70.0
65.0
104
79.7
79.4
94.8
64.1
72.6
77.1
70.4
101
81.7
63.7
73.3
68.6
70.7
93.6
67.5
94.7
74.0
109
96.6
66.5
68.5
70.8
100
79.5
68.2
75.3
82.8
71.2
98.4
72.6
69.0
70.2
75.6
100.0
95.8
66.6
79.2
98.1
68.4
99.2
69.2
102
73.2
72.7
101
71.1
73.1
68.0
102
100
75.3
94.5
67.0
73.2
72.4
72.8
72.1
69.8
73.3
67.0
105
67.2
96.6
67.9
71.3
69.2
68.5
99.7
73.5
106
98.8
68.5
95.9
74.9
101
72.9
*
68.2
71.4
68.1
78.1
102
104
74.4
79.1
93.9
100
78.1
73.3
72.5
71.6
82.8
78.8
105
91.6
74.7
90.1
66.4
73.5
102
96.1
95.6
69.4
72.8
70.6
73.7
