55.9
55.9
57.7
59.0
71.4
52.8
56.2
62.8
64.6
61.1
53.7
61.2
57.5
56.6
*
56.1
54.8
57.6
55.6
52.5
54.2
63.3
57.5
61.1
63.3
62.5
56.0
59.2
53.2
57.4
51.7
58.5
53.4
56.9
51.7
53.1
58.6
54.4
59.4
52.8
60.8
61.8
52.3
51.2
62.6
65.0
65.5
63.2
57.5
56.3
56.8
54.7
54.2
55.6
53.7
58.9
58.7
54.6
58.6
52.3
52.0
54.1
56.0
56.8
64.3
62.6
51.3
64.5
59.3
60.3
55.1
70.1
57.0
52.8
57.2
67.4
55.6
83.7
55.0
61.1
56.5
65.4
56.7
57.6
56.1
52.1
55.4
55.6
52.3
55.4
53.7
58.8
57.6
61.0
54.1
59.2
61.5
57.2
57.1
61.7
54.0
53.2
