94.0
79.1
82.5
78.5
88.9
108
83.4
85.1
97.0
104
98.2
77.5
101
81.5
93.3
76.2
87.5
105
84.0
81.2
81.7
90.7
95.8
113
87.7
94.9
79.1
*
96.3
89.9
92.8
79.9
96.0
85.1
77.6
82.6
83.0
90.8
85.9
94.3
77.1
92.8
83.2
93.8
89.8
86.5
104
81.3
82.4
94.5
85.3
103
87.1
83.6
86.8
106
88.1
85.1
90.4
98.7
87.4
81.9
86.8
85.3
98.7
83.7
84.3
91.1
88.4
78.7
90.8
87.6
90.3
97.4
87.8
81.9
106
89.9
102
83.6
96.0
96.6
93.8
84.4
88.9
95.7
93.0
87.4
88.3
106
85.7
81.3
83.7
94.9
89.0
82.8
100
92.9
96.3
94.6
77.7
95.7
99.6
96.2
95.5
83.2
103
76.8
103
82.4
86.3
84.3
78.2
87.4
*
90.8
98.4
83.9
101
100
83.0
91.9
88.3
111
96.1
87.2
97.0
90.2
91.7
82.6
98.1
101
91.8
86.5
77.6
85.1
79.7
96.4
92.1
90.1
84.8
91.6
88.5
91.3
