0.868
68.2
0.798
59.2
0.794
62.5
0.921
66.3
0.802
58.7
0.821
88.8
0.804
57.9
0.766
59.7
0.792
108
0.734
119
0.792
66.8
0.761
70.7
0.829
63.0
0.837
65.2
0.818
61.8
0.723
49.4
0.900
62.8
0.753
51.7
0.790
56.2
0.791
54.0
0.728
66.2
0.753
59.4
0.746
59.6
0.965
61.4
0.748
*
0.782
51.8
0.738
48.9
0.801
65.3
0.735
59.8
0.868
52.5
0.834
*
0.784
56.4
0.761
50.6
0.824
53.8
0.834
60.4
0.792
61.4
0.759
60.2
0.797
63.6
0.793
57.4
0.741
*
0.818
61.5
0.791
55.3
0.786
62.6
0.706
61.4
0.736
51.3
0.715
*
0.786
*
0.759
59.5
0.794
62.0
0.819
61.6
0.820
49.3
0.755
49.0
0.768
65.7
0.728
56.2
0.790
63.7
0.868
62.4
0.838
57.5
0.840
65.9
0.835
70.0
0.823
78.5
0.829
54.4
0.762
69.5
0.786
60.0
0.797
62.0
0.791
64.2
0.773
64.8
0.776
70.1
0.886
65.2
0.820
56.7
0.839
65.4
0.800
49.9
0.779
69.8
0.780
70.3
0.922
50.5
0.842
63.8
