101
179
96.3
102
87.3
*
110
116
93.1
91.9
104
125
92.5
97.3
93.4
90.7
95.7
94.0
95.6
94.0
93.9
98.6
90.3
88.2
93.9
92.8
99.1
*
93.4
98.4
98.7
97.0
97.2
102
94.3
96.5
90.2
105
93.5
90.5
119
103
93.9
93.0
96.5
88.7
90.9
91.4
98.5
108
94.5
116
103
141
95.4
100.0
108
106
92.9
91.7
97.7
*
97.4
96.8
90.7
87.4
97.1
98.0
88.0
91.4
94.3
97.4
97.2
92.2
94.9
93.5
94.9
88.3
92.4
99.6
91.2
95.5
97.0
97.9
97.7
94.0
89.3
90.8
95.8
140
130
93.6
96.9
103
91.3
96.2
108
95.8
95.0
90.3
98.8
93.9
97.8
92.7
91.1
93.9
88.9
99.3
91.9
93.5
88.7
92.0
91.6
89.0
*
94.0
92.4
92.6
93.3
97.3
95.8
90.6
97.4
100
*
92.4
90.7
94.8
96.9
104
96.7
107
93.6
93.4
97.7
92.8
93.5
98.4
101
92.6
89.7
89.3
93.0
121
