124
117
89.3
90.1
71.6
90.7
92.0
92.5
98.2
95.1
100
94.2
71.7
70.7
69.3
74.0
66.5
65.2
67.4
88.4
65.8
89.5
74.5
64.5
70.0
90.6
96.7
*
75.6
63.7
98.2
69.0
91.9
73.1
96.1
70.1
70.3
80.0
67.3
69.2
63.3
94.4
91.4
65.4
69.8
64.9
94.6
90.1
84.2
63.3
94.4
91.1
70.3
68.5
91.7
68.3
87.4
89.8
89.1
94.3
107
104
64.9
64.7
89.3
67.2
81.6
88.0
92.7
69.1
104
87.9
62.2
90.4
69.6
65.2
87.1
63.4
88.1
67.5
69.6
88.8
71.7
89.7
69.1
88.8
78.1
64.8
66.1
101
102
89.3
65.1
96.9
89.3
91.4
89.4
88.9
88.8
69.7
77.5
61.5
67.8
88.0
89.9
76.8
72.2
79.6
94.4
95.3
64.5
93.0
63.4
76.1
*
69.3
73.8
93.3
*
91.4
97.5
66.9
72.2
89.7
69.3
86.2
69.3
64.2
79.0
67.8
96.9
90.7
88.9
73.9
68.2
88.0
72.4
94.5
92.3
85.8
61.6
91.3
65.7
68.6
