154
106
153
81.1
146
149
97.4
144
146
104
147
75.4
77.7
82.6
84.7
77.0
89.7
145
156
80.9
79.2
151
93.1
149
148
150
146
*
83.2
84.0
146
80.2
147
159
147
79.6
79.6
79.2
78.6
83.1
101
148
141
85.2
152
172
146
144
78.7
84.5
147
83.8
81.7
138
81.0
90.8
145
87.1
153
81.2
152
91.4
144
84.4
147
80.8
107
146
158
87.2
150
146
78.2
141
95.8
86.8
149
79.8
145
83.8
154
146
81.4
145
87.8
149
144
93.6
75.7
89.6
151
148
89.5
146
152
152
151
144
147
87.1
122
161
80.7
143
143
85.0
82.9
106
81.6
143
79.7
78.0
91.9
94.9
*
150
83.6
83.4
141
160
150
83.5
143
148
*
102
79.8
93.9
89.0
86.7
91.5
147
89.2
78.1
82.3
90.6
83.9
126
144
153
87.9
143
146
95.0
