62.9
59.6
57.1
62.1
60.1
64.7
64.1
59.0
60.0
60.8
58.6
63.4
62.7
59.2
56.8
55.7
57.1
60.2
61.1
63.6
65.7
62.3
74.5
57.5
55.4
63.3
60.4
55.7
74.1
62.0
64.5
69.0
64.7
64.9
81.8
62.3
56.7
57.1
62.4
69.8
62.3
60.1
65.2
64.5
59.4
93.9
60.4
66.8
58.0
77.4
59.4
60.9
67.1
58.2
59.0
61.2
59.5
70.9
60.3
66.7
127
97.2
117
90.3
106
77.6
73.0
64.6
75.3
82.8
76.4
56.7
89.0
75.2
60.3
77.1
59.3
74.7
81.8
79.6
85.3
57.1
80.1
71.4
68.8
69.9
72.8
83.4
63.1
75.4
58.5
66.6
*
75.5
60.7
56.9
75.5
82.4
69.9
62.0
76.4
67.6
