140
186
95.8
99.6
96.6
*
88.5
*
92.9
107
94.8
93.5
99.5
94.6
92.3
96.3
93.9
*
92.6
96.5
95.9
103
94.5
92.6
90.6
98.9
91.6
*
93.7
90.7
94.1
99.9
96.0
113
100
90.3
92.5
96.6
92.3
95.3
122
95.5
98.3
103
92.3
97.0
91.1
96.4
96.1
106
99.4
109
97.5
96.6
100
98.3
93.1
95.9
97.0
98.3
99.9
88.3
99.0
92.6
97.2
92.8
91.2
97.5
91.2
98.0
105
97.0
94.3
99.9
99.5
95.7
97.5
95.9
99.9
94.4
88.1
91.2
108
94.9
95.1
95.9
93.2
101
101
94.3
96.2
104
96.8
97.7
107
88.2
94.3
97.5
96.7
93.0
95.8
91.6
93.3
104
97.7
89.2
93.0
103
97.3
93.4
95.5
98.2
93.8
98.6
*
106
97.2
98.7
98.7
94.4
103
87.2
89.1
94.8
90.4
88.4
90.4
96.0
97.6
98.2
94.4
99.6
99.3
94.1
90.9
94.5
87.1
99.5
93.8
101
95.5
97.5
92.9
100
