63.6
142
69.7
79.9
104
62.7
64.6
77.9
69.8
59.5
84.0
60.8
74.5
66.0
73.2
70.4
71.5
61.8
82.0
61.4
62.8
56.2
88.5
60.0
79.0
82.3
62.9
58.4
78.1
83.5
65.3
82.0
82.3
77.8
56.1
85.5
62.2
74.8
95.1
67.3
59.4
74.7
80.4
61.0
62.9
81.7
82.5
70.4
65.4
62.5
86.0
68.6
57.2
67.1
84.4
60.3
69.9
87.8
89.5
85.2
59.5
92.9
61.9
69.6
81.2
87.3
65.3
77.6
99.3
60.4
87.4
60.5
62.2
83.6
84.6
70.9
64.8
70.6
79.0
75.3
81.3
62.7
62.8
87.0
64.1
64.5
63.1
63.0
62.3
90.8
78.1
87.6
61.1
82.1
82.8
80.7
64.3
64.9
87.9
63.8
59.6
62.1
78.6
56.7
82.3
56.5
62.3
66.9
61.3
63.0
60.9
79.9
86.6
65.2
*
85.9
60.5
83.6
87.8
63.3
87.5
56.6
65.3
64.4
70.5
84.6
60.0
98.7
58.3
86.6
77.8
61.4
67.4
70.4
64.2
84.5
85.0
59.3
60.0
98.9
80.9
63.3
61.2
56.7
