108
117
73.1
67.3
64.3
52.7
71.3
*
58.0
86.3
70.9
67.5
64.3
72.8
76.7
63.5
65.3
*
66.5
72.1
64.9
65.1
70.2
72.0
68.5
*
61.4
*
62.2
71.4
57.3
64.9
67.9
76.5
56.6
67.2
59.0
58.2
78.0
69.2
73.4
59.0
71.5
55.1
61.6
63.5
60.3
80.6
72.4
71.1
63.8
64.2
79.3
65.1
73.4
63.6
66.6
76.6
56.5
66.9
60.7
59.6
82.3
*
70.5
68.7
87.8
77.7
62.9
69.6
66.5
61.4
71.7
65.7
71.8
58.9
72.9
56.4
64.8
69.2
63.4
77.5
60.7
62.3
57.1
70.0
58.0
59.3
62.6
*
75.6
78.9
69.1
65.4
71.2
68.0
69.0
61.5
*
63.4
73.2
74.6
65.7
67.9
70.6
78.0
61.4
72.4
64.6
59.1
62.2
74.4
69.4
68.7
*
67.0
69.1
68.7
73.5
63.4
65.6
54.4
58.9
67.0
75.3
90.1
56.3
77.4
80.1
65.4
65.6
62.9
72.0
77.0
63.0
77.5
70.7
72.5
58.4
68.4
91.6
73.8
65.6
68.4
