81.4
128
83.9
70.9
86.5
69.3
67.5
94.4
124
88.9
84.3
81.2
65.6
92.6
*
105
90.5
71.3
68.0
69.8
67.4
74.0
83.2
80.2
93.2
82.2
96.0
*
82.5
83.1
83.1
68.6
73.3
87.9
89.1
92.3
86.3
67.5
98.9
69.9
85.2
69.8
86.2
91.6
81.3
90.4
68.5
72.1
84.0
83.4
73.3
69.9
86.8
88.6
101
91.0
70.7
89.2
66.6
83.2
79.5
81.4
87.3
96.7
71.4
85.8
69.4
112
113
64.6
106
93.4
91.7
87.3
61.2
68.0
73.3
66.1
88.4
94.8
63.3
81.5
80.0
70.1
93.2
69.4
76.6
64.6
82.4
67.3
67.9
94.5
60.8
66.8
87.5
63.6
87.6
69.1
229
94.1
153
157
65.3
136
*
119
108
103
78.9
75.6
54.1
94.0
56.2
106
*
57.8
80.2
97.3
*
89.0
61.9
60.1
54.8
57.6
57.1
88.2
53.1
80.2
94.2
85.3
85.9
74.0
64.2
89.7
59.3
67.2
56.9
89.7
62.1
79.9
77.8
86.0
68.1
67.0
