1.06
54.9
0.791
57.5
0.718
61.2
0.830
51.5
0.800
50.4
0.843
63.4
0.850
48.9
0.745
61.8
0.755
52.2
0.803
80.2
0.747
47.2
0.651
51.5
1.10
50.2
0.849
50.0
0.836
53.8
0.710
63.2
0.850
68.2
0.800
51.4
0.759
65.2
0.775
59.7
0.983
49.8
0.917
50.6
0.804
52.1
0.849
52.9
0.758
63.5
0.739
60.3
1.02
52.1
0.741
48.7
0.880
59.9
0.798
50.3
0.772
46.3
0.820
53.2
0.797
62.1
0.978
*
0.830
62.8
0.820
64.0
0.890
52.5
0.847
45.7
0.818
58.7
0.758
51.1
0.772
67.3
0.812
55.0
0.770
53.7
0.812
53.1
0.715
62.5
0.769
59.4
0.799
55.7
0.775
55.1
0.823
48.5
0.826
45.8
1.14
52.3
0.820
54.9
0.831
69.5
0.716
69.1
0.801
54.2
0.780
48.5
0.801
48.6
0.828
49.6
0.808
77.6
0.885
56.0
0.742
54.6
0.774
47.2
0.783
53.3
0.719
54.1
0.849
55.7
0.941
52.5
0.916
62.9
0.741
46.8
0.873
45.6
0.824
62.8
0.827
53.4
0.783
58.3
0.815
63.2
0.918
55.4
0.787
46.1
