106
108
106
96.4
110
99.2
99.4
*
96.7
120
99.4
96.7
103
103
104
109
106
104
94.8
107
110
98.1
101
98.0
100
102
103
*
106
98.8
103
104
98.1
103
102
108
97.3
102
102
112
105
103
102
105
104
103
98.6
99.8
103
107
100
101
101
95.3
102
99.8
103
100
98.8
102
101
*
98.6
99.6
104
101
108
99.3
100
97.7
103
101
101
103
101
106
105
115
98.4
105
103
103
102
101
100
101
104
103
100
99.4
102
*
103
101
105
106
102
97.1
*
103
99.0
99.2
102
104
101
96.0
103
104
104
113
98.9
104
101
98.6
*
*
106
109
95.9
99.1
106
101
110
102
96.0
102
105
104
101
103
98.0
102
107
107
104
98.2
104
100
105
96.8
98.9
102
102
101
