130
171
126
124
119
112
117
126
122
119
107
116
133
125
120
127
120
127
121
124
120
138
120
121
125
120
120
*
125
119
126
125
117
140
120
132
124
123
127
123
133
134
123
136
123
124
111
129
126
119
114
119
132
124
124
130
125
125
122
122
120
119
132
116
110
124
118
139
111
126
109
124
118
111
121
123
120
121
110
124
120
113
118
112
129
121
124
123
130
117
117
129
116
112
111
116
120
120
125
125
120
125
120
110
118
122
127
124
123
131
117
120
135
128
*
123
123
124
106
137
124
131
131
109
118
127
122
129
121
120
121
114
132
122
120
125
131
128
128
130
121
125
123
130
