72.9
80.1
75.9
59.3
59.7
59.0
54.3
52.9
75.1
69.1
53.6
61.9
57.4
61.9
56.0
54.0
*
77.1
56.9
60.2
57.9
49.9
57.2
55.9
61.6
52.9
56.4
55.4
51.2
59.0
55.9
59.1
52.9
64.8
62.2
53.8
52.9
52.4
55.6
70.4
53.6
72.1
57.7
56.0
*
81.7
51.1
70.4
*
55.8
61.0
52.4
58.8
56.7
55.5
50.1
62.3
73.1
71.1
*
59.6
78.4
56.2
56.7
51.4
59.1
61.3
53.8
50.1
50.5
50.0
56.0
53.9
55.8
74.6
50.8
53.6
59.3
56.1
54.4
54.7
52.4
66.4
88.3
54.4
76.1
66.4
58.7
70.6
66.7
66.2
53.4
52.4
58.2
53.9
50.5
62.7
57.8
*
52.7
70.6
58.6
60.9
53.2
52.4
53.2
56.7
53.3
65.5
51.7
65.5
53.1
60.6
61.5
*
59.5
50.4
54.3
55.3
*
54.0
55.9
64.6
74.4
51.2
*
49.7
55.5
53.2
67.4
57.4
57.8
59.7
67.9
55.9
89.1
55.3
54.6
52.4
57.1
52.8
54.5
57.4
53.3
