56.7
63.8
60.2
62.2
63.0
60.0
55.6
60.4
63.3
63.2
55.3
55.9
67.7
67.1
80.8
65.5
73.2
60.2
62.2
59.7
69.4
63.0
63.9
71.8
62.2
68.6
60.0
58.6
70.4
64.3
62.5
65.2
66.6
67.0
59.1
62.3
82.6
66.2
76.1
70.7
57.8
59.3
66.5
66.4
69.0
73.5
64.2
58.7
56.2
122
68.7
65.4
68.3
57.9
66.3
60.4
59.2
59.5
55.8
66.2
63.1
72.2
69.3
64.3
61.5
66.4
55.9
68.0
77.1
61.0
69.7
64.0
62.0
65.9
61.7
60.6
60.7
69.7
58.6
68.6
66.2
58.1
56.6
58.3
69.7
62.0
62.3
69.5
73.3
65.3
67.8
63.3
66.7
72.0
56.7
57.4
69.5
63.2
57.6
69.5
66.3
59.6
