66.1
54.8
80.0
81.5
82.6
96.6
85.9
*
78.5
77.4
92.9
74.6
71.7
75.6
66.9
80.0
96.5
75.3
70.8
88.2
90.6
111
122
130
104
*
85.5
*
83.3
81.4
68.8
73.0
81.6
63.3
86.4
81.3
70.9
76.8
82.0
73.1
66.4
62.5
67.4
73.1
91.2
68.0
76.6
70.7
132
101
71.0
68.3
63.7
69.7
74.7
72.2
84.7
66.7
105
66.4
68.4
78.8
68.1
66.4
83.1
76.2
81.3
76.8
67.3
85.6
74.7
73.4
73.6
62.8
67.8
66.9
73.8
71.7
70.0
78.6
66.4
83.3
75.3
74.1
64.3
79.9
71.9
72.4
78.4
*
73.0
62.6
74.4
80.0
72.5
74.1
71.2
78.7
*
65.5
62.4
69.4
82.2
74.3
65.0
75.1
71.1
78.9
79.0
73.8
78.9
80.1
62.1
82.4
*
68.6
68.7
70.5
71.4
81.7
63.5
65.3
88.7
63.1
67.7
87.3
75.5
75.0
84.4
62.5
68.9
72.2
76.7
68.0
70.1
67.7
69.5
77.9
69.0
75.5
64.8
75.2
76.0
98.0
