171
93.5
199
111
120
198
111
182
116
189
193
123
110
186
107
187
183
199
187
120
111
120
118
118
119
110
123
*
188
116
182
109
184
110
114
113
115
109
110
109
184
106
114
115
199
129
190
111
199
132
191
186
115
186
114
105
114
120
112
189
116
114
112
111
188
110
113
109
122
111
118
106
179
111
110
106
110
111
182
195
110
187
108
190
112
109
111
105
114
126
187
105
116
187
185
112
183
121
189
111
183
188
108
182
185
112
117
188
188
120
108
114
185
109
*
120
111
111
111
191
111
126
116
110
187
188
115
115
191
130
109
114
193
109
186
189
110
182
118
126
114
114
112
115
