117
196
125
111
113
114
112
151
200
110
199
119
112
112
116
109
182
110
217
125
117
212
113
121
115
214
207
*
114
114
111
204
132
110
206
114
114
212
108
203
122
109
205
205
110
113
107
211
136
151
108
128
115
156
113
205
112
116
203
107
115
117
115
125
119
116
199
119
208
116
114
111
114
213
121
211
220
221
123
111
113
203
205
205
113
204
209
212
110
157
204
121
118
117
127
209
202
201
114
152
117
119
115
201
123
204
202
114
108
213
211
109
114
213
*
204
116
112
136
124
113
117
108
114
202
131
130
120
110
110
114
106
114
205
114
112
113
124
112
203
111
222
124
110
