0.848
99.3
0.767
127
0.709
119
0.977
119
0.779
122
0.767
109
0.797
118
0.762
97.6
0.828
118
0.757
94.5
0.826
121
0.735
121
0.750
95.9
0.789
92.7
0.805
122
0.783
103
0.817
*
0.767
124
0.767
97.3
0.816
95.2
0.728
126
0.746
132
0.784
90.3
0.813
123
0.763
123
0.861
98.9
0.750
140
0.763
126
0.796
124
0.720
116
0.811
123
0.707
101
0.784
114
0.822
92.9
0.822
127
0.773
123
0.839
131
0.814
108
0.745
106
0.706
*
0.924
121
0.784
101
0.720
119
0.768
124
0.687
91.1
0.754
94.9
0.738
116
0.800
130
0.816
125
0.822
123
0.773
130
0.724
120
0.811
119
0.705
125
0.758
116
0.725
120
0.777
120
0.787
124
0.786
123
0.772
114
0.780
117
0.757
123
0.765
119
0.770
123
0.798
119
0.792
127
0.772
94.7
0.682
126
0.789
131
0.797
98.1
0.727
121
0.726
120
0.805
127
0.968
130
0.757
107
