118
162
72.6
61.9
62.0
90.4
74.5
118
64.4
79.2
71.5
76.0
69.1
65.7
66.0
68.7
78.7
67.0
72.1
65.4
75.5
66.3
70.8
64.8
72.1
65.5
66.0
*
69.0
66.1
89.4
70.4
93.1
62.6
65.3
65.8
68.3
71.0
63.8
64.9
65.3
72.8
64.7
77.2
96.8
61.5
94.8
76.5
65.8
96.9
91.7
64.9
74.6
70.0
72.0
64.2
71.5
63.0
64.7
62.8
73.8
97.3
67.7
69.2
92.2
71.6
72.4
64.7
89.1
63.9
90.3
63.1
65.2
90.9
79.6
69.8
64.8
65.6
90.0
71.2
64.6
91.6
69.8
95.4
71.2
65.7
67.0
67.1
84.2
*
99.6
88.6
79.7
90.7
86.1
65.8
69.9
64.0
110
64.2
68.2
61.8
67.0
109
89.4
67.9
66.9
69.5
67.6
67.7
67.1
79.0
65.0
72.6
*
66.9
65.9
62.1
92.2
98.5
65.0
73.3
69.6
89.9
64.7
80.7
65.5
65.1
67.0
69.4
71.9
96.1
68.9
80.3
64.2
69.5
68.5
65.7
71.5
72.1
61.3
70.6
73.8
76.3
