97.8
83.8
56.3
56.5
72.7
67.7
64.3
55.0
60.8
101
66.3
57.1
58.0
74.3
62.8
76.8
56.4
60.1
94.2
84.6
58.7
79.7
54.7
53.8
68.7
57.5
57.3
*
69.7
57.5
59.6
54.7
63.0
55.5
60.2
80.0
60.6
56.8
54.4
63.1
75.3
57.3
55.8
59.5
53.9
67.5
57.0
63.6
61.5
67.8
67.5
55.3
56.2
85.3
52.4
56.4
68.6
68.5
55.2
55.5
72.1
65.5
52.4
53.2
58.9
54.5
55.6
63.5
68.4
53.7
62.3
70.8
71.3
66.2
74.3
53.4
68.0
57.4
70.7
69.1
63.3
77.4
59.1
69.6
75.1
69.5
53.7
59.3
52.5
55.9
64.3
54.8
52.8
62.7
68.0
61.7
81.4
54.1
54.3
60.0
82.4
57.1
59.0
66.9
74.3
52.5
56.0
61.4
55.2
56.9
55.9
55.6
71.2
62.5
*
54.6
54.2
53.2
78.6
53.9
55.9
55.5
56.3
63.2
69.1
69.6
55.6
56.4
65.1
56.2
54.6
73.7
66.7
61.5
65.4
59.0
70.5
70.6
56.6
80.3
83.4
73.5
57.9
53.2
