118
98.8
113
60.2
59.7
71.4
58.5
69.9
63.2
78.4
63.1
61.2
62.8
72.0
68.1
63.9
65.7
80.7
66.4
70.1
60.1
67.0
60.6
64.2
77.8
67.8
65.8
*
67.8
66.4
66.8
62.4
57.6
62.3
59.9
60.5
90.2
64.1
63.8
64.4
74.7
79.0
81.0
61.0
119
76.2
65.1
66.4
64.1
68.8
64.0
68.6
61.0
57.0
64.9
64.2
64.7
79.0
63.4
109
65.8
63.9
60.4
62.1
67.0
61.6
56.3
60.5
67.1
57.8
61.0
60.7
59.4
61.2
58.4
63.7
65.6
61.4
61.9
82.0
81.0
67.3
56.2
59.5
66.5
62.5
62.9
56.5
63.6
60.2
63.1
60.0
63.1
61.4
69.3
85.8
74.4
62.2
62.7
80.4
60.5
66.6
63.5
63.9
62.1
60.0
57.4
61.3
72.4
71.5
62.5
71.3
69.1
66.6
*
60.2
66.2
73.4
93.8
70.5
60.3
59.1
63.1
67.6
120
*
61.7
65.4
66.4
57.7
63.7
62.9
61.9
61.3
63.3
66.6
61.7
67.9
62.9
57.0
62.6
65.0
70.7
68.6
