79.5
130
72.3
62.2
77.3
118
62.6
59.7
116
61.9
71.0
62.6
62.8
60.7
60.8
84.6
56.4
60.1
116
60.7
66.7
62.0
59.9
56.2
71.1
117
115
*
69.2
72.4
68.1
58.4
116
68.5
117
81.1
60.6
79.9
60.5
64.2
54.4
115
120
*
60.3
70.2
121
64.3
60.5
77.1
118
68.9
55.8
54.0
69.7
61.0
61.3
56.0
116
60.2
60.9
*
55.9
61.3
116
66.0
61.8
117
76.8
60.7
71.2
61.2
72.0
116
63.9
61.2
121
61.4
115
70.0
71.8
122
56.8
117
61.4
60.6
75.7
64.0
58.5
53.3
115
56.7
60.8
119
115
116
58.0
55.9
65.4
63.9
56.5
60.2
61.1
120
114
62.1
58.4
62.0
71.0
117
64.2
65.0
59.2
70.4
*
116
64.0
62.7
*
63.4
121
71.5
61.1
117
*
60.7
65.2
66.3
52.4
82.1
63.0
116
56.6
62.0
66.3
117
62.2
68.9
66.7
75.2
106
115
63.3
75.7
