1.04
73.2
0.761
70.6
0.753
75.0
0.785
53.4
0.775
57.5
0.760
57.8
0.801
54.7
0.721
78.5
0.746
54.8
0.749
56.0
0.789
51.0
0.719
54.6
0.763
52.4
0.747
72.5
0.949
57.4
0.837
54.9
0.787
*
0.740
54.8
0.710
52.2
0.746
73.8
0.725
61.0
0.725
47.3
0.758
89.6
0.776
50.7
0.683
58.3
0.697
52.6
0.722
52.0
0.717
62.6
0.918
100
0.793
54.2
0.784
71.1
0.766
68.4
0.750
55.1
0.881
78.9
0.958
79.4
0.779
78.1
0.765
52.6
0.787
77.0
0.769
68.8
0.708
*
0.950
56.2
0.758
74.5
0.742
73.3
0.747
60.9
0.748
49.2
0.715
67.2
0.723
60.3
0.723
55.2
0.794
49.9
0.788
49.1
0.788
62.8
0.922
77.7
0.940
62.6
0.905
73.9
0.800
50.3
0.824
51.7
0.801
75.1
0.779
45.8
0.795
56.4
0.798
72.2
0.806
56.3
0.797
61.3
0.805
59.2
0.750
57.9
0.802
75.3
0.732
78.9
0.765
73.3
0.935
50.9
0.745
76.0
0.826
98.3
0.836
90.6
0.924
54.6
0.739
70.9
1.08
60.0
0.775
103
