91.5
148
111
112
110
87.6
103
111
109
103
108
104
101
108
78.2
104
130
109
112
108
75.3
102
93.1
76.6
105
109
105
*
105
84.5
104
75.2
84.4
80.6
103
78.8
79.8
79.3
72.3
76.9
117
111
104
75.6
112
110
77.0
107
118
110
110
81.7
88.4
105
83.5
77.9
104
89.5
104
109
102
109
96.5
80.6
77.1
78.5
79.7
107
104
78.3
104
108
103
105
103
79.2
74.2
88.4
105
103
109
110
86.4
103
76.5
108
80.7
104
84.2
76.8
102
77.9
82.6
110
111
102
111
113
115
90.1
105
110
105
110
74.6
73.7
77.5
98.9
85.6
109
85.5
95.1
101
76.7
*
105
103
77.4
109
111
105
74.7
78.0
103
83.3
110
76.5
89.4
104
77.9
86.4
110
111
75.4
102
109
102
76.5
107
103
105
80.0
84.2
105
