124
86.1
92.8
67.0
104
78.9
62.1
81.5
75.2
67.7
76.5
69.2
72.2
75.5
71.0
89.4
67.7
125
72.7
69.7
76.9
70.8
66.0
73.6
118
72.0
81.9
72.1
65.1
73.0
73.9
74.5
70.7
67.9
66.4
62.2
63.9
65.5
66.2
73.9
73.3
71.0
64.8
82.7
78.2
74.5
66.0
65.4
66.0
66.9
89.8
68.6
70.8
73.6
75.2
67.4
70.7
70.4
70.7
73.4
75.8
71.2
72.6
67.9
68.4
71.9
74.0
71.6
75.1
66.2
71.0
71.5
78.9
77.8
66.4
73.5
71.9
69.3
75.8
66.8
70.6
67.9
71.1
76.0
77.0
71.8
72.2
72.9
74.9
93.8
81.8
73.2
76.0
67.9
69.7
85.6
81.1
66.7
82.3
73.8
71.4
68.9
63.6
66.1
73.8
73.1
71.1
72.7
68.1
67.0
66.5
73.7
75.9
71.2
*
69.3
62.0
69.7
70.9
*
73.8
80.7
69.6
69.1
75.1
70.3
67.9
62.0
69.9
72.2
73.6
74.4
91.1
66.8
75.4
69.0
73.1
77.1
72.3
71.8
70.6
73.8
66.9
77.9
