130
76.4
62.6
62.9
64.9
69.6
69.8
84.7
62.0
*
59.0
81.6
67.2
86.5
78.6
84.0
61.5
84.9
67.8
86.2
59.6
82.4
56.7
58.9
68.5
61.1
64.7
62.4
86.0
85.0
82.3
60.7
65.0
65.1
62.6
57.5
97.3
84.2
64.5
86.3
84.6
55.3
59.0
89.2
89.5
96.6
61.3
57.0
185
106
119
104
87.1
76.9
69.6
74.2
77.4
77.1
69.0
76.7
113
186
92.5
159
75.1
108
88.7
78.2
88.2
64.8
105
55.5
89.4
81.2
65.1
158
108
94.8
67.5
97.4
69.9
60.2
87.0
65.3
74.9
121
92.3
60.0
111
160
158
118
60.9
60.3
78.4
140
71.0
67.9
180
90.2
83.3
179
69.5
79.2
82.3
92.3
82.2
100
87.8
84.2
96.6
64.9
62.3
66.5
*
74.0
62.5
92.5
95.8
170
60.9
64.8
78.6
104
90.2
163
71.0
66.3
66.7
61.8
67.8
109
64.0
79.0
88.4
170
60.6
103
75.6
78.7
88.3
93.8
59.3
63.0
