79.8
128
99.9
79.4
82.9
81.5
85.9
87.3
85.5
84.6
104
84.3
93.1
85.3
82.1
75.3
87.6
82.4
80.2
83.6
83.1
104
82.0
82.0
85.3
84.7
85.3
*
86.2
79.0
86.1
94.1
76.4
80.8
84.7
76.1
110
85.5
81.1
86.2
79.0
79.5
82.0
83.5
*
79.0
82.3
82.7
*
93.2
105
85.3
81.9
77.4
90.3
83.7
102
102
88.7
97.5
102
104
81.6
91.3
77.5
86.1
75.9
79.4
92.9
85.3
80.9
112
79.1
79.0
80.4
80.9
110
88.8
106
79.8
79.9
98.5
78.6
122
81.8
79.2
80.0
88.1
84.6
79.1
104
97.7
84.7
115
103
77.0
99.2
85.8
*
89.9
79.6
85.8
80.8
103
105
82.6
84.6
80.2
83.2
79.5
80.2
80.8
85.5
83.6
*
83.4
76.1
84.6
101
80.2
82.2
77.0
93.3
100
104
*
84.7
82.7
78.0
84.3
83.6
99.6
84.6
84.8
78.9
106
81.1
84.7
113
106
78.2
102
80.1
84.6
