0.888
50.9
0.824
52.5
0.810
61.6
0.822
55.9
0.728
58.0
0.821
66.0
0.866
57.8
0.807
67.1
0.827
56.4
0.816
54.9
0.819
63.0
0.665
53.0
0.815
55.4
0.750
53.6
0.832
58.1
0.759
64.8
0.749
75.0
0.744
57.8
0.772
63.1
0.778
58.8
0.708
51.2
0.861
57.5
0.775
61.6
0.780
68.2
0.751
53.0
0.793
59.2
0.779
57.3
0.779
58.1
0.780
53.4
0.731
49.0
0.761
54.0
0.854
50.7
0.838
53.1
0.823
*
0.770
58.6
0.840
57.4
0.754
51.5
0.785
52.2
0.812
46.1
0.759
*
0.856
58.0
0.763
56.8
0.739
51.1
0.723
55.0
0.806
56.5
0.731
54.7
0.674
52.3
0.754
61.7
0.768
51.9
0.826
59.9
0.834
52.0
0.775
57.1
0.834
48.0
0.909
64.7
0.915
54.2
0.735
57.4
0.824
50.4
0.827
55.8
0.802
58.2
0.846
55.5
0.851
54.5
0.806
56.5
0.830
60.0
0.797
48.8
0.804
60.3
0.793
65.2
0.816
56.1
0.759
54.8
0.824
51.4
0.948
56.9
0.780
53.6
0.774
57.0
0.839
57.5
0.829
56.9
0.800
56.1
