182
131
72.9
71.9
95.2
62.6
64.8
109
61.6
73.2
69.5
66.2
73.4
58.2
66.4
58.0
77.7
84.6
59.7
75.6
74.1
70.8
58.1
139
66.0
62.3
60.0
77.4
64.8
76.4
73.1
65.2
62.3
57.0
62.4
67.2
107
62.4
65.7
60.3
59.3
60.9
66.8
58.2
77.5
85.8
60.2
87.4
64.8
60.2
62.0
68.5
67.3
60.7
59.5
61.2
60.7
72.4
64.3
111
59.2
140
75.0
71.1
67.8
58.4
70.4
69.4
71.6
58.3
61.0
65.2
59.2
61.4
68.3
62.6
73.7
55.9
63.0
63.4
78.6
72.6
65.2
67.1
67.3
69.8
60.9
67.1
68.9
139
76.6
66.7
72.8
72.2
63.2
63.6
63.2
71.7
69.5
97.7
61.5
65.3
74.6
64.4
62.2
59.2
79.5
101
83.0
70.8
67.3
63.5
81.5
63.6
*
138
60.0
95.0
65.5
69.9
61.3
63.9
78.9
63.1
61.7
75.9
60.5
74.8
83.1
67.7
70.6
60.5
60.3
60.9
57.8
68.7
59.7
62.9
65.1
65.9
98.2
66.8
68.8
74.2
