57.6
90.0
45.4
55.9
50.1
53.0
49.8
52.5
56.3
54.3
49.3
55.7
49.1
48.3
51.8
58.9
78.3
50.9
55.1
51.9
55.7
70.6
49.0
120
60.6
177
70.9
52.8
50.6
51.3
52.3
47.9
52.0
60.0
51.9
54.5
84.4
52.9
52.6
55.5
58.4
73.4
55.6
52.5
65.5
63.9
59.2
57.2
56.6
51.2
52.5
55.1
55.7
66.0
68.9
46.5
60.8
58.7
55.7
67.0
48.6
93.1
53.8
57.2
53.9
54.2
51.8
52.0
53.9
51.2
49.5
51.7
49.0
63.1
55.7
60.9
47.7
74.3
82.4
68.0
56.9
58.4
61.1
51.8
58.2
52.9
49.6
51.9
62.5
178
49.3
181
60.5
59.1
51.2
51.3
60.9
55.9
179
56.3
64.7
48.9
49.6
49.5
64.1
58.4
50.7
51.0
53.5
63.7
55.4
56.1
48.7
56.9
*
68.3
44.8
57.7
67.2
177
49.6
109
51.3
55.3
49.2
54.2
49.5
108
50.8
49.9
60.2
56.6
87.5
54.2
68.5
49.3
52.4
49.3
49.7
180
59.3
53.1
69.8
48.8
