109
137
66.3
66.0
63.9
206
65.0
207
74.2
64.2
63.0
73.3
77.8
82.4
61.7
74.4
67.1
207
64.4
68.5
78.7
68.6
60.5
68.2
63.7
62.9
69.9
66.7
69.2
66.5
73.5
60.0
68.0
67.4
66.5
63.2
82.1
66.2
66.1
63.7
89.1
76.1
72.0
66.2
206
75.3
71.7
80.8
76.3
70.0
63.7
65.9
65.4
72.2
72.8
62.0
65.9
67.2
65.9
62.4
64.7
64.7
65.5
64.7
67.9
72.2
63.3
62.9
65.8
61.8
70.0
61.0
70.3
63.7
69.6
62.3
61.8
66.1
66.5
71.3
65.0
64.7
65.7
70.1
62.4
61.4
104
68.1
63.5
75.5
61.9
74.1
67.0
65.8
65.2
72.6
62.4
60.4
206
61.4
64.5
61.1
69.8
64.8
64.3
62.4
68.4
76.8
66.6
63.2
63.7
74.2
66.3
60.1
*
66.9
82.9
63.8
63.4
211
76.1
82.4
66.5
68.3
74.7
82.5
73.1
63.3
59.6
66.3
67.9
59.6
62.3
65.1
67.7
80.2
61.1
67.5
206
205
62.0
60.2
64.5
70.7
