0.836
55.2
0.699
65.7
0.765
62.3
0.845
53.3
0.800
60.8
0.859
61.8
0.798
61.7
0.839
66.1
0.750
63.1
0.764
50.7
0.797
61.3
0.779
56.9
0.783
71.6
0.812
62.2
0.787
67.4
0.751
64.4
0.838
*
0.744
48.5
0.776
50.5
0.804
76.3
0.709
55.1
0.851
64.1
0.780
52.0
0.770
49.6
0.746
61.8
0.724
53.7
0.769
55.2
0.731
56.3
0.677
64.1
0.874
68.0
0.735
62.6
0.860
65.3
0.800
66.4
0.818
69.3
0.880
48.0
0.800
55.5
0.755
53.0
0.806
54.9
0.794
69.6
0.718
*
0.699
71.5
0.711
46.7
0.828
63.3
0.736
51.4
0.745
68.3
0.691
64.7
0.687
53.7
0.735
63.8
0.750
66.5
0.772
50.5
0.783
62.4
0.713
59.4
0.737
47.8
0.699
63.2
1.10
50.0
0.881
61.4
0.870
57.5
0.758
65.1
0.770
68.1
0.804
58.6
0.806
60.6
0.723
49.8
0.778
63.3
0.758
68.4
0.715
55.1
0.799
55.7
0.761
83.0
0.753
48.4
0.807
47.5
0.800
55.8
0.852
61.9
0.839
67.3
0.759
47.9
0.803
64.7
0.774
48.2
