200
78.6
64.9
66.1
65.2
77.2
63.2
83.7
61.3
82.0
62.9
63.3
69.3
64.6
64.9
81.8
72.7
65.5
63.2
62.5
64.5
59.8
64.3
68.7
67.9
69.5
62.6
*
64.8
68.2
61.2
67.7
62.1
66.6
63.5
65.1
100
64.4
64.0
64.8
68.6
63.8
67.8
64.2
*
*
68.8
69.5
64.7
79.7
67.2
76.7
69.1
93.4
60.5
70.2
64.8
67.1
66.3
65.8
63.2
64.3
68.1
62.6
71.1
63.4
78.3
69.0
*
69.8
*
*
*
72.8
*
79.9
71.8
65.7
76.2
61.8
61.7
67.3
63.3
70.4
70.7
75.3
59.9
60.9
63.6
64.3
73.7
62.0
70.6
73.5
69.1
63.1
74.0
78.3
76.1
66.1
66.5
76.6
62.4
65.8
77.4
73.5
67.4
75.2
68.7
71.7
67.0
62.3
64.8
63.9
*
65.1
65.0
60.9
*
70.8
66.3
69.2
74.1
70.6
70.2
58.8
85.5
64.7
63.2
68.4
63.9
73.9
73.8
64.2
72.1
66.7
66.3
64.2
59.9
69.2
111
74.8
76.5
66.3
