125
130
136
80.9
73.7
87.3
87.1
82.0
81.1
141
144
73.5
82.6
76.4
82.3
82.6
135
79.8
86.3
80.4
78.9
68.2
141
141
81.4
75.6
103
*
78.6
80.2
138
76.4
135
138
77.8
138
136
76.6
136
91.3
77.7
133
81.4
80.8
85.5
138
151
86.0
137
76.2
134
141
76.6
82.7
140
135
85.1
141
75.9
136
81.7
136
142
134
131
136
73.3
88.1
135
85.6
140
76.9
88.4
139
138
72.2
140
93.4
136
103
78.0
79.3
82.3
137
137
83.0
78.3
76.2
85.9
78.6
135
135
76.4
136
135
76.6
138
86.0
136
81.1
73.4
138
82.5
91.2
145
81.6
85.9
74.9
138
136
75.1
145
82.0
76.9
*
83.5
86.5
134
133
136
83.5
139
134
158
139
142
79.4
139
92.4
137
137
142
141
74.0
86.9
137
138
142
76.4
76.2
133
137
133
74.3
