97.8
101
90.4
90.9
83.2
89.1
93.6
86.3
85.9
89.2
88.0
80.8
85.8
83.4
95.6
82.4
83.9
88.0
82.3
85.7
92.2
91.1
88.3
82.6
82.0
85.6
84.2
*
90.4
96.7
85.4
90.1
97.8
88.4
85.1
89.7
78.7
85.7
83.6
88.1
90.9
86.4
94.2
86.7
87.1
100
84.1
82.2
87.9
88.4
87.7
89.7
93.0
84.8
91.6
103
82.4
82.9
87.2
80.5
86.9
80.7
85.3
86.2
79.3
83.5
89.0
92.8
88.4
88.4
91.8
84.6
87.9
84.9
84.7
84.1
90.1
83.2
82.1
92.3
80.5
89.8
88.4
81.6
84.4
102
85.1
89.8
95.4
84.8
86.5
80.3
93.7
99.6
89.0
86.8
98.7
86.4
87.2
91.3
84.3
79.9
82.8
93.6
80.1
84.6
82.8
79.8
89.2
84.1
92.8
86.4
85.8
89.4
*
85.0
83.1
86.2
84.2
90.5
85.4
86.4
87.9
98.8
84.2
89.7
79.9
89.3
92.3
82.9
83.4
98.1
83.3
85.1
84.8
90.1
95.1
87.7
89.6
97.0
89.4
83.9
83.7
92.9
