0.885
66.7
0.818
74.8
0.768
78.9
0.850
72.0
0.807
67.0
0.904
77.7
0.737
73.1
0.786
66.6
0.730
66.4
0.777
*
0.822
74.2
0.731
74.9
0.775
73.3
0.849
71.8
0.814
86.4
0.795
67.6
0.774
78.2
0.828
66.1
0.815
66.1
0.810
67.2
0.740
78.6
0.757
70.6
0.763
77.6
0.806
73.5
0.711
75.5
0.747
67.8
0.717
71.6
0.862
73.9
0.746
73.5
0.796
71.2
0.876
*
0.788
68.3
0.806
77.3
0.751
67.7
0.842
78.0
0.747
87.2
0.832
78.2
0.795
67.4
0.815
70.8
0.758
*
0.792
71.5
0.969
74.3
0.779
73.8
0.763
73.8
0.783
67.4
0.742
82.0
0.725
65.9
0.703
73.5
0.759
69.6
0.827
86.7
0.762
72.2
0.740
67.9
0.769
70.7
0.771
72.4
0.823
66.1
0.761
72.9
0.745
71.8
0.853
75.7
0.769
69.8
0.781
74.5
0.774
70.6
0.750
71.3
0.796
73.9
0.799
75.5
0.747
69.2
0.815
69.0
0.812
72.4
0.919
74.1
0.830
63.0
0.755
76.4
0.786
73.5
0.724
72.7
0.795
73.8
0.818
74.0
0.787
70.1
