115
52.7
54.8
83.4
68.3
82.1
77.0
82.2
72.7
81.1
87.4
67.0
55.2
80.6
88.7
85.6
59.0
82.7
60.0
68.7
56.2
84.3
60.2
72.8
69.3
64.9
69.5
*
72.8
68.4
68.4
68.1
82.0
68.8
60.1
58.0
74.9
60.8
61.0
74.3
82.7
59.3
56.1
73.5
66.7
69.9
84.8
74.2
75.1
73.0
84.4
61.1
69.5
81.0
73.6
86.5
73.1
76.6
*
70.1
76.8
70.9
66.6
86.9
81.8
63.7
68.1
61.1
80.1
56.3
82.5
87.0
85.9
82.3
66.4
84.8
81.5
62.0
63.1
61.5
86.1
86.9
64.4
90.1
63.2
60.9
57.7
63.5
74.8
79.0
73.4
68.7
64.1
87.4
101
63.7
83.5
65.2
*
67.8
80.3
67.0
61.6
91.8
80.5
79.3
73.3
84.2
58.4
59.1
80.3
76.3
88.0
68.1
*
87.1
66.4
70.7
75.0
77.2
65.8
71.8
69.8
80.8
77.9
77.0
57.8
77.7
71.8
63.9
71.5
95.0
61.8
73.3
91.8
88.3
73.5
58.9
72.0
80.7
82.5
86.5
70.6
69.9
