54.0
60.3
61.4
72.7
65.7
68.8
64.2
62.2
55.8
63.2
70.4
72.3
72.9
77.5
75.5
63.4
53.0
66.6
60.4
77.3
65.8
59.8
66.5
60.1
76.2
56.4
61.2
57.7
67.3
67.0
67.7
56.2
71.8
79.2
58.0
70.9
57.6
65.5
69.9
75.7
63.6
57.9
57.0
70.1
61.6
63.0
66.6
64.3
65.1
66.5
68.8
58.6
67.5
63.7
61.9
59.7
60.8
54.7
57.6
62.4
57.5
68.1
74.9
55.3
69.5
66.0
59.9
57.4
73.2
65.5
68.9
52.0
62.3
60.2
65.6
62.4
68.5
77.8
72.4
69.1
61.4
66.0
73.8
64.0
65.1
60.1
66.3
77.6
70.2
55.9
69.9
72.0
70.0
68.4
66.2
67.5
63.2
57.8
62.8
79.1
69.2
60.3
74.2
72.1
70.3
64.0
67.4
74.9
57.7
56.9
56.3
63.2
69.5
70.5
*
56.2
69.3
52.4
69.1
60.1
58.1
61.5
71.7
66.8
58.0
87.9
61.8
64.0
67.0
66.3
55.9
66.5
70.6
72.8
70.9
63.0
55.6
64.1
56.5
65.1
56.7
81.5
69.8
74.6
