*
74.0
104
116
107
117
113
110
107
99.8
105
109
106
94.0
105
101
109
123
108
109
114
116
112
109
109
111
96.1
*
94.6
94.4
127
134
103
111
95.8
113
106
107
109
97.1
104
108
94.9
98.4
114
117
102
100
106
111
102
93.4
98.4
92.1
116
115
113
108
110
117
102
97.6
131
112
101
113
113
93.6
97.7
111
97.9
109
100
97.9
112
108
97.1
120
99.1
101
108
96.0
105
95.4
120
109
108
106
98.4
113
110
130
106
97.2
100
113
91.2
102
106
112
94.5
112
112
97.7
101
110
95.2
92.1
110
95.1
112
112
109
95.4
*
93.8
109
109
97.3
114
116
113
111
94.5
99.0
102
109
114
92.5
119
108
93.6
101
98.8
95.5
97.4
95.6
105
108
112
107
98.5
125
96.5
