0.825
71.4
0.787
51.0
0.787
70.3
0.812
54.7
0.788
53.5
0.861
75.3
0.760
73.7
0.750
84.9
0.673
53.2
0.690
59.6
0.753
59.5
0.741
74.7
0.696
62.7
0.782
57.2
0.806
74.8
0.698
73.7
0.777
54.0
0.795
86.4
0.813
78.4
0.785
74.6
0.758
54.8
0.759
71.3
0.795
79.0
0.816
76.4
0.746
55.7
0.807
62.5
0.764
52.8
0.935
53.5
0.918
78.1
0.740
49.9
0.744
*
0.811
80.7
0.816
76.4
0.838
73.6
0.861
72.1
0.944
76.0
0.769
77.2
0.765
79.7
0.777
76.9
0.770
*
0.761
72.3
0.930
76.3
0.819
52.9
0.769
53.2
0.776
81.2
0.761
53.7
0.764
94.3
0.736
81.1
0.764
49.0
1.01
56.4
0.848
52.2
0.725
52.2
0.793
75.1
0.792
75.7
0.825
75.9
0.729
55.2
0.892
54.2
0.794
57.4
0.827
92.5
0.820
79.4
0.782
65.1
0.732
76.1
0.800
63.9
0.780
55.5
0.807
59.4
0.807
49.8
0.964
73.3
0.782
72.7
0.820
49.4
0.966
76.3
0.783
81.1
0.724
59.3
0.809
56.5
0.806
80.8
0.814
82.2
