82.5
118
72.2
71.3
70.9
72.3
68.0
67.7
67.6
68.1
75.3
74.4
77.9
73.3
65.4
67.7
66.9
78.3
68.1
72.7
69.1
67.3
65.3
68.6
81.2
85.6
68.4
*
74.0
73.2
74.2
74.9
76.5
69.4
69.6
69.1
72.3
68.9
70.7
70.7
73.3
80.6
73.2
75.1
71.5
69.5
71.2
64.5
70.2
76.0
68.4
69.1
69.7
77.3
69.4
68.7
72.0
76.5
73.2
77.2
71.6
80.5
65.3
73.5
78.2
67.9
75.6
70.3
72.4
68.9
70.7
70.3
71.0
70.9
70.5
72.6
74.5
78.0
69.1
71.0
69.0
73.4
63.2
81.4
66.3
74.4
68.6
70.3
76.4
64.2
78.9
72.9
78.7
72.5
71.0
64.8
75.6
67.1
71.3
67.9
64.7
69.0
69.7
71.5
70.4
73.0
63.4
*
64.3
67.5
70.5
72.0
64.0
67.5
*
76.5
75.3
88.0
80.5
70.5
67.3
73.2
72.4
65.2
66.9
66.0
68.9
68.8
76.0
68.7
71.8
72.1
68.9
89.1
67.6
66.0
63.6
81.5
73.9
71.7
69.6
65.9
82.9
72.9
