76.4
58.0
62.6
68.7
63.1
174
65.6
175
71.3
64.2
71.5
63.5
68.4
71.6
70.9
74.2
66.9
68.6
69.4
67.2
74.8
74.4
67.0
*
71.4
72.5
70.1
65.1
64.6
66.7
63.6
67.0
78.8
68.0
69.6
75.2
66.3
64.8
62.4
64.3
67.6
67.4
84.6
70.6
63.1
175
76.5
63.5
73.2
78.2
74.7
75.5
66.5
73.8
68.8
72.1
70.0
64.5
68.7
64.6
77.7
78.3
76.3
67.0
73.4
71.2
69.7
68.6
74.3
63.5
75.6
70.7
70.2
66.6
68.1
73.1
73.8
62.3
66.7
63.4
68.0
72.6
72.3
71.0
68.4
76.1
72.4
80.0
68.2
173
73.6
173
66.9
68.7
74.5
70.2
79.7
70.5
74.1
101
68.4
65.6
73.0
74.5
75.2
73.9
69.3
71.6
64.6
67.4
76.8
62.0
67.5
67.0
*
179
62.4
67.3
72.6
65.0
73.4
70.2
72.2
71.4
66.8
68.5
69.6
68.8
173
68.2
84.8
69.4
70.6
67.6
68.4
70.2
72.2
68.9
67.9
71.4
64.1
78.3
64.3
93.7
