0.978
66.7
0.837
66.4
0.872
72.1
0.928
69.4
0.840
86.7
0.878
79.0
0.880
77.5
0.831
84.7
0.787
80.6
0.808
87.3
0.902
71.1
0.839
55.8
0.801
78.7
0.875
62.0
0.898
83.6
1.07
60.6
0.955
98.2
0.822
80.9
0.861
89.7
0.839
59.0
0.910
64.3
0.770
70.3
0.851
62.7
0.886
56.2
0.803
84.7
0.818
64.6
1.05
85.5
0.829
60.8
0.815
87.8
0.838
83.6
0.857
78.6
0.857
58.2
0.759
59.9
0.819
*
0.858
66.5
0.866
54.8
0.865
57.5
0.888
76.9
0.817
57.3
0.837
89.0
0.892
66.7
0.847
82.5
0.828
72.9
0.797
59.8
0.759
65.0
0.793
63.3
1.15
56.8
0.705
65.0
0.857
82.2
0.806
87.9
0.793
86.8
0.854
87.6
0.843
83.4
0.789
80.1
0.838
60.8
0.823
88.4
0.860
88.6
0.898
66.6
0.841
95.9
0.807
90.0
0.796
88.3
0.847
62.0
0.925
88.4
0.868
86.8
1.08
69.5
0.888
56.3
0.880
57.6
0.791
75.7
0.852
75.9
0.874
64.9
0.872
59.1
0.723
62.9
0.799
83.9
0.830
*
0.841
63.8
