159
208
264
262
255
221
287
272
262
258
262
261
262
266
259
262
275
259
256
260
259
265
258
261
264
259
269
*
262
265
261
256
280
256
264
275
278
266
265
271
264
257
259
258
213
270
262
268
258
273
261
254
277
264
273
263
261
255
258
255
263
278
260
*
262
261
256
256
260
258
260
257
261
254
261
270
269
264
268
259
269
259
264
256
258
267
266
*
259
261
260
257
269
273
264
258
258
262
261
259
267
262
260
266
260
256
259
254
264
260
259
259
259
259
*
260
266
260
288
214
261
269
275
256
263
299
258
286
264
260
259
259
263
263
259
258
266
265
255
260
262
258
267
259
