0.855
53.7
0.844
51.7
0.905
53.3
0.851
81.9
0.832
64.7
0.850
54.6
0.803
64.5
0.728
55.4
0.961
68.8
0.751
69.1
0.843
52.6
0.779
70.9
0.840
65.6
0.998
49.8
0.821
69.3
0.800
51.4
0.849
47.3
0.857
60.8
0.864
65.0
0.840
51.1
0.723
53.6
0.707
58.0
1.02
63.0
0.811
70.7
0.997
66.4
0.751
66.3
0.832
62.1
0.711
58.5
1.10
51.0
0.743
65.8
0.808
66.8
0.884
65.8
0.706
55.6
0.802
*
0.860
56.2
0.944
82.9
0.966
47.7
0.873
67.6
0.800
49.2
0.801
55.2
0.861
66.7
0.981
67.7
0.881
47.8
0.722
56.7
0.754
117
0.774
*
0.774
92.3
0.734
76.3
0.889
78.6
0.896
71.8
0.713
71.4
0.761
75.4
0.802
67.8
0.743
71.7
0.827
66.8
0.775
69.6
0.824
68.4
0.835
65.1
0.861
67.5
0.846
70.4
0.773
69.8
0.742
62.0
0.851
63.5
0.807
71.0
0.800
60.5
0.750
69.1
0.788
67.0
0.953
71.0
0.830
61.3
0.759
73.8
0.762
72.5
0.765
66.8
0.797
65.5
0.969
71.4
0.788
68.3
