178
144
121
76.2
86.1
137
76.9
124
76.9
73.5
75.2
77.1
75.6
75.2
72.1
71.6
76.8
127
79.7
74.6
75.4
75.2
125
72.3
74.5
75.6
83.3
*
73.4
68.9
84.6
74.1
77.4
76.5
88.1
68.8
73.3
77.2
70.2
76.2
78.6
69.5
103
85.1
76.1
124
104
74.4
122
107
68.0
73.5
74.7
92.2
76.4
72.5
83.0
72.0
73.7
120
86.7
126
79.8
80.0
78.5
79.2
86.2
77.7
79.2
89.0
75.0
86.5
78.7
77.1
125
76.1
68.5
75.4
72.1
79.3
69.2
96.0
72.1
75.9
82.6
75.9
80.3
75.5
111
137
71.2
74.3
74.6
75.3
75.6
73.3
73.1
86.7
118
72.1
75.8
71.1
91.0
82.6
127
72.5
73.8
83.0
73.5
69.6
73.9
120
73.4
76.1
*
74.3
74.9
68.8
71.0
123
74.3
77.2
71.5
79.0
126
120
75.5
80.8
75.3
77.6
72.7
74.4
83.2
79.6
75.0
70.6
75.9
80.5
81.0
71.0
74.0
74.4
130
68.3
