1.08
53.8
0.821
47.7
1.02
61.0
0.831
60.2
0.829
68.1
0.807
70.5
0.790
65.4
0.766
56.0
0.784
73.1
0.736
58.4
0.766
83.1
0.767
62.9
0.708
74.7
0.766
52.2
0.876
74.8
0.836
74.6
0.801
64.8
0.848
64.8
0.818
53.1
0.833
49.5
0.782
53.3
0.715
72.4
0.749
46.8
1.01
136
0.753
70.6
0.715
70.1
0.792
53.0
0.780
72.6
0.773
70.8
0.773
69.3
0.832
67.8
0.802
48.2
0.793
65.4
1.00
*
0.830
66.2
0.816
61.2
0.811
68.4
0.810
54.0
0.760
69.4
0.759
52.4
0.808
54.9
0.792
44.3
0.735
46.3
0.818
49.0
0.768
65.9
0.740
42.3
0.731
83.4
0.793
68.2
0.769
68.0
0.823
48.1
0.829
66.8
0.877
45.5
0.869
69.0
0.803
53.1
0.817
64.7
0.770
64.8
0.813
46.2
1.05
47.1
0.992
74.9
0.801
47.7
0.818
67.8
0.734
64.3
0.783
72.0
0.784
74.1
0.752
50.2
0.758
45.7
0.829
71.9
0.801
47.3
0.861
48.4
0.858
60.7
0.776
68.0
0.756
78.5
0.818
47.7
0.780
50.7
0.794
55.0
