139
129
121
133
139
107
138
131
143
136
108
130
139
140
124
133
135
132
142
140
109
108
109
78.7
137
147
145
*
141
143
153
138
113
125
141
112
135
134
114
85.6
134
138
144
*
133
131
109
148
147
146
137
114
140
139
107
136
121
111
137
119
106
62.6
108
190
107
163
148
141
144
128
130
133
131
132
145
144
157
110
132
141
125
132
112
166
129
126
111
109
113
*
134
107
135
129
153
146
129
128
*
118
137
141
112
127
135
135
133
134
105
129
127
137
128
136
*
125
115
130
141
165
138
108
115
140
106
130
140
104
114
105
129
133
122
133
134
129
106
114
147
108
156
130
105
104
