99.2
84.1
48.9
93.5
45.0
96.1
103
42.7
99.1
48.4
102
93.1
97.8
97.4
41.5
98.2
98.6
95.1
51.9
96.3
46.8
96.1
94.5
89.8
43.7
44.2
114
59.7
48.7
52.3
99.1
52.9
100
105
113
92.1
98.6
44.7
97.2
48.5
98.5
42.5
98.4
51.1
44.2
52.3
95.5
65.4
95.2
65.3
95.5
51.2
47.4
98.4
96.1
51.4
93.5
102
43.3
98.3
90.6
99.1
91.8
102
94.4
102
48.4
51.5
44.3
48.1
43.4
95.8
96.3
99.6
96.4
44.1
46.9
49.8
101
102
102
52.6
44.6
56.4
98.3
43.1
57.0
41.9
52.8
98.9
46.0
95.7
46.6
94.4
104
48.6
99.9
41.9
95.9
56.4
105
41.9
99.6
47.9
104
45.4
55.1
91.9
60.8
95.7
43.6
95.4
96.0
50.2
*
103
98.6
95.2
63.9
100
53.3
93.6
109
95.9
95.5
51.8
44.6
98.5
44.5
106
100
104
48.2
45.8
94.7
44.6
46.5
52.5
94.2
95.1
42.4
44.6
91.8
44.8
