94.5
118
79.4
122
132
123
127
124
59.3
92.0
121
129
77.4
121
58.7
122
142
126
59.8
127
64.7
124
80.4
127
127
126
63.4
*
121
78.8
124
122
157
63.7
63.6
64.0
120
79.1
65.1
126
125
52.4
62.3
134
125
66.2
158
120
139
81.9
161
58.8
63.0
123
135
128
117
130
61.2
128
122
59.4
60.1
132
156
58.2
135
63.4
85.6
61.1
128
123
125
166
127
135
144
64.7
161
126
127
163
72.8
157
128
126
59.7
68.2
66.6
125
168
132
64.3
157
166
56.8
116
59.6
*
61.8
130
70.1
69.3
169
162
128
134
126
80.3
57.0
122
124
141
122
*
68.0
67.6
126
132
118
59.2
128
100
62.7
124
123
60.6
60.2
126
121
125
63.1
62.2
121
121
144
61.3
86.3
131
62.4
138
124
60.2
69.8
