0.815
60.2
0.811
64.7
0.838
56.3
0.833
74.5
1.02
80.4
0.915
134
0.823
81.0
0.824
56.9
0.805
71.0
0.821
61.6
0.856
72.7
0.829
55.0
0.842
80.1
0.856
59.7
0.806
75.3
0.781
56.8
1.07
93.8
0.807
88.4
0.810
59.6
0.834
58.4
0.818
55.7
0.713
71.4
0.794
67.8
0.843
85.8
0.795
67.1
0.745
68.6
0.751
86.3
0.735
73.8
0.802
66.6
0.856
67.6
0.781
78.9
0.770
69.1
0.782
79.2
0.811
*
0.790
61.4
0.815
56.1
0.845
122
0.834
69.0
0.848
54.8
0.740
62.4
0.824
68.9
0.786
72.4
0.772
95.9
0.889
118
0.773
57.3
0.812
65.9
0.738
54.5
0.806
56.7
0.766
92.1
0.764
61.0
0.827
81.3
0.750
82.6
0.812
86.9
0.766
65.0
0.862
52.5
0.850
83.0
0.884
57.1
0.818
90.1
0.860
64.5
0.857
62.6
0.831
77.2
1.00
62.7
0.827
84.5
0.876
90.5
0.826
64.5
0.803
69.8
1.02
57.8
0.793
58.7
0.769
73.4
0.931
94.7
0.795
76.3
0.755
86.7
0.779
62.4
0.878
74.4
0.801
68.7
