167
183
67.9
75.0
85.4
84.5
78.1
76.7
70.8
71.7
86.0
76.0
73.5
79.8
73.1
84.8
75.9
76.3
86.2
70.7
70.7
79.4
73.1
73.2
83.5
73.1
70.8
*
79.0
88.7
71.8
77.6
93.6
84.2
71.3
70.0
74.1
80.6
78.0
81.5
94.2
68.8
71.0
87.3
79.5
73.7
83.0
73.9
74.3
73.3
78.8
85.6
71.6
80.7
87.1
77.8
82.7
70.7
76.1
68.8
88.5
71.5
86.2
78.0
80.7
80.9
75.5
72.0
83.8
66.9
86.5
104
83.6
80.2
78.4
76.7
74.1
71.1
97.6
78.6
73.4
78.1
68.3
82.2
78.1
72.1
73.8
71.7
75.3
83.1
81.1
88.1
75.0
82.6
79.0
78.0
78.1
83.0
86.6
77.4
86.8
70.5
73.9
82.9
80.8
74.4
73.7
92.2
75.9
75.1
69.2
74.5
97.0
72.6
*
78.9
72.9
73.6
94.6
100
70.2
71.6
91.9
82.8
82.3
71.8
70.8
70.6
80.2
80.5
75.7
76.9
73.5
76.1
90.7
70.4
76.6
70.9
89.1
84.1
72.3
75.0
79.3
72.9
