0.877
73.0
0.820
64.8
0.823
70.8
1.02
69.5
1.07
83.3
1.03
66.1
0.922
62.4
0.784
65.8
0.798
71.5
0.816
69.7
0.827
69.1
0.843
65.3
0.894
67.0
0.862
67.5
0.855
68.7
0.785
75.3
0.849
77.8
0.821
63.1
0.846
88.0
0.864
66.6
0.819
67.0
0.763
61.5
0.804
64.3
0.875
64.5
0.780
76.0
0.770
69.4
0.820
70.5
0.788
64.9
0.802
66.1
0.768
63.9
0.848
79.8
0.817
68.3
0.848
63.5
0.990
*
0.741
67.7
0.767
71.4
0.887
65.9
1.16
80.6
0.825
69.6
0.782
66.8
0.913
62.6
0.813
84.3
0.822
66.2
0.892
71.0
0.825
63.6
0.802
66.6
0.754
66.6
0.976
65.0
0.822
71.1
0.761
67.3
0.846
65.9
0.778
62.2
0.789
61.2
0.770
65.2
0.783
62.7
0.801
64.6
0.840
71.1
0.847
67.0
0.906
61.5
0.812
66.7
0.833
61.8
0.807
67.7
0.895
73.1
0.838
74.3
0.784
66.3
1.02
65.8
0.911
61.8
0.784
69.5
0.821
62.1
0.778
61.0
0.970
77.5
0.763
68.1
0.816
61.8
0.801
65.6
0.758
60.3
