0.833
75.2
0.947
74.1
0.777
76.2
0.845
60.1
0.975
81.6
0.802
75.7
0.987
73.3
0.845
71.7
0.726
76.7
0.766
72.6
0.751
73.1
0.726
77.4
0.698
72.1
0.807
72.4
0.830
73.3
0.755
77.1
0.920
74.6
0.785
74.1
0.831
65.6
0.767
59.6
0.799
58.2
0.737
71.9
0.763
73.3
0.838
66.9
0.684
75.2
0.790
70.2
0.718
73.8
0.765
52.4
0.934
70.6
0.869
73.2
0.788
77.2
0.772
55.0
0.837
71.9
0.842
*
0.849
68.8
0.816
83.2
0.803
70.8
0.862
58.9
0.852
*
0.724
56.7
0.804
68.8
0.804
56.8
0.775
75.8
0.837
56.0
0.765
73.6
0.791
77.8
0.684
54.8
0.784
72.1
0.947
75.7
0.816
58.1
0.908
74.2
0.773
74.3
1.04
51.4
0.745
76.3
0.859
72.0
0.786
74.4
0.761
78.6
0.836
56.4
0.785
78.2
0.753
62.4
0.983
72.7
0.791
63.5
0.782
75.2
0.808
73.3
0.823
56.3
0.777
64.2
0.790
56.3
0.760
62.8
0.759
51.2
0.842
65.8
0.817
75.0
0.828
71.0
0.820
64.1
0.834
70.9
0.771
73.2
