123
117
123
123
116
123
124
119
126
120
122
126
132
118
119
117
127
112
123
125
118
121
117
124
125
118
123
*
118
124
122
116
125
114
115
114
118
121
125
131
120
125
128
126
120
124
124
117
122
120
126
137
128
123
130
114
127
126
115
113
125
125
125
122
129
139
117
116
126
121
126
121
133
115
115
126
130
118
117
115
115
133
114
126
126
112
118
116
141
114
139
125
121
130
124
121
130
136
128
125
118
144
117
128
115
116
132
122
120
117
117
126
119
123
*
119
118
125
118
121
121
130
113
122
121
124
118
121
124
125
124
119
127
128
118
126
128
117
129
131
128
122
119
122
