0.841
79.6
0.776
88.8
0.780
89.4
0.828
92.5
0.778
81.7
0.823
95.5
0.795
80.2
0.702
80.1
0.785
89.9
0.741
91.0
0.825
84.7
0.802
96.9
0.776
81.5
0.867
83.9
0.837
78.4
0.841
89.7
0.840
*
0.896
100
0.797
89.2
0.856
101
0.740
90.7
0.778
82.7
0.863
93.9
0.751
79.7
0.861
83.7
0.762
78.1
0.926
80.6
0.885
88.1
0.739
94.1
0.779
80.6
0.870
82.5
0.794
92.2
0.795
94.5
0.881
83.2
0.823
84.1
0.779
92.8
0.775
90.0
0.795
87.5
0.836
93.4
0.688
*
0.797
84.6
0.715
89.3
0.733
80.0
0.724
86.5
0.909
102
0.827
81.0
0.752
91.2
0.681
92.1
0.733
87.8
0.748
79.1
0.754
83.0
0.704
80.6
0.750
84.6
0.790
87.7
0.751
97.6
0.782
89.8
0.809
79.5
0.749
79.3
0.782
75.5
0.828
78.7
0.851
83.0
0.723
93.8
0.846
87.5
0.826
93.5
0.761
103
0.816
81.9
0.883
89.8
0.864
87.6
0.912
83.9
0.809
91.4
0.844
87.0
0.753
76.2
0.760
82.1
0.780
81.7
0.769
75.1
