167
191
72.8
85.3
92.3
73.0
82.7
86.5
80.3
77.3
77.1
84.8
89.1
78.3
83.4
94.7
75.6
80.1
68.6
75.8
80.4
80.9
73.8
76.1
80.0
76.9
74.7
*
78.4
74.9
89.5
74.8
77.2
75.8
75.4
79.4
102
74.2
76.2
77.1
78.9
75.3
77.2
70.1
81.2
77.1
73.1
72.5
75.5
82.8
150
86.2
73.6
74.8
77.5
75.3
85.9
79.0
81.2
70.1
77.1
79.2
81.6
74.7
82.3
84.0
77.6
161
151
75.2
154
74.5
84.0
150
80.3
77.6
168
75.1
161
75.0
76.5
153
80.6
74.7
78.0
79.5
75.0
74.2
75.8
75.7
79.8
75.3
85.3
147
75.2
72.4
161
91.6
80.5
84.3
73.9
70.2
77.0
155
151
83.3
82.3
75.3
73.6
77.5
79.1
77.3
76.7
72.8
*
78.4
85.4
88.9
151
84.3
83.1
80.4
78.3
79.0
75.2
76.2
83.3
76.1
84.0
77.4
81.5
77.7
85.4
79.1
74.5
80.7
75.6
77.9
81.1
97.7
75.4
156
91.0
79.9
