64.5
66.5
51.3
49.1
53.0
53.3
56.7
59.9
66.5
56.2
54.0
56.4
55.6
60.7
48.7
92.0
50.1
52.8
49.2
50.9
50.0
60.7
56.0
49.9
57.3
48.2
66.9
55.9
49.3
49.8
85.9
58.7
53.0
100
57.7
51.2
53.8
78.2
52.4
49.4
53.9
56.6
65.0
51.7
57.6
57.1
73.6
57.3
51.0
53.7
59.2
62.7
56.3
52.5
55.6
53.5
51.1
52.6
55.0
67.3
54.3
55.6
54.4
53.9
60.3
60.6
54.2
52.9
50.5
58.4
51.3
49.0
128
*
101
102
77.3
68.7
64.6
56.9
65.1
62.7
63.4
53.4
52.6
60.4
52.5
56.4
56.4
57.3
54.0
51.9
57.4
54.7
56.1
62.4
53.8
60.0
58.8
61.8
67.7
70.3
