175
173
225
158
172
150
155
171
172
176
159
153
175
176
176
156
*
178
163
206
153
150
177
170
182
176
154
*
153
147
161
146
178
154
150
242
199
157
154
149
162
168
153
173
175
177
157
203
160
171
170
173
150
168
175
149
151
161
171
161
154
169
167
163
168
183
149
157
166
170
178
177
187
175
171
152
150
149
150
171
170
148
155
170
169
*
167
197
174
176
176
180
161
*
153
175
164
203
174
165
166
153
180
205
165
155
151
162
162
187
193
154
157
154
*
170
175
162
170
155
171
166
186
176
175
162
148
181
187
147
148
179
157
147
158
184
172
151
151
177
153
148
160
173
