134
115
75.6
78.5
102
79.5
76.5
83.7
77.4
80.8
85.0
77.3
77.0
79.2
86.1
85.5
81.7
76.1
80.7
87.6
79.1
81.0
97.4
78.0
80.2
78.4
79.9
*
78.3
79.9
98.3
88.0
80.1
78.3
79.0
79.4
89.7
78.9
91.9
77.9
80.3
88.7
90.7
80.1
79.2
77.4
82.0
79.9
81.2
79.7
90.7
76.9
78.5
76.6
78.5
77.8
79.6
76.6
77.1
80.1
83.6
84.1
78.3
80.5
88.7
76.9
83.1
82.5
80.1
83.2
76.6
82.8
77.3
92.5
87.5
76.4
83.8
76.0
91.5
80.0
111
78.1
81.6
81.6
80.3
76.9
82.0
82.2
77.2
81.9
83.1
92.1
83.2
93.5
84.5
84.1
81.6
79.6
80.4
81.0
80.2
86.7
86.2
79.2
99.5
85.4
81.8
84.2
73.8
79.5
85.3
78.6
82.8
86.2
*
91.0
83.6
84.4
79.6
78.8
76.0
75.3
77.9
83.6
80.8
82.1
80.3
82.0
86.9
78.1
79.9
88.6
73.2
75.3
73.4
80.0
81.7
77.1
85.6
75.0
81.3
92.2
90.9
79.7
