49.5
84.1
72.6
65.8
*
67.2
60.8
*
63.8
*
66.3
90.8
61.9
62.6
69.3
64.3
*
*
67.5
66.0
64.1
80.4
100
83.8
66.4
64.2
66.4
64.9
*
77.7
62.8
82.2
64.5
67.4
73.8
58.8
77.2
78.3
63.7
66.0
64.2
63.5
69.0
58.1
*
*
78.3
63.6
66.3
76.4
67.2
77.0
65.1
76.9
61.5
65.3
66.6
67.4
75.6
67.3
80.2
88.7
62.5
74.3
84.8
63.3
61.4
89.1
66.0
68.2
93.8
72.0
62.1
66.3
70.7
89.0
68.4
96.9
68.1
64.8
107
63.1
70.4
62.8
66.8
80.3
67.1
69.4
92.1
*
68.8
71.0
65.6
65.7
62.7
65.6
66.6
71.8
*
61.8
63.5
62.1
76.5
65.6
63.8
61.8
64.4
84.0
87.0
65.4
73.1
66.7
64.4
67.3
*
72.6
99.6
66.8
79.7
*
67.2
74.3
66.1
68.0
63.0
*
65.8
72.1
66.3
62.4
72.2
62.1
114
63.7
61.4
*
61.2
72.0
*
66.4
78.9
68.9
75.6
95.9
