144
121
129
77.3
87.1
122
75.4
118
81.2
148
113
88.4
80.9
77.5
82.1
81.6
135
116
90.1
79.5
76.6
77.5
81.3
82.3
85.4
84.5
83.8
*
147
89.1
123
85.7
119
82.5
82.2
80.5
78.4
78.7
82.1
90.4
76.2
84.5
81.4
*
*
134
122
80.5
135
90.8
119
89.0
87.1
76.8
76.3
80.6
84.0
89.5
85.0
118
82.3
124
82.0
120
120
82.7
83.1
78.7
121
84.0
117
78.1
83.8
165
121
127
*
88.1
117
101
70.9
84.3
71.7
85.0
72.1
78.9
80.7
60.2
89.1
123
74.9
75.3
69.6
79.9
78.2
82.6
79.1
78.3
*
74.1
75.1
85.8
58.8
91.6
84.0
72.2
84.0
72.4
75.2
69.3
68.7
68.7
73.9
89.4
*
79.3
60.9
58.1
*
64.0
74.2
82.7
76.4
93.3
89.9
55.6
58.5
70.3
77.4
70.5
73.5
82.2
99.3
59.2
73.6
125
72.8
73.1
73.0
89.1
71.2
75.5
65.8
77.6
