186
150
77.8
76.8
81.6
88.6
98.0
75.6
78.8
82.8
79.5
76.2
76.6
78.0
77.4
92.1
74.9
78.1
77.5
74.8
74.9
71.4
78.0
73.5
80.0
76.8
76.9
*
76.0
77.6
104
80.5
80.5
75.8
76.1
83.6
79.3
76.7
83.0
74.1
88.4
81.3
71.3
75.0
78.7
80.4
88.9
76.5
79.8
77.5
75.3
75.6
82.0
83.3
74.3
79.6
74.3
81.4
81.7
71.3
79.8
174
78.6
77.5
81.3
91.0
79.3
77.7
91.4
79.0
83.4
75.9
76.6
83.7
76.1
82.1
75.0
77.3
77.5
74.2
77.3
74.8
75.2
82.1
77.0
79.0
75.2
76.6
79.7
79.9
72.8
79.1
79.5
78.1
76.0
82.1
75.9
80.0
75.7
80.4
81.9
76.4
78.5
78.1
75.8
96.3
80.5
108
79.2
75.9
76.4
111
76.2
79.7
*
80.9
77.3
82.8
*
89.4
73.1
84.5
82.2
77.4
74.2
170
79.9
80.3
74.2
79.7
78.9
88.8
78.7
74.7
72.5
78.3
78.5
79.5
78.5
72.7
82.5
72.4
77.7
92.1
