119
74.7
95.6
70.2
84.1
61.2
109
99.8
105
104
68.9
96.7
74.0
99.6
96.1
96.8
105
120
76.6
100
96.9
84.5
91.9
98.8
71.9
105
91.7
*
101
103
104
103
60.3
103
95.9
92.7
106
102
103
117
101
101
96.5
98.5
*
94.8
59.9
93.9
108
113
69.6
104
104
96.1
107
98.9
86.2
100
97.7
109
88.3
101
64.9
104
60.1
94.8
98.0
93.9
65.5
98.1
71.9
88.7
94.9
67.3
74.5
101
74.4
95.7
65.6
99.4
66.2
69.2
95.8
74.5
105
97.8
95.1
97.6
102
108
62.6
63.3
152
65.7
66.3
97.0
71.4
96.7
101
96.3
95.4
101
81.8
72.1
60.8
104
95.7
95.8
96.8
97.2
108
96.2
103
94.5
*
107
76.5
94.3
77.9
106
106
94.7
65.8
59.5
102
120
98.9
93.6
65.1
98.7
102
61.7
94.0
98.2
101
101
107
106
77.8
91.1
97.9
82.2
75.1
102
