0.813
154
0.790
149
0.748
135
0.820
139
0.755
148
0.788
152
0.792
163
0.808
139
0.771
152
0.783
157
0.819
130
0.738
132
0.725
139
0.793
150
0.981
135
0.692
154
0.839
135
0.779
139
0.779
169
0.819
153
0.763
133
0.727
175
0.811
136
0.782
137
0.729
131
0.772
155
0.835
157
0.731
132
0.775
131
0.870
159
0.807
151
0.791
134
0.858
163
0.754
161
0.800
140
0.778
130
0.743
130
0.773
157
0.782
135
0.704
*
0.825
129
0.735
130
0.724
156
0.733
133
0.691
160
0.760
134
0.742
144
0.710
136
0.838
155
0.798
141
0.844
152
0.751
152
0.775
163
0.744
159
0.889
138
0.750
137
0.826
150
0.794
130
0.759
151
0.930
154
0.787
159
0.754
135
0.760
156
0.748
152
0.716
161
0.768
131
0.763
136
0.885
144
0.775
131
0.797
127
0.763
159
0.748
155
0.785
150
0.797
156
1.07
152
