0.902
65.2
0.786
62.3
0.900
62.8
0.894
61.8
0.805
63.0
0.831
83.4
0.829
67.2
0.747
73.1
0.784
69.1
0.824
66.9
0.848
58.2
0.809
65.1
0.874
70.0
0.789
65.5
0.864
66.8
0.749
62.0
0.805
89.0
0.804
62.7
0.872
66.8
0.819
59.5
0.828
66.1
0.926
62.1
0.844
68.6
0.874
63.2
0.814
68.0
0.743
66.7
1.01
62.7
0.979
68.6
0.822
176
0.887
180
0.835
63.0
0.888
70.7
0.769
61.3
0.905
*
0.866
76.7
0.763
69.0
0.881
71.2
0.892
68.7
0.824
63.2
0.777
63.3
0.916
67.8
0.864
67.3
0.765
69.5
0.818
62.7
0.790
63.2
0.786
63.3
0.736
69.7
0.784
67.0
0.844
72.1
0.912
60.2
0.819
64.2
0.742
72.2
0.850
63.7
0.867
66.0
0.871
60.8
0.727
60.5
0.794
130
0.827
108
0.824
125
0.774
82.9
0.883
78.2
0.713
80.2
0.916
77.4
0.850
80.0
0.799
62.6
0.810
68.9
1.21
83.4
0.837
59.3
0.831
68.6
0.837
60.6
0.849
74.2
0.837
111
1.05
69.3
0.826
173
0.956
68.9
