215
125
71.0
68.6
81.8
62.2
63.6
80.3
59.7
57.0
56.7
66.2
83.2
64.0
67.9
65.1
62.3
68.0
67.9
68.4
66.7
64.4
68.9
67.9
69.6
70.4
59.6
*
63.1
80.6
66.8
62.4
61.5
59.3
68.7
56.7
68.6
68.0
74.0
66.2
61.1
57.2
77.7
*
69.9
97.9
98.4
64.2
68.8
67.0
92.9
72.1
64.5
70.7
58.5
66.6
65.6
55.4
59.0
75.4
66.2
64.1
63.6
71.0
59.8
56.2
53.0
65.5
69.1
65.5
68.4
63.5
66.9
60.8
70.7
60.7
65.6
65.5
54.6
57.9
65.1
61.5
64.7
71.9
71.8
85.4
76.1
71.7
61.1
*
70.6
64.6
70.2
61.6
59.9
67.1
76.1
68.3
66.1
62.1
72.8
68.8
104
67.8
65.7
76.8
62.1
70.2
60.0
67.9
69.2
57.7
63.4
73.9
*
61.2
63.0
58.7
64.8
61.8
63.9
67.2
72.1
56.0
63.9
124
68.3
56.5
80.3
65.6
61.8
54.6
59.1
71.6
60.3
73.7
57.1
63.3
63.5
61.2
62.8
53.4
64.8
74.6
