124
156
99.9
57.1
63.6
119
52.8
102
101
101
109
57.2
201
57.4
155
148
152
150
106
130
140
99.2
72.7
134
59.0
122
72.7
*
77.3
72.2
119
118
69.3
63.5
64.0
82.8
58.2
56.0
56.1
65.9
66.1
54.7
88.4
70.8
54.5
72.6
59.1
54.6
67.0
81.5
120
64.2
61.9
68.7
75.8
121
63.9
59.5
72.6
120
67.4
208
56.5
69.9
84.5
59.6
126
60.8
72.1
61.4
65.3
60.5
75.8
64.3
76.4
63.5
123
71.8
122
72.3
58.6
58.1
59.7
129
64.0
64.5
70.0
58.4
65.9
*
121
126
122
127
133
63.4
127
60.5
*
61.5
76.6
83.4
65.4
73.4
124
122
69.3
84.5
58.5
59.8
56.6
75.9
88.8
64.0
*
124
84.9
79.5
76.1
78.7
62.5
59.9
54.3
60.5
67.3
155
58.9
58.5
134
60.9
63.4
55.5
72.4
67.5
72.3
62.9
74.0
68.7
124
75.1
59.2
127
64.3
63.9
