0.873
52.6
0.848
53.6
0.798
49.9
0.873
52.3
0.845
54.8
0.735
51.9
1.01
73.6
0.776
68.9
0.786
70.8
0.839
55.3
0.802
56.3
0.748
49.7
0.795
80.7
0.859
51.8
0.890
53.0
0.831
53.3
0.865
57.7
0.832
63.4
0.851
50.8
0.810
46.9
0.965
49.8
0.720
60.9
0.927
56.9
0.889
77.7
0.747
66.2
0.717
55.6
0.880
67.7
0.789
48.9
0.737
47.2
0.736
66.6
0.812
70.3
0.801
57.1
0.767
46.4
0.857
*
0.850
80.2
0.906
58.8
0.836
60.2
0.816
93.6
0.805
49.9
0.745
67.0
0.844
53.1
0.790
54.9
0.771
60.9
0.752
49.7
0.821
45.8
0.733
50.8
0.715
62.7
0.751
50.6
0.872
66.3
0.828
53.0
0.834
75.1
0.740
68.1
0.850
50.2
0.783
55.5
0.891
52.5
0.795
55.2
0.832
48.0
0.841
52.0
0.808
53.9
0.855
52.0
0.772
66.9
0.739
55.2
0.830
51.0
0.862
49.6
0.833
69.0
0.831
45.5
0.807
54.2
0.772
56.2
0.788
54.1
0.962
52.0
0.814
53.0
0.764
69.5
0.821
53.9
0.778
54.9
0.852
48.3
