160
93.5
133
132
130
136
144
140
138
145
142
133
147
134
*
132
132
143
133
144
135
136
134
137
138
134
139
*
134
147
146
137
140
134
130
136
134
140
132
138
135
138
133
139
130
131
138
140
139
191
133
142
130
133
142
135
137
142
142
134
137
134
136
135
141
135
136
131
141
132
144
134
130
132
130
139
136
133
139
139
134
141
133
131
130
143
137
133
138
137
140
136
131
132
142
143
133
130
140
131
133
188
170
*
167
*
139
175
130
146
118
142
131
116
*
135
119
135
*
105
127
104
122
135
104
124
98.2
142
136
142
144
135
116
102
106
105
143
116
105
102
144
144
99.0
105
