109
104
147
144
109
109
148
117
108
117
144
143
110
145
120
143
113
107
143
148
107
141
111
111
113
109
109
*
140
112
143
108
123
108
115
109
103
105
111
159
145
109
120
158
144
124
108
147
141
116
112
120
105
141
111
106
145
167
114
141
142
111
109
106
118
105
112
141
142
110
145
146
138
107
113
109
143
108
159
138
112
140
111
107
107
154
107
105
114
123
108
108
109
107
109
122
141
144
111
107
144
105
111
150
141
115
146
158
127
104
104
111
144
138
*
108
106
133
140
113
148
128
112
146
142
148
108
107
121
113
106
154
105
146
148
144
105
120
141
143
109
148
106
120
