55.2
62.2
50.6
45.9
48.7
48.7
54.8
57.5
55.8
51.8
49.8
50.4
47.2
55.5
49.5
50.1
51.0
46.2
53.6
51.8
53.0
47.6
54.3
48.1
48.8
51.8
48.4
51.3
69.8
49.0
50.7
58.6
48.6
55.1
53.1
68.5
52.8
56.3
48.7
48.0
49.9
48.3
60.8
48.1
52.7
47.8
51.4
55.7
61.4
76.8
47.3
55.1
65.1
52.9
48.8
44.7
49.0
47.2
46.6
58.7
45.2
48.2
52.4
50.7
61.8
47.6
49.4
46.8
48.7
56.6
43.8
52.7
54.5
49.9
51.7
45.5
54.6
46.9
51.6
61.2
57.1
49.5
51.8
55.7
196
50.8
53.1
52.9
53.4
44.7
53.5
186
53.1
47.2
52.9
50.0
44.9
45.8
54.1
52.0
181
50.4
