119
122
84.4
77.8
73.5
71.1
71.6
72.8
75.6
104
77.4
79.9
71.2
80.6
73.6
69.9
89.4
72.5
85.7
72.3
85.3
78.3
78.6
79.6
85.4
73.2
78.4
*
78.8
75.6
74.7
71.9
71.6
73.9
73.6
75.4
72.8
72.8
75.3
70.6
81.7
73.3
68.6
73.0
70.8
74.1
71.7
73.7
74.6
101
88.4
87.1
81.8
75.4
87.3
73.1
81.1
118
71.7
80.6
69.1
72.1
81.1
75.1
68.4
76.1
69.3
80.3
75.0
76.0
77.3
79.0
71.9
86.0
70.4
77.1
76.6
80.3
74.5
76.4
69.3
75.9
75.4
79.5
77.8
85.3
78.9
74.1
70.9
73.2
77.3
81.9
85.4
89.2
73.9
76.1
72.4
78.4
72.7
71.7
73.1
76.3
72.2
74.2
70.4
79.3
73.3
79.1
83.7
72.6
74.3
79.3
76.3
76.5
*
67.4
71.6
83.2
87.0
74.4
71.1
74.8
81.7
74.9
78.2
75.7
73.3
73.7
74.0
81.4
84.0
73.1
83.0
73.9
74.8
72.9
85.9
78.6
73.1
89.3
74.2
75.0
83.3
69.2
