0.809
63.6
0.760
62.3
0.797
56.8
0.814
60.4
0.853
60.2
0.819
56.4
0.788
77.6
0.933
61.2
0.784
85.2
0.798
58.4
0.825
70.3
0.704
61.7
0.794
80.5
0.786
62.6
0.826
61.4
0.773
67.5
0.827
87.0
0.774
61.3
0.864
63.2
0.785
66.0
0.744
60.9
0.784
67.0
0.804
63.0
0.814
67.1
0.776
68.0
0.823
59.5
0.734
70.6
0.845
64.2
0.759
67.4
0.843
58.4
0.832
82.1
0.908
56.8
1.03
60.4
0.769
*
0.821
58.6
0.835
61.3
0.823
74.7
0.814
60.2
0.810
84.8
0.878
*
0.800
74.3
0.773
63.5
0.826
68.0
0.808
61.1
0.747
88.9
0.809
61.0
0.801
59.7
0.750
75.6
0.837
58.0
0.877
66.9
0.830
79.1
0.739
65.3
0.850
65.1
0.859
81.1
0.799
63.7
0.724
66.4
0.794
62.3
0.866
69.9
0.837
60.8
0.825
61.9
0.736
81.6
0.683
76.1
0.774
91.5
0.821
62.2
0.768
59.4
0.779
56.8
0.786
69.9
0.744
62.9
0.756
75.2
0.764
58.0
0.698
64.5
0.751
59.5
0.728
66.4
0.844
61.5
0.738
63.2
