104
115
94.4
116
96.7
115
111
117
95.2
99.7
93.8
118
115
111
98.1
109
117
112
103
118
92.6
112
102
112
94.2
113
92.9
*
95.3
122
115
93.2
92.5
94.4
97.7
105
116
92.5
114
98.1
110
92.6
93.3
96.3
118
115
87.6
90.3
119
133
95.2
101
115
110
92.5
96.9
108
94.4
97.4
94.3
103
113
107
113
103
114
89.2
115
124
115
116
93.2
115
101
92.4
94.6
93.3
94.0
101
114
99.8
93.8
122
96.4
114
102
93.2
93.6
117
128
106
110
95.3
101
90.9
115
96.1
98.0
111
114
116
115
113
108
90.3
103
91.5
117
88.9
94.5
104
93.2
115
90.5
*
119
117
92.8
113
92.5
102
113
89.4
114
110
109
116
97.3
123
95.9
119
116
97.5
93.2
124
110
112
93.5
89.9
109
112
98.8
*
114
