0.944
60.0
0.821
66.3
0.854
62.2
0.861
64.1
0.850
60.8
0.846
92.4
0.839
78.8
0.834
73.4
0.758
64.1
0.840
69.2
0.875
74.9
0.754
69.7
0.865
71.1
0.861
64.3
0.882
69.5
0.835
70.6
0.910
71.1
0.873
85.2
0.865
59.6
0.823
71.0
0.805
65.3
0.760
66.5
0.850
64.1
0.960
62.1
0.790
*
0.827
61.8
0.760
67.7
0.722
67.6
0.804
96.1
0.864
64.5
0.814
64.7
0.851
65.4
0.906
64.3
0.849
*
0.830
62.2
0.993
69.0
0.814
63.1
0.839
68.6
0.863
62.8
0.795
66.8
0.795
96.8
0.792
70.2
0.792
69.6
0.854
82.4
0.789
65.9
0.767
60.9
0.809
60.5
0.746
65.9
0.806
94.5
0.889
86.3
0.826
69.5
0.733
65.8
0.814
67.0
0.770
98.7
0.798
73.1
0.732
69.9
0.880
60.2
0.855
61.1
0.840
59.9
1.04
62.6
0.919
63.0
0.875
74.3
0.790
64.7
0.811
72.5
0.837
64.0
0.832
65.4
1.10
60.0
0.780
67.0
0.806
65.0
0.805
60.9
0.791
63.4
0.775
62.1
0.767
71.3
0.829
60.5
0.780
62.8
