87.1
146
130
84.9
85.5
90.5
90.3
98.3
94.9
88.2
91.2
108
94.4
106
85.5
91.9
99.2
94.5
86.6
98.4
88.6
128
102
92.0
92.1
89.8
108
*
92.5
89.4
116
109
90.4
106
99.0
91.4
97.7
93.6
96.0
88.0
89.3
94.0
102
105
88.7
108
88.5
140
97.7
86.8
102
88.4
91.7
106
89.2
87.8
90.6
84.3
88.7
91.6
93.5
94.4
93.9
93.2
88.6
102
92.2
97.4
90.9
93.5
94.5
93.3
91.5
93.8
91.2
83.2
113
89.3
91.5
94.2
89.8
92.8
102
109
93.7
94.4
96.0
94.7
97.1
114
110
92.5
87.2
112
105
104
96.4
91.9
92.2
93.0
90.9
88.3
101
106
96.0
86.7
94.6
118
91.0
95.9
88.0
90.3
103
97.1
*
92.0
90.0
83.1
86.7
86.8
93.0
92.5
89.6
93.0
105
96.9
90.8
86.6
84.2
95.0
87.8
96.3
99.5
92.6
111
88.6
93.7
86.7
99.1
89.2
90.2
103
88.1
125
