104
91.0
205
203
89.2
201
202
*
84.9
208
199
198
86.5
83.5
84.0
84.9
202
83.3
87.0
202
209
204
88.0
203
89.3
89.5
84.5
*
92.4
98.6
201
198
201
84.8
84.2
86.1
202
82.9
86.9
202
81.0
102
82.3
211
82.1
212
204
199
199
98.7
208
231
84.8
84.8
210
217
203
203
81.7
211
207
93.3
202
206
207
95.3
205
84.4
88.3
92.3
91.6
208
87.4
212
84.5
210
202
83.7
88.9
92.2
85.2
203
212
204
202
207
89.0
88.7
81.5
*
84.7
87.0
85.0
202
209
87.9
206
202
84.5
87.5
83.0
91.0
96.0
143
149
150
143
87.7
143
147
139
156
87.3
142
*
79.5
81.4
164
84.9
143
89.7
148
145
157
81.1
148
82.5
83.4
92.4
90.1
215
201
84.2
83.9
90.9
*
156
122
135
128
113
96.3
84.8
92.9
