101
150
114
99.0
115
106
105
110
109
116
107
99.8
110
103
102
102
101
116
119
102
99.9
109
114
138
109
110
115
*
117
101
107
106
104
120
111
113
99.0
106
112
97.8
103
110
115
108
114
140
101
106
109
101
99.0
112
103
121
114
106
120
97.4
112
97.1
115
107
105
106
104
119
137
101
103
111
102
118
101
108
117
96.5
102
107
110
126
109
103
100
111
101
104
105
107
100.0
110
100
132
104
103
99.3
107
100
103
117
102
110
116
113
102
140
104
96.9
108
109
139
110
101
98.5
102
*
114
110
103
99.6
115
120
112
105
99.5
100
102
111
112
116
117
99.3
111
114
101
97.0
97.2
109
120
120
111
109
112
112
112
