156
147
102
95.7
96.3
98.4
93.6
187
91.7
103
91.5
90.8
91.5
92.4
114
86.5
97.7
92.9
94.8
104
93.7
92.9
112
95.4
114
91.0
94.5
*
111
101
92.8
135
89.0
93.1
93.5
98.5
90.7
94.1
94.5
94.8
92.0
99.7
97.4
92.3
102
124
113
87.2
90.3
106
104
91.7
91.3
105
130
117
97.3
101
92.4
107
94.4
188
103
116
92.1
92.0
114
102
189
90.7
*
95.6
93.8
97.3
87.8
126
87.5
98.3
125
91.8
90.4
92.2
91.5
*
96.7
112
96.7
92.9
99.4
89.1
97.6
190
88.0
95.0
97.3
95.7
97.4
91.4
143
92.4
115
102
97.4
90.3
113
97.0
90.9
112
103
92.8
97.4
113
91.1
92.6
*
190
99.6
96.7
108
93.0
91.5
92.1
96.3
93.2
93.2
91.9
88.4
91.5
104
93.9
92.2
93.0
90.7
91.0
97.2
99.8
95.0
93.6
98.9
192
93.5
104
88.6
110
