179
184
82.8
103
76.2
81.6
91.2
80.8
80.9
74.8
94.5
92.6
95.8
79.5
78.8
83.2
80.5
93.4
78.8
97.1
77.1
98.4
73.4
82.8
78.2
92.7
80.5
*
76.6
76.8
94.2
75.5
81.5
73.4
83.9
77.9
78.6
83.7
75.8
76.2
79.6
77.0
76.9
75.8
74.4
75.9
84.5
77.0
94.2
72.7
94.0
79.0
79.7
75.4
80.8
78.8
93.6
79.2
79.5
76.0
93.4
78.4
81.5
75.7
79.2
74.2
83.8
92.9
87.1
85.5
77.6
102
79.8
75.9
84.5
78.6
76.4
77.2
94.3
81.1
77.7
96.1
84.0
80.2
80.1
72.9
75.7
75.4
79.3
72.4
76.5
80.0
78.0
97.5
94.2
74.8
94.1
76.8
90.7
76.5
86.7
76.6
93.6
94.2
83.8
79.2
83.7
83.4
75.0
78.2
77.8
78.6
81.6
80.8
*
83.4
96.4
86.2
75.2
81.6
103
81.5
77.0
95.3
79.4
77.2
88.4
77.8
77.7
77.5
77.4
97.3
88.3
76.6
78.4
76.3
77.8
81.5
93.3
97.1
76.7
83.0
87.5
78.1
