68.0
94.9
98.7
126
135
118
116
138
126
102
101
111
134
105
110
145
107
139
134
103
103
133
136
105
129
103
161
127
106
101
104
153
106
105
127
101
148
113
108
135
138
152
120
136
129
107
128
105
113
108
126
108
112
119
113
105
137
93.1
111
107
135
127
99.8
103
114
148
99.2
103
129
110
123
132
110
105
139
109
108
116
108
111
137
116
104
107
110
103
114
109
105
134
109
137
102
108
102
114
121
110
132
124
94.2
113
133
97.9
133
123
133
118
102
128
109
101
123
135
*
138
139
128
124
94.7
112
123
104
101
128
128
113
107
103
110
104
102
104
134
106
110
113
103
130
133
125
108
111
105
