147
165
69.7
55.8
64.5
81.4
53.5
53.8
66.0
65.7
242
53.5
73.3
73.4
71.8
67.9
52.4
62.1
75.5
53.0
67.0
50.7
61.6
45.9
67.4
75.7
62.0
*
62.7
65.9
52.7
46.7
76.8
68.0
62.0
69.3
56.0
64.7
66.6
53.4
68.2
62.3
65.3
*
69.3
98.5
75.4
70.6
50.5
74.4
104
50.9
66.2
67.3
60.7
54.4
51.1
50.4
72.0
54.2
48.4
51.7
47.6
64.7
62.4
72.9
61.3
250
61.4
77.8
*
49.4
64.6
74.9
63.7
58.6
103
68.2
68.9
63.8
62.2
75.0
73.5
105
50.7
71.3
63.5
65.4
65.1
85.6
*
66.1
69.0
105
61.2
65.7
247
69.2
67.4
70.6
69.9
71.4
64.2
68.5
58.7
50.8
66.0
70.3
51.4
59.0
50.9
54.3
67.7
56.0
*
70.6
65.7
52.7
104
75.3
65.1
46.8
54.2
97.3
76.3
62.4
75.6
74.6
62.9
65.8
56.5
106
48.4
47.9
73.8
238
72.1
58.6
51.3
61.5
70.5
*
48.5
59.4
