0.899
53.7
0.810
61.9
0.729
67.0
0.761
57.7
0.790
61.5
0.811
55.9
0.804
61.5
0.819
54.0
0.776
60.9
0.804
55.0
0.780
51.0
0.758
69.7
0.744
56.0
0.758
58.4
0.726
57.1
0.778
61.7
0.866
64.4
0.768
64.8
0.738
56.4
0.768
63.9
0.739
50.8
0.713
57.8
0.768
55.8
0.786
51.6
0.799
61.4
0.706
61.2
0.823
66.2
0.779
55.1
0.728
57.8
0.789
60.6
0.833
61.4
0.818
57.1
0.825
58.8
0.833
*
0.818
70.7
0.845
63.7
0.819
67.2
0.737
58.8
0.870
57.5
0.782
71.8
0.796
55.7
0.702
56.4
0.965
64.5
0.789
65.8
0.780
57.9
0.739
55.1
0.769
53.8
0.724
61.2
0.797
59.6
0.818
52.9
0.837
65.1
0.750
59.8
0.828
62.1
0.750
58.7
0.804
56.9
0.816
56.9
0.883
56.1
0.805
57.1
0.774
53.1
0.835
58.2
0.933
61.1
0.777
64.6
0.941
57.8
0.743
58.9
0.779
57.4
0.837
60.2
0.876
52.2
0.804
53.3
0.754
59.9
0.786
55.8
0.832
63.7
0.755
62.2
0.930
54.2
0.846
71.4
0.823
53.7
