77.6
71.1
87.5
54.4
60.0
67.5
53.1
100
101
82.7
75.0
55.9
103
102
83.5
103
107
104
85.6
56.6
80.2
53.5
102
53.8
59.5
83.9
104
*
68.5
84.4
101
104
69.5
64.3
103
67.2
95.4
59.3
82.7
65.4
117
100
99.9
59.7
104
109
66.8
82.1
108
78.6
59.8
81.8
84.1
102
74.3
106
48.8
69.4
104
109
50.0
102
63.1
103
73.9
67.0
99.9
108
69.9
65.8
63.2
79.7
98.8
99.9
102
105
73.8
63.9
82.9
108
101
72.7
63.4
63.6
99.3
79.1
63.7
73.5
79.0
104
68.7
73.6
82.3
46.6
69.7
103
82.4
80.0
79.2
78.5
102
60.5
107
82.8
80.4
102
63.8
134
73.9
101
105
66.4
101
62.1
*
103
98.9
67.3
63.3
83.6
103
102
69.1
68.1
100
99.6
61.2
74.4
67.4
68.1
64.1
63.4
92.5
77.8
150
98.3
102
73.7
54.1
52.0
102
62.6
66.6
80.4
