94.1
72.9
106
139
95.0
112
141
108
136
94.8
136
137
135
137
101
133
189
96.2
97.2
142
108
135
101
135
97.4
94.2
126
*
97.3
92.5
138
98.9
132
94.3
135
99.7
135
126
110
128
132
97.1
134
126
92.7
122
133
94.9
136
95.0
131
96.0
97.3
131
102
95.1
139
117
143
109
131
113
128
92.1
134
110
121
99.2
128
133
128
133
134
127
106
98.6
146
131
138
91.9
108
137
126
137
121
97.8
135
125
106
101
101
126
103
134
142
128
137
97.9
93.3
96.4
134
140
134
142
130
101
99.4
133
103
136
97.3
92.3
108
123
*
130
131
98.9
129
91.3
92.1
97.8
140
144
137
100
144
96.3
149
97.8
99.9
131
93.2
107
138
98.6
110
91.7
132
96.1
94.1
129
157
92.2
