0.932
64.9
0.786
60.4
0.796
51.2
0.840
50.8
0.755
69.4
0.864
49.8
0.849
64.0
0.954
69.3
0.817
67.7
0.949
75.4
0.939
74.1
0.790
81.7
0.776
51.2
0.813
52.6
0.812
71.9
0.760
55.3
0.968
77.0
0.852
61.6
0.792
68.6
0.844
46.4
0.784
66.8
0.722
53.5
0.856
48.6
0.902
45.9
0.789
63.5
0.726
75.4
0.817
46.5
0.798
70.7
0.830
74.7
0.822
71.4
0.876
*
0.783
46.1
0.799
53.4
0.800
62.1
0.823
70.2
0.812
50.0
0.963
61.1
0.922
61.2
0.737
48.1
0.825
*
0.845
69.1
0.776
58.7
0.841
53.1
0.756
50.4
0.786
48.9
0.731
46.1
0.757
54.5
0.772
54.9
0.705
71.9
1.07
51.2
0.827
69.4
0.802
65.1
0.829
51.2
0.869
57.5
0.755
66.3
0.807
67.4
0.868
47.5
0.899
51.7
0.804
75.0
0.780
74.4
0.801
67.0
0.754
48.4
0.792
68.0
0.821
65.0
0.797
56.5
0.838
50.7
0.809
72.3
0.826
55.8
0.900
46.4
0.793
48.6
0.819
61.2
0.752
62.7
0.826
68.9
1.17
61.6
0.818
60.4
