126
167
78.4
68.1
82.4
85.4
71.4
64.1
72.0
82.1
80.6
70.7
80.1
82.3
64.0
63.4
79.5
65.8
65.3
65.8
79.7
86.7
87.4
66.8
80.4
82.2
68.4
82.1
68.3
75.8
63.1
76.9
82.6
80.2
73.8
84.5
82.3
83.6
76.7
66.7
83.7
79.5
67.8
69.3
63.2
86.2
79.0
67.0
76.2
87.4
72.2
86.9
87.8
72.9
82.1
81.6
80.6
96.0
67.5
78.4
78.9
87.8
76.9
84.7
81.7
89.8
78.7
68.8
82.2
73.9
83.6
80.0
66.8
89.5
87.4
84.0
82.0
79.9
80.8
70.9
99.2
70.6
82.5
71.8
87.0
78.4
89.1
80.2
78.8
62.0
65.1
93.8
66.4
67.4
63.6
75.0
88.8
70.4
86.9
77.2
62.0
64.0
77.7
65.0
85.6
80.8
67.1
67.8
83.5
64.6
79.3
83.9
119
60.3
*
72.1
72.7
83.5
83.0
74.2
65.9
80.5
89.5
82.1
75.1
67.3
79.9
78.8
73.2
82.6
84.4
80.1
82.8
74.7
81.0
72.0
78.8
88.8
85.4
94.0
70.9
83.4
84.7
77.9
