94.9
80.8
107
124
106
105
128
131
125
140
126
127
126
108
110
121
109
106
141
138
107
126
107
128
107
141
130
*
112
112
108
134
107
103
134
120
131
107
104
132
108
122
125
125
106
106
110
103
105
108
112
109
112
115
138
131
133
123
112
111
130
102
110
130
113
112
130
113
107
132
159
138
106
104
105
136
81.6
110
73.8
107
111
106
112
109
132
107
113
118
110
127
111
106
126
119
127
113
82.7
106
120
113
103
109
134
112
76.7
124
127
109
108
127
126
130
110
132
*
126
127
141
111
108
107
146
104
108
114
112
139
105
130
109
135
103
109
131
110
120
106
108
135
133
108
82.5
106
106
