162
187
147
134
140
148
134
146
135
148
182
136
136
182
136
176
135
138
140
136
142
140
140
136
138
136
142
*
182
154
136
185
175
142
139
147
143
185
141
140
186
151
139
139
177
136
173
136
137
169
175
138
141
190
155
176
142
178
146
194
134
142
152
147
176
137
181
135
140
182
184
135
180
179
160
181
175
179
148
190
139
174
181
184
148
137
183
182
137
141
140
151
136
180
139
137
174
137
137
170
185
136
145
182
137
177
139
177
135
135
185
140
181
135
*
140
138
148
181
137
139
138
149
177
137
151
181
148
144
141
149
175
137
140
181
140
138
150
134
135
136
183
145
153
