90.3
65.8
64.6
70.7
69.0
87.2
70.7
77.6
65.6
62.1
70.2
67.0
64.9
72.2
64.4
69.4
74.1
62.7
68.0
82.2
65.9
64.5
72.2
71.2
74.7
61.5
67.4
*
71.3
64.8
74.0
62.1
70.9
73.0
64.3
76.3
64.3
62.7
74.6
72.4
78.6
68.8
63.5
81.3
64.4
64.0
75.0
59.3
72.7
79.9
69.7
64.0
57.0
73.9
61.3
66.8
62.7
63.9
62.3
65.7
68.9
63.2
63.0
62.0
81.6
77.0
65.2
73.0
70.5
60.9
72.0
64.8
70.4
72.3
63.9
65.9
72.6
66.1
77.8
71.7
67.9
62.9
61.8
68.8
63.7
63.4
62.5
59.9
62.1
68.4
74.0
66.2
63.8
81.2
73.9
68.0
73.5
57.4
69.7
61.8
77.1
75.1
60.6
65.2
79.4
63.6
72.6
70.7
67.8
61.4
64.9
61.0
77.9
71.2
*
66.8
61.2
74.4
70.3
64.2
67.8
63.0
73.1
70.3
70.8
79.4
62.0
75.5
74.5
71.3
62.8
72.2
69.7
74.8
67.7
70.8
63.2
68.4
64.6
61.4
70.7
72.4
59.1
94.0
