246
151
70.7
79.9
72.7
63.2
71.4
71.0
63.9
68.0
71.7
80.4
65.9
67.2
*
77.9
71.1
70.5
73.6
74.2
71.4
74.2
66.3
68.9
65.2
86.4
70.1
*
74.4
70.9
69.0
70.3
67.6
72.8
65.4
78.7
68.0
68.7
73.7
70.1
67.5
59.6
64.6
63.4
78.5
77.6
81.3
65.1
70.8
105
68.7
63.4
71.2
79.3
66.5
63.7
71.1
71.3
64.8
69.9
71.4
75.1
61.7
68.0
71.9
73.8
67.5
71.7
62.9
74.5
107
82.5
64.9
69.3
62.8
64.0
66.4
67.2
74.6
77.1
63.3
65.5
63.9
76.2
63.2
68.9
67.5
60.9
82.0
*
79.2
69.0
63.8
74.2
69.7
67.4
69.7
67.0
66.9
78.2
66.7
74.0
67.2
67.9
68.7
76.4
63.6
65.0
65.3
67.9
63.4
67.4
64.7
99.5
*
64.7
74.4
80.8
*
62.5
64.1
71.7
69.5
77.7
72.8
71.9
66.5
68.0
67.2
69.5
64.6
68.0
68.9
75.1
64.1
61.0
71.8
69.8
79.8
67.4
74.9
68.4
68.7
68.3
