148
126
112
79.4
104
111
80.1
84.7
76.0
82.1
77.6
80.8
95.0
80.4
78.4
82.7
92.7
102
94.9
82.5
79.5
87.8
80.2
80.2
109
97.8
94.3
*
78.6
79.1
80.1
74.2
95.3
88.1
79.2
78.5
89.5
80.4
74.8
81.1
96.6
96.5
74.9
83.5
83.8
87.2
105
101
78.7
86.6
103
98.4
78.7
79.5
92.5
86.7
89.5
76.6
82.0
76.6
83.8
84.6
82.3
99.8
97.1
80.5
76.9
102
95.1
90.6
100
86.4
95.0
110
77.6
81.5
104
81.9
75.8
94.1
85.2
103
74.3
95.9
78.3
95.6
86.1
75.1
77.1
95.5
109
98.3
72.4
98.1
105
81.0
94.5
114
*
83.4
82.5
96.2
93.9
98.4
79.5
78.7
83.2
74.1
104
96.0
99.0
84.1
84.6
126
*
75.9
99.4
80.1
*
79.6
93.9
97.5
88.3
99.8
78.8
85.4
83.1
90.5
79.0
102
79.0
99.1
*
78.2
98.0
109
80.0
100
98.2
76.2
89.5
99.8
78.2
82.7
