169
145
66.6
60.9
60.7
53.8
70.8
60.6
55.6
76.7
69.3
65.7
66.0
57.1
57.7
58.4
70.4
60.9
55.1
54.9
74.0
75.7
59.3
72.1
68.5
59.3
55.1
61.0
65.8
61.4
59.7
60.3
61.0
60.9
58.3
67.2
62.1
75.4
59.9
67.9
64.1
63.6
*
64.0
72.8
56.6
63.7
66.3
64.5
55.8
56.3
66.2
74.1
72.6
61.7
64.2
67.9
69.9
55.8
65.0
64.2
68.1
63.1
59.1
59.9
60.0
61.0
60.4
68.8
66.9
61.0
67.7
64.5
54.2
64.6
66.5
66.7
67.3
63.5
70.1
59.1
62.5
65.2
62.5
57.7
69.5
57.8
58.4
68.7
68.1
57.6
60.1
59.0
61.4
59.8
61.7
64.0
57.5
68.1
64.9
73.5
61.4
