0.932
55.8
0.847
49.5
0.842
53.1
0.820
52.3
0.805
51.6
0.836
52.2
0.832
55.0
0.763
53.5
0.810
51.7
0.779
62.5
0.782
56.8
0.826
51.5
0.735
51.4
0.868
52.2
0.823
51.3
1.01
50.9
0.847
51.8
0.843
61.2
0.847
56.7
0.855
50.2
0.797
51.2
0.918
53.9
0.823
61.4
0.909
54.0
0.764
66.6
0.747
49.2
0.844
71.8
0.743
50.2
0.907
60.5
0.821
56.0
0.849
51.0
0.809
50.5
0.842
61.1
0.850
*
0.902
47.6
0.797
50.9
0.851
56.4
0.795
67.5
0.860
57.2
0.818
51.8
0.839
52.9
0.775
54.2
0.781
50.9
0.783
50.6
0.759
53.4
0.699
66.7
0.796
63.5
0.746
56.3
0.823
58.8
0.757
49.4
0.777
50.9
0.762
60.1
0.827
46.6
0.806
50.5
0.933
47.9
0.908
51.8
0.883
56.2
0.819
48.7
0.751
50.4
0.827
51.0
0.864
53.5
0.834
54.1
0.774
52.8
0.783
64.2
0.879
51.4
0.888
51.2
0.806
66.8
0.734
65.3
0.791
45.6
0.746
50.5
0.811
51.7
0.704
51.9
0.826
47.8
1.02
52.2
0.753
49.6
