1.01
58.3
1.10
46.6
0.827
52.5
0.907
49.8
0.908
53.4
0.820
53.4
0.821
68.7
0.821
61.4
0.826
64.4
0.713
55.5
0.847
46.4
0.761
50.3
0.834
60.3
0.805
50.6
0.795
61.0
0.883
51.4
0.854
54.1
0.810
53.8
0.822
51.4
0.934
63.7
0.822
60.5
0.844
55.3
0.832
78.1
0.857
55.3
0.837
80.2
0.813
54.1
0.816
73.4
0.813
50.9
0.833
51.3
0.877
47.4
0.864
66.1
0.861
65.5
0.860
53.0
0.786
*
0.847
50.8
0.814
52.2
0.876
52.4
0.877
48.1
0.863
50.5
0.804
64.5
0.886
64.1
0.838
64.6
0.816
52.1
1.03
52.9
0.849
50.8
0.856
52.8
0.789
52.6
0.798
52.9
1.10
79.9
0.915
52.3
0.907
62.2
0.885
66.0
0.850
95.6
0.837
51.2
0.984
79.4
0.854
49.9
0.852
49.6
0.763
63.3
0.862
76.0
0.841
68.9
0.898
62.0
0.798
69.1
0.830
50.2
0.799
52.4
0.888
56.9
0.821
50.4
0.843
58.6
0.768
48.4
0.805
61.0
0.861
82.8
0.804
69.7
0.732
60.3
0.890
63.4
0.822
58.8
0.788
58.9
