0.942
75.6
0.807
73.5
0.808
77.6
0.871
59.9
0.818
62.1
0.871
67.3
0.813
61.8
1.07
65.3
0.982
63.9
0.822
71.8
0.834
70.5
0.845
57.4
0.804
63.4
0.872
61.9
0.806
70.7
0.817
61.4
0.852
65.0
0.978
65.1
0.790
67.5
0.934
60.4
0.838
59.2
0.796
60.4
0.854
61.5
0.830
54.0
0.872
58.9
0.834
59.8
0.782
63.2
0.754
67.3
0.748
58.1
0.987
61.2
0.828
65.3
0.868
62.0
0.824
70.1
0.850
*
1.10
72.3
0.834
63.1
0.799
60.5
0.835
66.7
0.798
59.3
0.776
63.4
0.799
70.0
0.788
59.4
0.836
63.1
0.768
64.3
0.735
68.0
0.854
64.3
0.759
63.6
0.717
63.5
0.801
67.3
0.791
65.4
0.878
68.3
0.754
63.7
0.785
54.2
0.709
63.8
0.841
65.8
0.821
66.8
0.808
75.4
0.866
66.5
0.792
77.0
0.958
64.4
0.891
68.3
0.753
62.7
0.811
55.8
0.894
68.1
0.954
73.5
0.834
65.0
0.854
59.3
0.740
67.3
0.831
64.5
0.819
58.8
0.759
58.1
0.812
64.8
1.22
68.9
0.831
64.6
0.740
59.9
