145
114
53.5
51.9
54.0
56.9
51.2
62.4
47.1
52.9
65.3
50.1
55.9
53.8
56.5
50.5
52.6
61.6
58.2
67.1
59.2
52.0
48.8
57.1
52.4
65.8
47.5
62.4
54.0
50.2
45.7
52.3
51.5
53.6
47.6
49.5
49.2
52.3
52.2
53.8
56.6
56.2
48.8
59.6
52.4
64.5
56.5
46.1
49.2
46.1
52.9
53.4
53.8
60.2
46.8
50.6
60.6
61.3
60.4
56.8
51.0
47.7
48.4
53.0
58.6
56.7
58.4
51.5
50.2
62.8
53.0
52.3
50.5
50.4
62.7
51.9
65.8
60.4
62.7
55.7
58.6
58.9
53.5
54.0
69.5
52.7
47.0
53.4
52.1
61.3
59.2
52.7
59.5
64.1
52.5
52.7
57.9
55.9
66.9
49.9
56.2
49.0
54.6
56.8
61.0
59.1
55.7
53.8
61.7
47.3
56.7
57.6
53.9
58.7
*
67.6
57.7
54.6
52.0
58.7
52.5
56.5
56.2
64.3
59.8
62.0
57.9
62.0
59.4
53.4
51.7
65.3
69.9
51.9
54.0
54.4
51.0
63.4
49.1
58.6
67.1
49.8
51.5
48.8
