66.8
78.0
53.1
58.8
58.8
68.8
75.7
78.1
52.8
65.3
68.9
55.7
58.2
56.9
54.8
70.2
60.9
64.3
54.4
56.1
57.0
54.7
68.8
54.8
56.7
57.2
73.2
63.1
54.5
61.1
68.4
57.0
64.9
62.1
62.5
57.8
58.5
52.5
57.3
61.2
57.1
57.3
52.7
55.8
69.0
75.7
71.8
51.6
58.7
56.4
71.4
57.8
58.3
77.5
58.2
56.0
56.8
62.2
63.4
54.5
82.0
*
59.1
55.6
71.6
58.6
64.0
64.8
75.2
61.9
56.1
55.0
64.1
71.7
54.7
57.5
61.8
62.6
69.2
58.5
54.2
55.4
52.0
70.9
73.7
55.2
56.2
55.2
53.2
69.5
68.4
71.6
53.2
68.8
69.4
57.3
75.8
60.0
70.4
57.1
63.9
51.4
57.4
65.4
68.3
54.9
59.3
54.9
56.8
58.6
53.9
84.8
56.1
66.3
*
64.7
66.6
65.1
55.9
52.9
62.4
70.7
62.1
71.5
71.5
58.6
60.5
54.6
59.2
70.2
56.0
70.8
58.6
56.1
64.1
58.4
58.3
60.2
59.0
69.2
56.3
62.8
59.3
56.2
