165
207
89.6
93.8
85.4
109
81.2
110
83.4
88.0
98.8
85.1
81.5
86.4
83.0
83.7
89.8
87.5
85.8
84.2
81.9
86.2
94.6
86.0
87.9
88.1
81.9
*
85.2
84.8
91.1
94.4
97.1
82.4
82.6
79.5
84.2
91.7
82.8
90.0
89.0
82.9
81.3
99.8
84.1
86.4
107
87.9
90.2
93.0
94.4
87.6
86.5
107
97.4
80.5
81.0
94.3
86.4
81.2
87.8
87.8
88.9
80.4
92.0
80.9
88.6
85.3
97.0
81.8
95.5
87.4
90.9
93.2
81.0
89.6
91.0
84.7
95.7
85.4
80.7
92.5
80.1
92.5
84.3
80.6
85.4
83.4
81.4
113
92.5
87.1
84.5
93.0
97.9
81.5
92.1
86.3
81.5
82.0
106
78.0
86.5
97.4
94.1
83.0
90.9
87.4
81.9
83.1
84.6
86.8
82.9
79.9
*
82.5
81.4
92.8
98.1
89.6
82.2
83.2
103
94.4
88.9
81.7
88.6
79.8
97.0
93.3
84.6
99.1
94.6
81.2
89.2
82.9
91.5
84.4
84.1
82.9
83.6
93.1
79.9
79.9
