153
134
91.1
76.5
69.3
70.6
75.8
72.2
84.1
95.4
77.5
74.5
78.9
65.7
75.8
69.6
72.2
76.9
72.6
66.7
71.2
70.7
125
73.4
74.8
82.8
76.0
*
80.4
75.8
65.4
68.8
67.9
65.4
64.8
72.0
69.0
66.7
69.9
73.6
66.5
72.9
69.6
71.9
*
71.3
66.6
72.8
74.9
75.5
71.9
70.2
71.7
74.9
83.5
74.0
76.6
81.4
72.3
*
72.0
72.1
70.5
74.1
67.0
89.7
77.2
79.0
85.1
70.1
67.7
72.1
72.4
70.4
68.2
72.2
72.2
71.6
77.6
77.9
67.7
78.1
70.2
72.5
70.2
84.6
64.6
72.0
74.0
75.0
78.8
70.2
75.0
70.3
76.3
70.2
78.4
72.8
77.3
71.5
65.4
78.1
74.0
72.0
75.7
70.7
75.2
65.2
73.4
76.1
75.2
71.7
68.1
74.8
*
86.9
71.6
103
69.2
79.3
70.9
74.6
65.0
75.9
79.4
75.7
66.5
70.3
71.2
74.3
73.3
69.0
72.2
76.4
71.6
86.8
71.3
77.5
73.7
71.5
71.6
73.6
75.5
70.8
