192
95.7
78.8
81.5
82.9
80.8
87.2
73.9
83.7
87.0
84.9
79.3
79.0
80.5
85.8
77.9
85.1
78.0
76.2
89.3
86.4
83.3
82.9
81.1
78.2
76.2
79.3
*
85.2
81.2
78.3
77.6
87.0
75.0
78.5
79.7
80.3
83.7
81.6
78.6
78.9
74.8
92.6
83.1
81.1
79.8
83.3
82.3
75.5
106
80.5
83.2
94.5
82.6
83.0
87.7
91.5
77.2
72.8
78.1
90.2
91.3
76.8
82.4
84.3
77.4
83.3
77.9
82.6
78.7
81.2
82.0
79.2
87.9
76.5
84.8
85.7
78.3
81.9
82.9
74.4
86.0
78.1
98.1
82.6
77.6
80.2
83.6
89.9
101
83.4
91.1
80.0
86.0
84.3
78.0
85.0
74.9
85.7
85.4
80.0
75.4
76.4
89.2
83.3
83.2
86.2
84.2
84.1
77.9
81.8
83.3
93.0
86.3
*
78.7
74.1
80.9
86.2
77.9
73.1
85.0
83.1
79.6
79.3
85.8
80.4
84.1
80.1
82.1
76.3
73.3
79.4
78.1
82.5
77.3
77.5
77.1
87.7
91.9
84.2
80.6
83.1
89.9
