116
140
70.3
75.2
80.3
121
75.7
69.0
68.5
62.3
113
66.2
71.9
80.2
66.1
73.4
80.7
65.3
71.2
66.4
114
117
73.9
70.1
71.4
72.6
69.2
*
114
72.2
68.8
67.2
114
67.3
75.0
65.6
66.5
78.6
71.6
74.3
70.5
76.2
72.0
72.2
67.9
113
109
67.7
71.1
71.4
119
79.4
67.9
81.2
75.1
75.0
114
66.1
67.1
80.1
111
67.6
65.6
69.4
117
75.3
67.8
71.4
66.3
70.9
70.4
116
80.0
68.8
69.7
71.0
72.9
68.1
112
73.3
65.7
112
117
72.5
73.7
69.7
70.2
73.2
71.2
112
73.9
117
73.4
114
113
74.2
116
65.7
65.0
68.6
62.6
70.5
71.1
116
115
72.4
80.2
73.3
73.7
80.8
79.7
77.8
71.5
77.0
*
73.8
82.1
77.4
70.0
66.1
76.1
70.1
77.5
115
65.1
91.8
70.2
76.6
114
70.4
71.4
113
65.8
74.4
72.4
72.5
74.0
84.6
114
120
80.7
72.8
70.3
66.2
