121
135
74.2
82.7
102
108
73.9
109
94.5
74.3
113
66.7
70.2
71.3
71.2
76.2
115
111
75.6
66.1
72.0
91.5
73.4
79.5
97.0
107
105
*
75.7
71.8
105
107
116
111
104
107
109
112
113
92.6
91.5
98.6
91.1
*
72.1
81.1
107
99.0
74.3
93.8
96.7
76.2
80.8
71.7
75.6
97.7
94.8
66.8
99.1
79.6
99.0
104
73.3
112
128
108
104
107
96.6
99.0
99.5
99.7
78.0
113
97.7
101
104
119
100
75.2
98.6
97.7
105
108
113
97.1
108
110
90.3
103
110
110
71.9
111
109
99.4
109
96.1
106
104
100
106
70.4
110
101
102
72.9
79.1
86.7
95.8
90.3
69.9
74.5
75.5
*
91.9
73.1
93.5
*
94.4
108
117
103
114
103
84.7
73.0
109
108
112
72.9
109
80.8
71.0
85.5
121
100
103
101
97.6
99.9
92.7
79.2
69.4
