173
157
81.1
79.4
84.0
84.9
85.0
94.6
91.7
82.8
94.1
86.9
69.0
85.2
88.5
82.4
54.3
80.9
83.2
86.0
88.2
54.5
105
86.4
78.9
92.3
86.5
*
79.5
85.2
88.7
82.6
96.8
102
93.8
81.0
67.4
57.2
88.7
84.6
86.1
86.4
81.5
84.2
53.5
81.1
83.5
92.6
83.0
86.5
84.4
83.6
78.1
85.4
84.5
193
76.5
48.2
59.6
60.7
62.8
61.2
47.3
67.1
190
175
173
170
251
53.3
251
59.2
255
250
48.6
256
248
52.8
259
255
52.7
235
62.1
*
55.3
*
58.2
52.3
*
*
*
158
113
145
136
136
130
129
117
115
120
*
72.1
133
119
119
124
116
121
121
124
62.1
121
123
*
114
65.1
76.4
*
50.8
127
79.0
75.4
126
57.5
134
59.2
118
122
121
62.4
123
73.2
120
120
118
121
121
51.6
121
120
121
68.7
123
