1.05
70.5
0.825
83.8
0.819
71.7
0.818
75.2
0.766
69.8
0.767
72.3
0.777
72.3
0.744
85.4
0.725
69.5
0.764
67.9
0.766
82.5
0.829
57.5
0.781
*
0.803
120
0.906
81.5
0.750
85.3
0.905
83.9
0.881
73.1
1.01
65.6
0.794
77.6
0.818
70.7
0.788
71.0
0.809
57.6
1.07
81.0
0.803
72.2
0.707
62.0
0.736
65.8
0.743
57.3
0.757
60.7
0.853
61.6
0.846
*
0.998
103
0.864
70.6
0.741
66.0
0.804
78.3
0.836
72.2
0.760
71.1
0.755
62.9
0.823
74.2
0.792
*
0.855
82.6
0.815
63.5
0.782
64.4
0.747
64.4
0.753
73.9
0.783
62.5
0.747
64.0
0.814
61.0
0.890
*
0.867
63.4
0.807
74.5
0.789
65.9
0.768
61.3
0.764
66.4
0.811
70.8
0.731
63.6
0.818
68.6
0.832
67.4
0.863
70.2
0.767
58.8
0.829
75.3
0.782
73.9
0.997
66.4
0.784
87.6
0.811
63.8
0.801
65.9
0.794
71.4
0.862
57.5
0.835
59.3
0.803
61.6
0.849
70.7
0.840
62.2
1.07
63.4
0.906
57.9
0.868
76.0
