135
130
90.8
81.2
96.2
93.6
84.4
93.2
89.0
89.1
87.9
73.8
80.6
82.6
80.5
74.6
81.7
74.9
93.8
86.1
76.2
91.3
87.4
90.0
90.5
78.9
83.4
*
83.2
86.0
88.0
93.8
92.9
77.9
93.7
76.4
81.8
88.9
77.2
87.3
78.1
80.1
132
92.7
105
88.6
91.2
88.5
90.0
87.3
93.5
87.6
88.0
83.1
92.1
88.6
87.9
91.3
88.0
89.5
103
84.3
82.0
80.7
92.7
79.2
88.5
94.1
92.4
78.0
104
92.3
80.0
93.8
85.6
88.3
80.3
85.5
82.1
87.5
88.9
91.0
88.5
90.1
99.1
101
89.3
89.9
94.7
77.1
85.2
77.4
81.5
88.1
90.3
82.7
80.2
90.6
80.2
83.0
74.9
87.8
85.7
88.6
87.9
95.0
94.4
80.7
94.1
92.1
87.1
90.5
83.5
94.4
*
87.9
80.0
92.0
84.3
95.2
101
77.6
81.5
98.6
83.9
92.7
88.3
87.8
85.2
81.2
97.1
91.0
89.1
90.8
74.8
89.2
102
98.6
91.9
88.0
89.6
76.2
78.5
89.9
