174
174
141
141
190
192
141
143
198
191
191
137
196
145
138
138
144
195
200
147
137
146
145
159
191
192
191
*
194
139
142
142
192
142
194
160
164
156
138
146
185
197
189
139
136
191
196
199
137
139
191
192
138
140
143
142
140
148
192
138
135
143
138
143
194
137
135
190
194
146
190
150
140
191
192
135
192
145
193
147
195
186
140
191
149
196
140
167
137
143
196
147
140
191
200
195
194
215
186
153
154
137
198
199
191
148
139
151
185
189
138
136
140
138
*
193
188
141
185
190
196
136
136
191
154
154
138
140
191
143
144
194
193
141
164
199
142
193
138
142
142
188
143
176
