156
179
52.7
49.6
46.3
49.2
63.5
45.3
46.3
42.0
42.6
82.4
54.3
41.4
52.3
46.0
56.3
174
42.9
49.7
50.5
46.8
42.4
60.5
53.7
169
74.9
47.0
62.2
43.4
46.9
96.7
60.6
49.4
50.7
47.5
63.7
70.9
45.1
64.6
61.1
44.0
45.9
74.5
52.3
58.1
54.5
43.6
51.7
72.5
46.8
58.8
43.6
45.4
52.6
44.7
42.5
45.2
44.9
44.8
44.3
50.3
75.9
52.5
54.1
46.4
62.3
46.0
45.7
53.5
49.8
59.9
42.2
43.2
55.4
48.5
53.1
52.8
52.2
44.8
49.2
50.4
43.2
54.3
48.0
185
58.1
57.5
44.2
175
168
170
49.8
77.1
55.0
50.5
51.2
42.8
167
42.4
51.9
47.2
49.2
49.1
46.5
55.0
45.7
57.0
58.9
43.8
174
45.4
51.3
46.4
*
44.6
45.7
42.2
45.3
*
43.8
50.5
47.9
47.1
107
52.0
66.7
45.7
43.5
42.7
97.8
57.3
42.5
46.9
67.4
59.7
47.0
50.4
50.6
176
49.5
42.7
49.3
45.7
