0.845
71.8
0.795
72.9
1.13
71.7
0.826
67.5
0.812
66.7
0.861
73.9
0.848
64.8
0.819
72.1
0.732
72.6
0.718
72.0
0.931
66.4
0.955
72.7
0.808
65.1
0.843
71.0
0.781
69.7
0.745
68.3
0.847
72.0
0.746
71.4
0.778
70.6
0.866
75.6
0.840
69.0
0.736
79.0
0.805
75.1
0.898
65.9
0.832
76.8
0.760
71.3
0.735
77.6
0.786
73.2
0.737
67.0
0.816
67.1
0.922
72.1
0.822
71.4
0.747
79.0
0.872
*
0.804
72.5
0.850
76.5
0.777
65.9
0.838
68.2
0.792
75.5
0.802
71.5
0.845
68.5
0.811
80.2
0.875
78.0
0.869
83.7
0.724
74.8
0.700
71.6
0.728
79.4
0.780
66.6
0.744
76.4
0.842
77.9
0.773
63.4
0.802
75.2
1.01
76.8
0.843
69.8
0.762
75.7
0.883
73.2
0.832
66.0
0.809
72.4
0.815
65.7
0.817
78.9
0.841
65.5
0.744
73.1
0.855
70.2
0.907
73.0
0.791
79.6
0.766
80.4
0.813
71.0
0.840
70.9
0.985
78.8
0.754
78.9
0.802
88.9
0.735
73.5
0.792
70.4
0.775
73.7
0.776
64.5
