106
123
163
157
118
125
162
116
157
140
161
160
158
125
162
115
170
119
161
163
155
121
157
157
116
166
158
*
183
156
161
104
119
103
102
112
120
104
103
102
131
154
156
*
120
114
121
161
157
161
158
157
160
119
166
159
165
157
156
166
163
115
162
161
128
166
*
*
*
*
*
*
143
126
144
123
108
72.2
122
74.1
99.8
104
75.2
71.4
111
106
68.1
55.8
62.4
106
54.1
110
60.8
104
105
84.1
104
59.7
*
78.3
53.5
52.4
56.3
106
112
65.8
104
56.3
58.0
105
105
77.0
71.1
110
*
108
56.3
61.3
59.1
*
52.4
105
59.7
53.0
75.4
49.2
61.0
59.9
69.6
104
78.8
67.6
56.0
106
57.6
106
59.0
55.8
108
53.3
104
104
52.2
57.2
