113
107
110
90.7
111
112
91.3
108
126
90.2
113
84.8
89.8
91.7
113
88.0
113
114
120
92.7
112
105
118
112
111
113
114
*
112
114
109
90.7
116
118
123
114
89.3
88.1
107
84.9
107
117
108
95.8
85.7
115
135
117
128
109
121
84.8
108
99.4
83.7
118
111
92.6
115
*
113
109
103
96.7
109
115
93.2
108
115
88.9
110
111
83.5
110
121
89.5
120
94.0
107
97.3
113
108
105
115
88.4
108
86.9
91.2
109
139
110
*
111
109
110
121
110
107
108
110
91.4
108
87.4
107
109
87.1
88.9
106
85.1
115
90.3
118
87.5
88.1
*
114
89.4
93.4
*
109
120
110
90.4
108
119
132
131
116
108
112
90.1
108
121
90.1
107
113
122
87.8
113
111
115
113
93.0
117
