63.7
92.3
47.7
86.8
85.2
84.9
81.2
107
50.9
109
85.1
89.8
51.9
49.5
52.8
113
78.9
108
87.2
94.5
54.0
82.7
49.9
49.0
82.6
53.8
50.8
*
81.3
50.9
84.8
59.5
92.8
50.9
50.2
48.8
106
50.4
47.1
48.0
51.4
50.4
49.5
54.3
108
109
86.2
55.3
81.7
74.6
85.8
65.3
55.0
51.1
52.7
51.3
87.9
53.9
54.7
88.7
95.9
107
45.1
54.8
88.7
49.1
56.5
57.3
82.9
74.7
84.1
82.2
57.5
81.7
50.8
104
86.2
56.6
116
59.2
47.3
107
46.9
82.3
48.3
46.9
49.5
57.0
46.8
109
94.2
58.7
49.1
85.5
105
71.1
83.4
58.8
108
44.7
53.7
47.7
45.7
114
112
47.2
63.2
48.7
45.3
55.1
54.6
48.3
48.9
49.6
*
53.2
56.3
55.6
86.1
87.3
50.8
58.2
44.2
87.2
47.2
106
49.4
49.4
65.9
45.4
53.4
84.9
53.8
54.3
48.3
106
54.8
50.1
82.4
90.9
85.4
82.8
51.9
109
