88.7
144
136
135
94.0
94.7
138
*
135
137
132
145
139
138
98.9
135
143
141
96.9
136
147
133
135
93.3
93.7
86.5
143
*
150
134
133
138
131
147
137
135
140
154
158
133
133
97.2
142
142
155
92.9
154
94.1
156
173
136
134
135
131
141
141
138
147
134
136
135
130
138
134
132
152
137
138
99.9
143
140
135
137
149
105
140
103
135
114
140
96.2
96.9
150
91.3
155
93.8
146
148
144
96.6
101
147
92.9
134
130
134
92.2
94.2
131
141
131
137
136
93.8
92.9
138
141
130
136
135
144
140
138
136
*
97.1
135
148
*
136
133
133
157
93.9
136
140
147
139
92.0
137
136
95.7
136
135
142
141
104
140
146
136
96.0
90.9
136
137
