148
130
146
107
110
354
104
*
95.2
116
98.5
82.8
62.3
85.6
53.4
86.2
56.1
*
89.9
93.0
45.9
58.4
86.4
86.7
59.9
83.6
93.2
*
86.5
96.2
92.2
60.5
81.7
61.5
84.5
50.4
57.2
82.8
46.9
52.3
85.8
52.9
88.1
70.6
*
84.3
94.6
107
86.2
94.7
86.1
61.4
89.7
86.9
67.8
57.1
89.7
68.6
56.8
52.5
95.9
71.3
55.3
143
86.7
54.9
45.8
66.2
57.3
52.5
85.8
89.2
88.4
87.5
67.5
56.7
85.3
90.5
93.4
84.9
55.9
103
88.0
89.7
86.8
92.1
90.3
121
83.3
*
98.8
99.3
47.8
96.7
88.5
56.4
92.0
83.9
*
95.1
92.6
49.8
55.0
101
91.4
52.5
51.6
83.9
75.4
84.6
*
60.1
92.0
52.1
*
48.6
53.8
46.2
86.3
106
92.9
53.2
55.0
86.4
53.1
57.3
57.0
51.8
91.9
81.8
60.6
90.2
60.6
86.7
86.4
98.5
65.1
51.5
86.7
91.3
51.1
101
59.6
87.3
