50.3
47.4
60.1
53.7
94.0
60.1
62.3
59.5
58.6
57.0
95.5
52.7
86.9
88.7
60.1
96.5
67.7
64.7
62.5
55.0
52.7
59.4
61.5
57.5
96.6
54.7
59.4
*
62.7
59.7
84.2
87.9
59.8
70.3
55.7
54.4
58.1
56.6
63.2
61.3
96.6
81.8
56.3
58.0
56.3
*
65.4
60.4
87.3
67.4
101
61.3
55.8
114
56.9
52.9
51.1
52.3
56.0
*
54.7
*
57.6
65.9
53.6
63.3
64.0
55.4
111
76.1
*
57.4
96.3
111
*
69.4
56.6
52.9
103
99.8
57.7
99.5
57.3
111
72.1
51.8
52.9
52.2
52.9
53.1
126
*
54.5
98.3
98.5
70.2
108
55.4
*
53.8
89.9
61.7
99.7
*
100
80.4
55.7
94.0
64.8
53.5
70.1
90.4
92.8
81.1
*
60.2
94.5
55.7
*
*
92.0
56.7
61.2
91.3
91.1
*
54.0
71.9
58.7
64.0
65.1
*
55.5
69.1
88.5
*
58.1
67.4
67.6
60.0
122
60.3
65.2
55.1
