1.20
58.0
0.970
55.6
1.05
52.9
0.883
60.1
0.835
63.2
0.830
53.8
0.907
76.3
0.799
56.0
0.762
55.3
0.805
53.4
0.866
52.3
0.833
52.5
0.805
241
0.901
61.5
0.891
64.0
0.791
55.5
0.903
232
0.900
51.9
0.856
56.5
0.905
53.8
0.850
52.5
0.784
49.4
0.890
58.1
0.911
51.5
0.816
232
0.829
55.2
0.947
59.8
0.777
56.2
0.829
51.7
0.859
49.5
0.846
48.7
0.854
51.0
0.835
48.9
0.863
*
0.833
50.9
0.779
52.4
0.751
50.6
0.792
53.1
0.859
58.2
0.774
50.3
0.825
56.4
0.824
65.9
0.764
54.2
0.960
53.3
1.05
50.6
0.783
51.6
0.785
51.4
0.770
52.5
0.761
54.9
0.815
55.0
0.910
52.7
0.768
165
0.830
112
0.776
96.8
0.805
76.5
0.778
65.5
0.852
68.3
0.933
52.7
0.868
69.2
0.790
51.9
0.879
63.6
0.883
52.9
0.863
60.6
0.803
47.9
0.840
64.2
0.823
53.4
0.885
74.3
0.793
54.4
0.856
83.4
0.887
50.3
0.800
49.9
0.736
53.7
0.827
100
0.742
51.8
0.811
58.6
