0.896
74.4
0.835
92.7
0.782
69.7
0.766
82.9
0.841
73.6
0.822
76.2
0.797
92.3
0.806
71.5
0.738
89.4
0.770
80.9
0.727
70.5
0.757
69.2
0.760
92.6
0.791
81.2
0.854
82.2
0.847
73.3
0.791
78.1
0.884
70.1
0.882
86.6
0.777
69.6
0.774
72.1
0.684
76.6
0.735
68.3
0.817
116
0.763
95.6
0.823
66.8
0.793
100.0
0.642
91.2
0.744
72.8
0.737
95.2
0.826
92.6
0.816
71.9
0.842
70.1
0.790
*
0.804
69.9
0.849
78.3
0.934
86.6
0.825
91.1
0.937
68.9
0.773
79.0
0.763
71.9
0.768
80.8
0.779
86.0
0.825
89.1
0.746
73.9
0.918
72.8
0.741
67.4
0.737
87.1
0.749
75.8
0.791
73.4
0.830
89.8
0.769
96.3
0.993
77.0
0.741
85.0
0.833
70.6
0.744
72.6
0.809
84.9
0.797
73.1
0.868
86.7
0.777
83.9
0.906
90.9
0.772
74.5
0.843
70.2
0.810
71.2
1.02
73.9
0.766
67.6
0.814
83.0
0.856
70.9
0.781
67.9
0.833
88.8
0.926
89.3
0.960
87.1
0.842
73.0
0.863
97.6
0.787
67.2
