98.1
82.0
79.1
110
90.3
104
93.7
94.6
91.6
92.0
89.6
99.7
94.8
103
92.0
82.6
91.4
107
93.5
99.3
93.2
94.9
87.8
95.2
98.1
93.2
106
*
95.0
89.1
92.7
76.0
92.3
92.7
96.4
105
94.4
89.5
94.1
94.8
73.4
89.3
95.3
96.8
89.2
101
95.1
87.8
95.8
98.5
84.0
85.1
92.9
101
81.9
79.1
104
80.8
91.3
79.9
92.6
198
90.6
100
89.6
94.3
78.9
98.2
90.8
91.2
89.1
91.6
77.2
99.1
102
92.1
88.9
97.0
89.9
183
111
89.2
91.0
82.4
93.7
93.5
89.0
101
114
94.8
92.4
90.9
93.9
98.0
98.3
85.7
97.9
92.3
92.4
104
76.1
88.5
94.4
98.8
86.4
83.2
98.0
73.8
82.4
99.3
79.3
76.1
95.6
91.7
*
73.2
107
89.6
85.4
98.2
97.5
92.1
91.9
85.8
77.6
94.9
91.5
102
91.9
89.5
76.8
83.8
99.8
91.4
79.4
113
88.0
85.5
93.3
91.6
100
90.0
91.9
96.3
