204
190
122
77.6
111
88.7
82.2
116
123
83.5
80.0
79.2
116
79.0
83.4
94.0
118
117
119
78.9
75.4
77.5
79.2
85.0
117
130
116
*
93.1
78.7
117
80.9
93.0
73.6
121
73.5
81.7
83.7
79.0
76.9
78.1
80.7
119
76.5
123
126
74.5
130
115
77.5
83.6
78.9
80.1
89.0
77.4
79.9
78.7
79.4
121
107
84.4
139
77.2
81.2
94.0
82.7
82.9
116
76.0
76.6
81.4
80.4
81.3
113
121
83.2
79.5
82.2
114
74.6
108
82.4
75.2
79.2
81.4
119
89.3
77.9
77.1
90.8
83.7
81.7
78.1
81.4
83.6
126
80.7
127
118
75.7
76.5
117
124
79.0
115
81.7
83.4
86.8
82.1
115
88.7
81.7
81.5
78.4
*
120
114
80.9
105
80.3
118
86.6
82.1
116
75.4
129
76.4
82.9
74.8
81.9
77.1
112
116
82.9
75.5
116
113
82.7
85.9
82.7
117
74.0
81.6
120
