0.816
112
0.769
69.1
0.832
65.7
0.881
61.3
0.856
83.8
0.810
65.0
0.762
68.8
0.786
79.6
0.794
87.2
0.716
66.1
0.938
75.0
0.770
65.5
0.815
87.8
0.765
68.2
0.888
79.3
0.700
67.8
0.806
87.4
0.816
70.5
0.789
63.5
0.734
83.0
0.802
80.3
0.773
61.6
0.794
87.0
0.756
59.2
0.700
86.3
0.684
65.8
0.751
62.7
0.705
79.4
0.699
94.0
0.992
61.8
0.760
*
0.797
62.8
0.748
69.4
0.729
78.8
0.801
62.5
0.809
76.2
0.797
75.7
0.788
74.1
0.819
66.1
0.697
*
0.785
61.8
0.779
58.6
0.777
66.1
0.767
69.4
0.756
63.1
0.764
60.3
0.747
63.8
0.804
63.5
0.800
67.3
0.787
63.2
0.800
66.3
0.780
61.5
0.787
68.5
0.958
62.5
0.749
69.6
0.817
63.1
0.770
56.0
0.801
75.5
0.953
107
0.734
79.1
0.779
60.1
0.784
82.8
0.791
72.4
0.810
68.9
0.803
65.5
0.782
66.3
0.787
71.1
0.884
75.3
0.868
*
0.751
70.1
0.800
63.1
0.736
63.2
0.760
82.2
0.791
66.3
0.743
61.5
