129
171
75.8
62.6
81.7
63.9
62.6
80.3
65.6
61.5
82.7
71.0
85.1
58.7
57.9
68.5
61.8
60.9
68.4
64.7
58.9
65.5
62.0
68.4
91.1
57.5
60.0
*
74.7
73.3
73.0
64.1
84.9
60.4
63.4
58.2
64.8
84.5
68.2
67.6
64.0
64.8
66.6
65.5
62.4
92.6
81.0
63.9
63.5
64.0
82.1
82.8
63.4
85.5
61.6
69.6
66.4
54.1
67.6
88.5
61.9
66.8
67.8
76.3
78.1
59.5
68.0
58.0
81.9
71.4
80.2
62.7
61.6
99.3
59.3
62.8
85.0
55.8
82.1
61.0
62.6
67.2
67.2
82.1
78.2
68.2
66.2
69.8
66.4
67.8
83.8
69.6
58.1
86.6
56.9
70.1
66.0
63.6
59.9
63.5
64.1
62.3
83.8
77.7
83.7
65.8
56.5
64.1
87.4
59.0
64.5
58.4
61.3
59.4
*
69.8
79.8
57.8
83.8
59.8
59.2
63.5
55.2
81.3
58.7
71.1
66.7
58.0
60.9
57.7
62.4
79.2
78.4
58.3
57.6
63.5
72.6
77.2
68.1
76.6
64.3
86.1
86.6
70.1
