175
163
58.0
64.7
70.7
56.2
51.8
68.0
68.5
52.2
72.2
48.7
70.5
50.5
71.3
78.3
54.9
68.3
71.5
55.5
64.9
69.3
59.1
59.7
68.6
75.7
69.6
*
54.3
55.4
52.5
52.8
75.8
63.3
90.4
56.3
67.6
59.8
57.1
58.8
59.3
65.2
73.8
50.7
56.3
65.2
65.6
71.5
52.0
52.8
78.6
53.3
59.7
57.2
75.7
49.8
73.0
65.8
71.4
65.4
72.5
71.9
71.0
54.9
67.0
62.5
49.4
64.8
73.2
52.8
69.0
74.9
56.1
64.1
70.0
53.5
69.9
59.2
72.6
69.1
66.1
68.9
67.0
62.2
53.6
67.4
59.9
55.3
56.9
*
71.3
73.5
51.6
69.1
75.1
66.3
74.8
67.7
*
63.3
58.8
55.5
73.1
65.6
68.9
60.1
61.9
54.0
50.8
79.9
55.6
70.6
61.9
56.0
*
70.1
67.7
66.7
69.1
64.1
73.2
51.0
74.1
81.3
64.5
64.4
107
65.8
54.4
56.4
66.7
71.3
61.7
52.8
67.3
73.7
77.0
73.2
72.8
64.6
79.6
74.5
65.9
69.2
