78.0
75.4
69.4
76.9
72.2
73.8
70.3
64.6
77.0
91.8
67.2
67.9
74.1
68.4
76.5
75.8
68.0
76.7
72.0
71.4
82.2
80.1
71.9
71.2
70.8
71.1
71.6
*
69.7
65.4
84.2
70.1
70.1
68.5
73.4
68.3
72.9
70.9
74.2
70.2
86.5
74.8
71.5
71.8
70.0
86.5
72.7
69.3
70.8
68.6
74.8
69.8
67.6
71.3
74.0
75.0
72.7
67.4
71.4
65.0
71.2
90.4
75.0
68.9
78.4
68.5
70.3
69.5
*
72.4
70.7
69.3
79.5
71.4
68.5
74.5
72.9
66.2
65.1
74.6
69.7
66.4
71.0
90.0
88.9
74.2
71.8
68.2
66.8
77.7
71.6
68.2
75.7
93.0
66.9
70.6
66.9
76.9
68.2
67.5
74.9
92.5
75.9
72.4
78.7
76.5
72.9
75.1
72.5
72.0
72.7
69.0
74.2
78.2
*
80.9
72.1
64.9
67.2
77.6
74.6
74.6
70.4
67.3
96.3
72.3
76.7
69.2
63.3
72.9
66.3
70.7
73.4
67.5
72.4
75.4
68.2
75.1
72.9
72.4
67.8
73.9
64.0
69.3
