68.9
44.9
67.8
41.4
42.0
38.4
52.3
145
41.5
*
46.7
44.3
48.7
48.4
49.9
38.9
49.2
40.6
52.0
38.7
50.0
44.0
67.8
55.9
39.8
145
40.6
47.2
41.4
71.2
43.8
44.7
41.0
47.5
43.7
43.0
42.1
39.5
44.4
43.6
62.8
41.0
50.9
39.5
47.9
68.2
42.7
58.7
46.3
83.8
52.3
39.8
51.7
43.0
57.6
54.6
53.3
43.4
51.4
44.3
44.1
151
54.0
44.0
46.2
44.1
47.7
43.8
154
67.7
38.9
59.7
60.0
47.2
39.8
43.3
53.0
45.2
47.9
48.6
48.7
45.5
60.9
39.4
41.4
45.2
43.0
51.3
61.1
152
154
154
38.2
47.1
46.0
59.2
78.0
42.1
150
49.8
44.0
42.1
50.7
47.3
41.5
49.1
39.3
55.1
43.8
43.5
153
44.0
156
50.9
*
151
*
48.3
49.6
50.1
53.2
48.5
38.3
45.8
68.8
151
46.2
42.9
41.8
51.2
40.2
41.1
51.5
38.3
41.6
148
50.5
43.5
55.9
148
39.4
42.7
47.4
51.8
