126
*
78.8
65.9
72.0
63.0
60.8
73.9
87.5
66.5
90.0
71.8
62.2
91.7
69.0
84.1
89.6
61.6
63.8
65.5
64.7
61.4
76.8
66.5
64.5
68.5
89.8
*
96.4
75.9
63.8
101
85.2
70.7
113
67.1
90.0
87.6
68.0
67.3
90.9
61.8
88.0
77.2
63.4
63.9
87.9
81.9
77.5
67.7
90.9
61.8
62.5
85.9
86.6
85.7
89.0
89.5
96.1
83.9
86.3
68.4
87.8
88.8
85.7
74.2
103
71.3
63.3
81.2
84.1
96.0
90.2
89.0
88.2
88.9
64.0
88.4
114
87.0
88.0
89.6
68.7
87.9
88.5
89.6
92.1
98.0
57.9
66.6
106
65.9
69.6
88.4
86.6
71.3
92.1
92.0
64.9
121
87.3
65.3
62.0
86.9
101
85.4
62.8
88.3
59.7
102
83.1
88.5
93.5
62.4
*
66.1
64.3
86.6
85.9
63.5
74.6
61.9
83.4
91.2
63.3
92.3
63.0
70.7
87.5
59.8
61.9
88.6
65.1
62.9
89.3
63.9
70.0
87.0
89.9
63.4
65.5
72.5
97.6
56.9
