115
109
65.7
58.8
63.6
53.1
57.8
61.0
55.2
59.8
65.9
63.2
57.2
68.3
55.9
59.1
58.2
64.1
72.8
55.8
52.7
61.3
59.3
64.6
54.8
63.1
57.6
*
60.8
56.1
63.4
74.5
60.0
53.7
57.3
63.3
85.6
57.9
55.9
57.6
62.4
64.6
58.1
69.4
59.4
64.1
62.4
58.6
64.3
59.8
69.2
54.5
62.5
65.6
61.2
82.0
61.3
59.9
63.0
59.0
63.0
63.7
64.3
62.3
60.7
56.8
57.2
58.9
63.9
56.5
61.1
59.0
62.1
54.7
57.9
65.5
67.3
62.4
63.9
62.1
58.1
63.1
51.8
61.2
60.1
63.1
61.1
59.0
59.4
86.8
57.9
56.1
68.7
58.0
72.2
69.1
61.2
62.4
*
68.7
63.0
58.3
57.0
60.6
66.0
57.4
63.2
69.2
56.9
58.5
53.7
58.5
66.5
66.3
*
68.5
56.2
57.2
69.0
55.4
64.8
60.8
59.3
65.0
59.0
54.4
52.6
55.9
59.0
62.3
58.9
68.3
64.2
56.8
66.4
55.2
58.2
60.8
62.6
60.1
59.6
59.6
57.0
56.9
