0.852
80.6
0.808
80.4
0.800
68.7
0.818
69.9
0.830
64.5
0.827
79.4
0.815
103
0.793
70.0
0.780
67.5
0.783
76.0
0.768
70.7
0.764
63.6
0.813
63.4
0.853
71.3
0.859
76.5
0.849
67.0
0.896
102
0.818
95.1
0.812
80.4
0.827
70.7
0.702
94.7
0.792
71.9
0.844
78.1
0.793
74.4
0.719
92.5
0.755
72.5
0.783
73.0
0.817
70.1
0.896
65.2
0.946
64.7
0.828
69.0
0.813
97.1
0.857
138
0.893
*
0.871
74.8
0.825
69.2
0.804
64.1
0.831
150
0.755
80.1
0.809
*
0.830
89.3
0.771
91.0
0.771
71.3
0.791
68.3
0.795
65.6
0.752
66.9
0.796
64.0
0.763
65.0
0.816
68.8
0.792
70.3
0.835
71.2
0.735
65.2
0.838
78.5
0.765
66.3
0.776
72.5
0.694
74.9
0.774
76.5
0.802
67.5
0.837
129
0.826
77.2
0.810
67.1
0.755
65.4
0.763
71.3
0.848
69.3
0.845
90.1
0.808
66.6
0.816
102
0.782
79.2
0.782
68.4
0.796
76.4
0.747
87.0
0.795
73.8
0.787
67.2
0.857
68.0
0.816
66.9
