108
148
95.0
94.0
93.1
97.8
93.8
96.6
94.0
82.2
93.8
91.9
96.0
93.1
87.8
93.0
104
96.7
93.4
92.5
91.5
94.4
96.8
94.7
93.9
94.5
96.4
*
93.9
84.6
90.3
92.9
95.6
89.4
92.8
86.3
103
82.6
86.6
87.1
88.7
99.9
95.1
85.7
92.3
96.5
94.5
85.2
94.4
89.8
95.7
92.9
81.7
96.1
81.7
92.6
90.5
85.9
96.2
92.9
85.5
98.2
86.4
95.3
98.4
91.9
99.9
90.3
86.1
82.8
87.2
83.9
96.8
95.9
85.4
99.0
82.5
84.3
82.4
96.6
86.3
84.3
94.6
86.7
94.3
86.8
81.8
87.4
90.9
96.0
86.6
86.3
85.3
94.1
92.0
92.7
99.8
82.1
94.7
77.4
90.3
102
82.9
82.4
80.3
96.0
81.3
94.3
97.1
95.6
94.2
87.0
99.9
88.3
*
97.8
83.3
82.6
99.1
89.0
99.2
102
80.7
87.0
97.6
98.4
82.6
81.3
79.2
85.2
90.9
84.0
90.6
87.1
94.3
86.3
98.1
90.9
82.4
87.5
94.9
88.1
91.8
86.4
