0.930
48.4
1.02
75.9
0.816
79.7
0.791
57.2
0.836
68.9
0.817
66.9
0.795
68.2
0.794
73.8
0.806
72.0
0.775
111
0.876
58.5
0.750
69.8
0.811
82.7
0.772
64.0
0.853
65.4
0.744
67.8
1.04
71.6
0.863
55.6
0.810
55.6
0.856
76.1
0.787
61.2
0.744
70.3
0.821
50.5
0.876
57.9
0.721
93.2
0.752
69.5
0.756
80.3
0.824
55.8
0.766
69.8
0.876
76.4
0.895
75.8
0.845
50.7
0.870
70.3
0.838
68.7
0.890
68.7
0.851
97.9
0.860
71.7
0.859
50.0
0.843
51.6
0.814
68.8
0.845
74.0
0.804
89.7
0.791
75.0
0.869
49.0
0.747
75.5
0.794
48.0
0.923
51.9
0.793
66.9
0.825
73.3
0.808
57.3
0.845
75.6
0.787
75.4
0.858
78.1
0.785
73.5
0.805
77.2
0.801
76.0
0.843
72.0
0.781
58.5
0.850
70.5
0.773
68.4
0.839
77.5
0.798
52.1
0.820
70.7
0.928
74.4
0.904
70.4
0.847
80.6
0.792
47.3
0.835
52.1
0.827
73.8
0.823
56.8
0.820
76.0
0.850
71.8
0.859
70.6
0.810
68.4
0.833
55.6
