119
63.1
*
59.0
51.5
61.4
61.1
57.3
60.9
54.5
59.3
56.0
58.2
54.2
69.3
61.6
81.1
82.9
58.8
65.8
59.6
57.7
68.8
104
54.1
56.3
55.8
55.8
55.2
59.6
80.6
52.9
54.3
55.9
70.7
58.3
56.0
52.0
91.5
54.5
62.4
52.3
55.2
57.5
78.0
*
55.4
53.1
95.9
57.0
64.7
55.5
63.0
52.4
64.1
78.3
53.0
63.1
53.9
*
55.7
*
53.9
54.9
52.1
58.3
64.5
51.8
88.1
58.1
51.7
82.9
58.4
60.4
76.6
61.6
66.2
54.9
79.4
57.6
54.3
60.0
55.0
55.9
90.9
53.0
53.7
52.3
64.2
64.5
55.9
76.0
52.0
67.4
78.2
68.2
55.6
61.6
76.4
83.7
*
83.8
51.3
58.4
56.5
59.7
57.6
55.7
58.6
53.4
52.0
54.2
58.5
58.6
*
55.3
57.2
52.3
59.7
86.2
59.6
78.5
64.6
63.8
69.8
*
54.5
67.9
78.3
57.4
57.4
81.5
*
65.7
77.3
85.0
58.5
59.0
55.3
91.8
57.2
69.1
62.5
61.3
