124
139
138
83.1
128
83.2
86.4
132
133
107
*
86.5
141
90.4
81.5
86.8
133
149
139
84.3
95.0
88.0
131
80.3
127
83.7
139
*
131
85.9
80.1
84.7
76.8
101
*
82.6
152
82.8
131
84.2
83.5
97.9
152
84.9
*
141
79.9
85.5
129
81.6
135
79.8
100
79.3
89.1
103
84.0
78.9
98.7
133
86.9
132
85.3
81.7
91.1
82.7
89.0
84.9
138
78.6
139
128
80.3
126
137
93.0
135
88.6
136
89.8
137
130
84.0
131
93.7
82.6
88.2
80.9
86.7
85.7
137
92.1
95.2
149
126
90.1
138
81.8
*
86.6
93.9
133
137
128
161
87.0
79.0
82.5
77.9
138
84.0
81.0
86.1
94.1
*
150
161
90.6
*
82.3
78.6
84.4
79.0
132
86.5
131
85.2
78.7
87.6
82.4
83.1
137
124
83.6
78.0
148
131
83.4
125
137
130
130
77.0
133
