1.15
54.3
0.958
52.9
0.885
62.0
0.838
56.6
0.866
55.1
0.895
56.3
0.936
57.5
0.904
50.8
0.776
66.1
0.772
67.5
0.801
58.5
0.829
56.9
0.840
48.1
0.799
54.8
0.840
49.9
0.748
59.4
1.02
66.0
0.827
57.8
0.860
52.4
0.825
52.4
0.804
51.0
0.740
54.7
0.775
50.8
0.856
46.5
0.702
*
0.726
60.6
0.792
57.7
0.775
53.9
0.893
61.0
0.789
58.2
0.794
53.1
0.840
47.6
0.965
61.6
0.979
*
0.834
57.3
0.856
52.0
0.733
55.4
0.844
47.0
0.829
48.5
0.804
53.8
0.816
54.1
0.801
51.4
0.788
60.4
0.759
54.4
1.20
64.7
0.812
60.8
0.740
57.1
0.755
57.3
0.806
60.0
0.892
49.6
0.785
60.0
0.735
54.0
0.982
48.9
0.903
51.1
0.866
57.3
0.755
48.5
0.772
55.8
0.820
51.9
0.832
68.6
0.910
55.2
0.800
55.1
0.752
50.7
0.759
54.6
0.936
47.0
0.808
47.7
0.873
49.0
0.898
56.8
0.774
50.8
0.790
46.1
0.848
47.1
0.904
52.0
0.744
51.9
0.853
48.9
0.782
70.5
0.800
59.5
