122
107
95.9
106
87.7
89.8
102
*
96.6
89.3
104
99.4
104
103
97.6
94.2
93.1
108
114
95.9
101
97.2
84.9
95.7
90.8
96.6
107
*
90.1
95.6
110
86.4
101
89.6
101
88.1
93.0
84.7
87.1
90.8
113
90.1
97.6
102
91.2
87.2
96.4
89.6
88.4
90.7
100
111
104
98.4
88.9
89.1
103
88.1
92.3
99.1
105
107
107
88.5
103
90.6
91.1
93.1
96.1
91.0
91.6
97.8
89.0
96.3
96.8
88.2
98.6
84.9
99.3
101
104
86.7
105
94.7
94.9
95.4
86.2
87.4
90.5
*
93.1
99.0
99.6
95.0
97.8
98.3
96.2
96.8
*
103
103
85.7
97.4
115
104
93.7
101
98.9
105
108
102
91.6
93.7
87.0
*
99.2
104
134
93.2
*
88.2
91.0
97.0
100
98.1
123
92.0
91.0
104
87.5
91.6
103
106
103
103
98.4
95.2
92.1
102
99.9
86.8
98.5
121
94.0
