0.865
68.6
0.963
83.1
0.846
62.1
0.887
64.3
0.885
59.7
0.882
56.0
0.797
58.5
0.764
90.5
0.856
58.5
0.791
74.5
0.807
54.2
0.795
56.5
0.802
73.4
0.768
68.3
0.996
58.0
0.709
59.6
0.782
65.9
0.817
70.0
0.809
93.6
0.807
57.2
0.810
60.1
0.755
54.3
0.832
70.6
0.769
77.6
0.727
55.2
0.806
75.0
0.730
62.4
0.770
54.7
0.785
74.8
0.988
70.1
0.898
69.4
0.777
92.0
1.03
72.7
0.793
62.1
0.771
73.1
0.835
78.7
0.803
60.3
0.848
91.3
0.877
58.8
0.819
*
0.827
60.5
0.802
69.9
0.742
72.4
0.735
61.1
0.794
57.0
0.800
61.4
0.804
70.0
0.773
56.9
0.789
65.8
0.816
60.1
0.819
66.7
0.777
74.6
0.817
70.1
0.774
73.5
0.760
77.2
0.783
68.5
0.834
74.7
0.865
58.8
0.874
107
0.744
76.0
0.779
59.2
0.739
55.9
0.883
61.7
0.817
69.2
0.880
95.5
0.820
60.9
0.812
57.1
0.793
79.4
0.815
132
0.846
85.0
0.960
58.2
0.767
69.2
0.858
63.1
0.876
62.5
0.770
60.3
