0.884
65.7
0.919
85.8
0.781
86.8
0.863
77.5
0.914
93.4
0.892
82.8
0.917
60.5
0.922
71.7
0.855
99.7
0.735
66.1
0.865
67.0
0.934
84.1
0.821
95.7
0.873
58.4
0.941
66.6
1.01
84.9
0.770
76.5
0.818
80.2
0.772
96.0
0.877
58.4
0.851
62.6
0.757
64.9
0.818
61.1
0.966
83.4
0.857
57.8
0.778
78.1
0.854
65.7
0.852
60.7
0.898
80.8
0.838
79.8
0.872
93.0
0.801
84.4
0.844
82.9
0.884
*
0.791
65.3
0.818
82.4
0.846
67.6
0.785
78.3
0.866
87.1
0.734
57.6
0.840
69.1
0.831
67.1
0.784
128
0.816
71.7
0.785
80.8
0.753
91.5
0.919
71.3
0.754
84.3
0.767
58.7
0.848
60.2
0.767
76.9
0.725
69.5
0.755
60.9
0.849
59.0
0.791
88.7
0.803
55.0
0.827
64.3
0.790
70.0
0.828
84.1
0.767
71.9
0.837
85.2
0.720
64.8
0.820
97.8
0.833
77.9
0.793
61.8
0.783
83.0
0.859
55.9
0.873
73.1
0.752
65.4
0.975
98.2
0.759
78.3
0.824
67.6
0.822
66.5
0.787
75.6
0.788
73.8
