119
97.3
60.1
64.7
103
100
54.8
70.4
99.0
65.8
67.4
55.1
97.5
65.5
78.1
55.8
68.3
97.8
60.1
63.7
78.9
63.3
80.1
66.7
96.6
104
102
*
71.1
68.3
62.6
68.5
51.5
62.8
98.7
69.5
68.4
80.9
82.9
64.0
56.2
100
99.4
54.8
83.8
98.6
54.4
112
62.8
77.5
55.6
70.8
60.7
51.0
62.3
79.8
74.8
65.5
98.7
58.4
64.3
*
62.6
75.3
54.8
72.3
80.1
61.8
102
80.7
60.0
62.7
68.8
79.9
107
72.4
73.3
69.4
104
69.1
94.4
52.4
63.3
58.0
65.8
104
62.7
69.8
63.1
64.4
106
64.4
66.5
59.9
71.2
96.5
53.7
102
62.8
68.6
53.6
60.1
102
55.3
59.9
83.3
58.4
51.3
71.7
106
63.6
70.6
65.0
59.6
*
104
98.2
61.0
58.8
54.0
106
64.5
56.1
59.1
57.4
69.8
59.3
70.1
70.3
60.9
66.7
58.5
59.4
60.8
58.2
99.0
99.6
63.8
65.5
62.0
102
56.6
59.9
70.0
