203
144
63.0
77.9
77.0
74.8
75.1
77.5
76.4
68.0
64.3
78.2
63.3
70.4
77.6
73.8
75.9
62.5
66.2
89.2
78.3
80.3
64.8
65.4
75.1
65.4
63.1
*
77.7
78.9
79.2
76.6
76.9
65.5
65.1
62.7
74.5
71.0
60.7
78.8
73.7
65.3
82.0
92.7
68.9
86.5
77.1
65.8
74.4
87.1
76.8
73.3
76.2
64.3
80.1
75.5
81.2
87.4
67.4
72.7
80.9
64.1
78.3
90.7
76.9
62.8
78.0
70.5
72.0
70.7
75.4
82.0
58.2
80.6
61.2
73.7
74.2
63.0
76.9
63.0
60.6
74.7
71.3
75.8
84.3
67.0
63.0
66.4
77.5
76.7
78.0
80.5
81.0
79.0
77.7
62.2
78.3
62.4
85.2
84.9
61.6
62.1
62.7
80.6
74.8
76.6
80.9
80.4
68.8
71.1
70.3
78.7
71.2
80.2
*
64.0
63.7
89.1
79.2
76.7
67.9
92.5
75.3
62.5
67.7
82.8
74.1
65.5
72.5
64.0
74.8
61.0
72.4
77.8
63.0
59.5
63.3
66.8
76.2
77.4
77.0
82.8
75.1
84.2
