127
119
86.4
84.7
85.3
89.9
81.7
88.4
80.1
91.9
88.8
83.5
87.4
87.9
88.4
84.1
91.1
88.7
81.1
85.9
83.7
91.0
84.1
83.3
91.8
82.7
87.3
*
83.4
81.4
89.8
93.0
94.7
91.4
82.7
83.4
143
129
139
118
103
114
109
88.8
101
101
95.4
84.0
82.0
94.1
101
88.6
81.8
82.0
87.3
91.0
90.2
93.1
82.0
83.8
88.2
90.0
81.4
91.1
86.6
91.1
87.7
85.6
96.5
85.4
96.4
90.4
83.1
82.6
82.9
88.3
81.9
91.2
85.5
83.2
78.4
89.5
82.0
94.3
88.4
84.3
82.9
88.0
84.7
83.0
84.9
81.8
86.5
96.9
83.8
95.3
87.5
86.9
82.1
82.7
83.1
94.5
82.7
88.7
79.0
92.5
89.5
83.4
90.3
84.7
86.6
86.7
85.5
94.2
*
83.5
81.7
90.1
94.8
93.7
82.4
90.9
100
91.9
87.4
92.1
87.3
82.4
84.8
79.7
88.2
90.0
91.3
93.7
87.8
84.2
78.4
84.6
88.9
90.8
78.4
81.6
85.1
90.5
