116
*
135
135
129
142
143
145
129
139
126
130
134
128
127
127
125
132
129
136
139
133
134
134
128
124
127
*
137
127
130
134
133
138
127
134
125
132
141
131
127
128
122
130
132
138
132
128
143
127
137
132
127
122
123
134
131
131
132
139
138
126
126
138
143
136
132
124
125
125
121
135
125
137
137
132
132
131
128
128
129
136
125
122
132
134
135
128
124
136
124
131
126
133
142
133
134
138
127
127
128
135
139
132
138
141
131
131
132
131
142
134
131
134
*
131
135
129
121
133
132
122
147
134
125
128
122
143
134
132
126
133
133
131
127
125
126
136
132
142
125
133
122
130
