133
142
71.1
71.2
67.2
72.1
72.6
76.5
74.3
79.7
66.3
75.1
75.4
68.2
74.5
70.7
76.9
62.7
83.3
74.4
69.1
77.2
74.8
72.9
65.8
63.4
75.9
*
72.9
73.1
73.1
73.2
68.9
73.5
75.2
77.2
71.4
77.4
72.4
72.2
74.9
70.8
71.7
73.9
76.3
71.1
79.8
72.9
65.1
78.2
82.0
71.3
78.0
64.1
81.2
84.4
72.9
73.6
73.9
72.4
71.3
85.3
68.1
77.9
68.5
77.7
74.4
69.9
76.2
75.6
70.4
84.5
80.3
67.5
84.9
77.2
69.8
71.7
75.3
72.8
64.9
80.9
68.0
67.2
89.7
70.1
70.3
75.0
73.8
66.8
68.6
77.8
77.1
79.0
80.2
74.7
72.3
77.3
77.9
70.5
68.0
66.4
76.4
67.1
69.1
81.0
82.3
67.1
75.9
70.7
75.8
73.9
77.3
71.4
*
80.3
76.1
82.8
73.3
72.1
72.6
75.3
73.4
72.2
83.0
71.0
76.6
73.4
81.9
76.9
71.6
73.9
71.6
75.8
69.1
68.8
72.3
79.9
76.6
75.7
67.3
67.5
78.8
79.8
