114
118
56.1
59.8
51.4
65.0
60.0
60.4
58.7
55.1
54.5
64.3
58.1
55.4
53.4
51.4
52.6
57.5
56.5
54.5
60.4
57.0
52.6
51.6
66.3
50.2
69.1
52.4
58.7
51.0
54.2
60.6
49.7
53.7
56.6
58.1
51.5
53.5
51.6
58.5
57.8
55.9
60.6
59.6
53.5
58.1
53.0
52.9
55.1
59.5
52.2
55.0
56.3
56.4
53.2
54.9
61.0
63.0
66.4
49.9
49.9
54.5
52.6
54.3
55.7
58.0
53.8
52.9
57.3
57.8
61.3
49.8
54.5
60.4
53.0
53.5
56.7
54.8
50.4
51.5
55.3
72.1
53.8
52.5
51.0
57.0
56.4
56.8
53.5
56.8
58.1
51.4
52.1
51.7
53.0
55.9
61.0
59.1
62.0
68.3
50.7
56.6
52.5
59.1
52.8
56.3
57.2
56.7
54.5
50.3
50.5
55.4
58.9
54.0
*
57.4
56.8
51.1
54.0
58.9
55.0
54.3
52.3
57.0
52.9
57.9
57.7
54.1
53.1
51.7
53.2
60.2
51.5
57.6
53.4
54.7
55.5
53.0
64.4
57.1
55.2
58.1
52.2
51.3
