95.9
101
49.1
54.6
56.5
55.9
58.9
56.7
57.5
72.2
60.2
61.0
59.0
62.2
52.1
49.2
57.9
57.8
57.4
61.0
53.6
57.5
62.3
57.2
54.8
56.6
56.3
*
53.8
55.5
54.9
75.4
63.9
54.9
63.0
56.3
60.0
50.0
76.6
53.5
64.5
53.8
54.1
70.4
68.2
59.9
56.5
56.8
58.6
68.1
57.3
50.7
57.7
55.4
54.2
51.5
54.8
57.0
51.7
54.1
51.7
56.1
50.8
57.1
55.0
56.8
64.1
54.6
56.2
55.7
56.3
52.8
53.4
62.1
55.0
48.5
53.7
53.6
80.8
57.3
56.2
71.7
61.8
60.8
59.3
59.0
69.5
58.1
53.1
55.9
57.6
54.8
59.5
59.8
57.5
61.2
56.9
59.7
*
59.5
53.4
60.6
59.6
58.1
58.6
53.6
56.4
52.6
55.1
62.0
48.7
61.8
51.2
64.2
*
62.4
69.9
53.4
*
51.6
65.2
56.3
50.0
64.9
53.0
64.8
52.8
50.3
54.3
66.6
65.0
62.9
56.1
59.8
54.2
56.5
59.0
68.4
53.1
54.1
54.4
49.5
63.4
57.2
