158
154
117
87.1
89.5
100
88.1
114
90.1
113
117
90.5
86.9
98.3
112
105
88.3
272
104
93.7
90.6
112
83.9
110
92.8
94.2
87.4
*
90.2
93.3
84.9
114
120
129
97.7
89.1
88.0
86.3
85.7
117
89.2
87.1
93.5
114
90.2
291
112
111
90.3
92.4
112
110
90.3
84.2
111
113
116
111
86.6
227
235
231
89.4
87.0
118
92.1
109
86.8
113
103
90.4
124
101
88.7
98.9
114
128
88.7
132
91.4
85.3
114
93.2
84.9
88.8
86.2
88.1
87.8
99.4
87.2
89.9
103
85.7
114
113
89.8
112
87.3
88.2
92.4
84.8
93.6
88.6
112
114
119
111
86.5
111
90.3
112
111
88.0
126
*
271
87.9
113
111
125
88.5
101
87.7
87.9
112
109
89.5
90.0
86.9
87.7
111
87.5
117
113
102
92.2
93.1
122
118
82.9
93.9
118
88.4
89.4
