108
105
73.5
63.9
79.9
72.1
60.7
76.7
64.5
83.9
76.5
65.3
74.3
63.6
61.5
63.3
69.0
79.0
87.2
66.0
67.4
68.1
70.5
64.0
86.6
80.2
63.3
*
73.0
64.8
76.6
76.1
71.6
61.0
66.2
63.0
70.0
71.7
77.2
62.4
63.0
77.4
65.7
65.0
73.2
77.5
75.8
72.1
76.4
60.4
81.5
82.5
83.8
64.2
77.5
75.9
69.9
70.2
78.1
71.8
*
71.2
85.3
82.1
73.4
77.9
75.7
68.4
80.0
73.1
83.6
58.5
62.0
72.4
82.1
72.5
74.2
68.1
76.4
69.8
76.7
76.9
69.8
83.3
71.3
70.6
68.2
76.7
67.3
*
79.4
75.4
64.6
80.0
77.8
82.3
77.6
72.0
67.8
65.8
60.9
74.4
73.8
79.4
76.9
75.8
63.1
81.2
74.8
61.2
69.7
78.9
67.3
60.8
*
65.9
73.1
73.2
76.0
74.2
77.4
70.7
75.6
75.3
73.4
73.5
70.6
64.5
57.8
65.8
78.0
75.1
75.3
64.8
63.5
74.4
72.2
71.8
75.1
73.9
68.3
77.4
69.5
74.2
