53.4
103
64.3
69.1
69.8
68.3
56.2
65.7
71.5
54.4
70.9
56.3
64.2
61.4
65.4
61.5
57.6
65.8
63.9
58.3
59.0
56.8
70.5
57.9
63.5
77.2
67.1
*
59.7
62.3
71.6
57.2
65.1
56.8
70.5
53.5
55.1
52.7
51.7
65.2
50.7
66.8
69.8
66.5
63.4
*
70.7
63.4
61.9
69.9
67.9
55.6
66.2
58.2
64.6
65.3
62.4
78.3
64.5
59.4
60.4
69.3
54.5
63.6
70.3
66.1
57.5
64.3
54.8
64.7
58.6
54.9
66.8
67.6
63.2
55.1
54.4
52.1
72.1
65.1
66.7
67.3
56.2
61.5
66.3
64.2
61.5
51.1
67.1
53.8
63.1
51.6
63.1
64.8
72.4
70.6
65.8
63.0
60.6
76.7
50.9
64.2
68.8
65.6
65.9
56.3
65.7
56.2
57.0
71.5
65.9
66.0
53.8
69.6
*
64.4
63.2
60.0
58.4
67.6
66.8
57.3
56.9
69.9
62.9
66.0
81.1
54.9
61.0
66.0
64.8
65.5
73.3
69.2
58.3
66.4
65.5
59.9
55.4
61.0
73.3
54.9
72.0
61.4
