95.2
60.6
61.9
53.9
61.4
53.7
53.3
56.5
54.8
74.7
54.7
52.0
57.2
61.2
61.8
57.4
58.0
62.2
57.7
68.7
58.7
50.4
66.8
54.2
54.7
70.1
54.5
57.7
51.0
53.6
58.1
60.2
52.8
65.2
66.4
69.2
53.6
55.7
57.6
59.3
57.5
52.8
55.9
52.6
61.4
57.2
51.7
56.9
56.7
74.7
58.8
58.7
59.6
57.1
57.6
58.5
60.4
57.1
60.1
54.0
60.1
59.3
56.0
53.8
66.6
53.5
67.8
59.5
62.1
53.5
54.1
57.2
58.4
54.8
58.8
55.6
61.7
52.2
51.9
50.5
57.3
59.2
51.1
51.3
57.2
53.8
56.1
56.1
51.8
68.5
76.0
68.4
60.9
51.1
66.9
53.4
68.5
65.8
72.3
55.8
54.6
51.7
56.9
53.7
57.1
53.4
50.2
50.7
56.6
81.1
59.1
54.3
56.2
62.3
*
62.5
50.6
54.6
54.4
65.5
58.4
54.7
51.4
61.2
56.7
51.9
53.8
56.9
55.0
58.0
56.1
59.5
66.4
60.5
59.9
57.6
61.0
49.7
55.4
69.9
57.3
58.8
51.1
56.8
