108
97.8
70.5
49.9
70.9
76.3
93.9
49.2
54.5
69.6
66.3
46.3
53.4
50.2
68.4
52.7
54.5
51.7
64.2
90.7
71.5
56.2
46.9
58.4
71.4
71.8
73.6
66.9
59.4
57.3
60.3
51.1
80.0
53.9
51.7
51.0
51.6
56.4
69.8
58.6
49.7
69.9
108
50.8
61.6
73.3
68.4
68.0
65.2
59.0
73.2
69.8
51.9
59.0
73.1
47.4
53.7
80.2
71.9
70.8
55.1
66.4
59.0
74.3
67.1
64.3
54.4
63.8
47.1
53.9
64.1
49.9
54.2
72.7
64.5
57.4
57.4
53.9
73.1
61.3
107
50.5
55.5
68.1
71.0
68.2
49.4
53.0
65.2
64.0
69.5
91.2
66.8
63.4
67.7
66.1
77.0
68.6
66.1
61.7
112
59.3
70.5
56.1
79.0
51.2
56.0
71.5
73.9
60.7
69.4
73.8
59.4
80.0
*
51.9
53.8
73.5
60.5
67.8
65.0
53.8
52.9
71.5
70.7
102
57.8
59.8
82.7
46.9
72.9
75.1
67.9
49.7
61.6
66.6
66.7
69.2
52.0
50.2
68.3
50.4
74.4
50.6
