123
113
68.4
65.6
67.7
57.8
69.6
65.6
63.5
71.8
71.9
65.4
67.8
60.2
66.6
72.2
69.0
72.9
72.4
72.3
72.7
64.1
79.4
63.7
74.0
68.2
58.6
66.9
56.8
62.7
60.8
60.3
62.1
70.0
60.6
70.6
77.1
65.2
70.5
74.8
66.2
58.2
*
65.9
69.9
65.2
66.0
57.6
71.1
61.7
59.6
70.3
70.6
78.2
62.1
62.5
86.6
77.6
62.7
67.2
65.3
60.9
59.4
59.6
70.0
67.7
60.8
62.4
67.4
58.8
71.3
66.9
61.0
57.4
62.1
70.4
80.1
70.3
63.6
83.5
68.8
59.2
68.6
63.1
59.9
74.4
72.6
60.2
67.1
60.4
65.8
62.4
59.2
71.6
71.3
58.8
74.5
63.8
71.7
69.7
71.8
67.5
