139
105
73.6
77.7
74.7
76.2
81.4
71.7
78.4
69.9
77.2
72.0
76.7
78.3
74.0
73.4
79.3
88.7
77.5
78.8
72.5
72.4
82.7
71.0
115
76.8
85.4
*
79.1
77.0
70.3
71.2
80.0
77.1
85.9
79.7
73.6
89.1
81.2
77.1
77.5
73.3
82.2
85.8
66.6
77.4
75.1
75.3
84.2
83.0
72.6
76.8
71.3
86.3
77.4
78.1
72.0
71.1
79.6
77.9
96.8
68.7
72.6
80.5
78.2
78.2
78.3
77.7
74.9
84.2
77.0
78.1
76.6
75.0
77.3
79.5
78.3
85.2
71.3
84.1
90.7
79.7
67.7
82.1
87.6
72.8
83.4
81.4
79.7
108
71.8
106
95.5
75.6
73.8
82.8
76.9
73.9
78.5
83.7
77.4
71.6
79.5
74.4
74.1
78.3
79.2
79.0
109
75.0
79.8
70.9
77.1
72.1
*
72.0
77.9
77.6
83.3
73.1
80.0
76.3
77.6
80.8
77.3
75.4
78.2
77.0
84.5
75.7
73.4
76.7
76.3
82.4
78.2
76.6
73.0
77.2
86.2
79.6
86.6
80.1
79.2
72.9
