146
117
124
126
129
136
132
130
129
125
135
137
128
126
130
131
127
130
140
131
128
131
126
131
128
125
131
*
129
124
128
126
128
124
126
126
131
125
130
137
124
126
129
126
128
129
133
130
128
132
130
129
138
128
128
127
136
123
128
128
146
124
126
126
125
125
127
128
127
126
127
128
137
129
126
120
129
127
133
134
134
131
123
124
122
131
133
125
128
126
132
124
125
128
128
132
128
128
127
121
120
132
132
129
139
130
133
128
129
130
127
125
128
131
*
133
123
136
131
138
128
120
128
133
128
130
138
120
133
121
127
125
139
133
136
131
129
131
126
125
129
134
*
128
