118
107
70.1
81.0
65.0
154
77.3
67.9
152
67.6
73.0
74.7
156
71.3
72.0
70.7
68.8
70.1
172
76.8
73.6
73.8
152
71.4
71.7
70.0
150
*
80.9
70.7
106
70.6
156
153
157
161
75.8
72.6
151
152
64.7
151
170
155
79.3
70.3
163
153
71.8
68.7
150
155
71.4
79.7
150
65.9
72.9
151
151
74.7
75.4
152
80.4
68.9
147
154
74.3
150
149
84.9
151
74.6
75.5
154
157
80.1
75.5
70.3
152
69.7
153
71.6
91.8
155
70.6
151
73.1
71.4
75.3
151
160
155
70.0
153
154
150
151
147
66.5
74.2
74.0
72.4
153
70.1
154
69.5
161
65.5
157
151
71.1
152
66.2
155
*
151
149
165
*
73.4
153
69.1
79.4
147
84.3
77.3
68.7
153
77.0
156
155
151
70.3
152
68.1
165
66.8
154
71.2
66.5
75.1
87.9
70.8
72.6
