71.0
63.3
49.9
54.0
46.9
44.0
45.4
46.1
51.6
47.0
53.1
49.8
47.5
48.2
52.7
48.1
50.1
56.0
48.8
47.7
47.2
66.3
49.4
46.3
53.7
43.6
56.1
48.7
57.1
61.6
47.8
57.8
50.2
48.9
55.5
45.9
52.8
48.1
50.6
47.7
52.5
50.3
56.2
54.2
65.6
48.7
51.9
51.2
49.0
57.8
51.6
44.4
60.6
53.6
65.1
61.1
56.5
49.4
52.2
49.1
61.5
44.8
54.7
43.2
46.3
57.8
70.1
58.7
48.8
59.7
52.6
55.8
53.9
49.1
54.6
55.3
48.4
44.6
57.3
52.4
47.6
61.6
48.6
48.0
54.2
61.2
61.0
50.0
69.8
52.0
48.3
49.8
60.5
75.4
49.4
48.5
51.8
57.9
47.8
61.9
48.8
52.0
47.7
55.9
46.1
56.1
63.3
46.6
47.2
55.8
57.6
45.5
50.7
46.3
*
50.2
43.8
50.1
49.7
49.7
54.3
43.4
54.4
45.4
62.2
44.2
56.4
51.9
53.7
50.4
49.9
44.7
57.5
48.6
53.2
51.0
47.6
49.5
56.8
56.2
47.6
49.8
44.8
71.9
