149
128
75.8
80.1
77.9
103
87.2
79.7
85.9
78.7
110
85.5
80.0
76.4
87.8
75.0
81.1
73.3
80.6
79.1
75.3
106
77.8
75.4
76.8
74.7
77.4
*
84.1
83.2
75.0
83.4
104
73.6
73.2
83.0
75.5
74.6
83.3
73.1
75.2
80.9
79.4
74.5
79.1
84.8
107
79.7
89.1
73.0
101
73.2
75.1
77.3
76.1
79.7
108
76.9
76.2
72.6
105
78.0
75.5
74.9
109
76.2
72.7
76.7
76.3
75.9
75.2
78.0
76.6
72.9
82.7
78.1
74.5
73.0
107
81.2
74.6
110
78.2
80.4
80.8
76.7
85.1
75.1
77.5
81.1
77.6
96.9
77.5
103
107
79.4
104
75.8
75.5
78.8
73.7
88.3
84.5
103
102
74.8
77.6
76.3
73.4
79.6
84.1
73.1
74.7
79.0
*
84.7
79.4
77.2
99.3
83.5
69.0
78.8
76.5
82.4
102
74.1
80.4
86.1
86.9
77.4
81.3
73.6
80.5
77.8
81.3
90.7
79.6
92.5
101
80.5
79.6
72.0
80.7
80.8
