214
139
76.4
74.9
74.9
115
76.6
85.0
91.5
75.9
75.1
77.6
86.7
85.6
75.7
77.5
80.4
84.0
77.9
76.9
79.9
73.2
71.1
89.9
77.9
75.8
77.8
*
82.3
77.9
78.7
77.0
80.9
79.8
80.5
81.5
78.6
77.4
77.5
76.9
74.9
82.1
96.1
88.6
75.3
84.2
75.9
72.0
86.5
85.4
84.1
78.7
75.9
76.2
85.7
79.9
77.4
75.8
87.4
74.3
78.6
75.4
74.6
83.4
70.4
85.6
91.8
76.3
78.3
74.9
73.8
73.3
81.0
83.7
76.4
89.7
73.6
76.6
77.3
76.9
95.9
77.7
71.8
82.2
71.2
75.0
75.5
78.7
87.3
102
79.9
95.8
73.9
78.3
101
78.4
76.8
76.7
73.4
79.4
85.5
76.3
91.4
79.9
91.0
75.2
77.8
76.4
73.9
92.9
80.0
79.5
80.5
78.0
*
86.7
90.7
75.8
78.0
82.6
74.7
102
83.5
93.1
72.9
86.3
76.9
74.2
77.6
76.8
76.4
76.0
78.0
81.7
84.3
75.1
80.7
81.7
76.6
117
84.6
82.5
80.7
91.3
