65.8
66.4
74.9
56.4
60.7
51.7
55.3
53.5
55.3
53.8
60.3
55.7
57.9
64.8
56.1
62.6
56.2
57.6
58.6
55.2
55.7
59.2
60.9
56.2
55.4
60.1
52.6
*
51.3
57.1
77.5
61.3
54.5
53.6
54.5
66.6
57.3
65.0
60.8
62.7
51.7
59.1
51.5
77.4
63.5
53.6
60.8
65.2
68.2
49.2
60.2
73.4
53.6
58.2
55.7
62.9
53.4
56.4
56.8
64.3
56.9
*
53.1
59.9
65.6
55.3
64.0
56.7
52.1
56.8
56.0
54.0
61.0
60.4
61.1
56.5
55.2
57.7
60.8
66.5
80.8
55.8
56.6
66.6
66.8
55.9
56.5
55.5
54.6
57.8
54.1
60.6
56.1
61.0
53.0
56.3
56.7
53.5
56.6
60.2
61.0
57.7
67.1
60.7
54.9
62.2
63.9
58.1
57.8
56.3
59.6
59.9
66.3
61.4
*
62.8
59.5
64.0
57.0
67.5
72.4
67.1
55.2
58.6
54.8
52.0
60.5
56.3
60.2
56.2
58.2
60.4
65.1
80.2
52.7
56.5
54.2
59.8
51.9
53.0
53.7
56.6
60.2
54.4
