120
79.9
98.4
94.7
94.2
95.2
91.4
105
94.7
93.8
94.3
110
97.5
96.4
90.8
100
94.2
99.0
101
93.5
96.6
95.4
93.9
103
108
91.7
109
*
98.3
93.8
98.8
101
105
96.2
96.6
96.2
104
97.5
96.5
101
94.1
97.1
108
97.0
*
96.7
94.6
101
97.4
105
100
94.3
94.7
97.8
95.3
94.7
97.3
97.1
96.6
96.9
93.3
95.8
92.9
90.9
94.8
101
91.0
91.5
93.8
100
92.5
98.9
94.3
93.4
97.1
95.8
95.0
95.9
93.5
97.3
96.3
95.3
100
90.1
93.3
94.3
94.5
95.3
97.9
111
95.8
99.3
98.4
93.4
91.0
96.3
95.5
98.1
94.8
95.2
98.1
95.9
95.0
93.8
104
97.9
101
95.9
93.9
95.9
95.9
97.8
100
96.5
*
95.3
94.0
94.9
*
102
93.6
92.3
89.8
98.8
94.7
102
94.4
93.8
95.2
97.8
95.6
94.1
105
95.8
99.8
101
95.2
96.4
94.2
89.8
97.1
94.7
90.8
90.0
