110
130
114
76.1
110
111
75.9
113
115
112
108
73.2
110
72.7
109
70.7
114
108
110
73.6
110
70.8
81.8
72.0
114
115
108
*
80.2
76.4
91.1
74.0
113
72.6
110
77.3
112
80.4
79.7
73.4
71.3
111
110
75.5
72.0
117
110
109
73.4
76.7
117
109
85.4
73.6
71.5
70.1
75.1
82.4
106
83.1
87.5
76.1
110
107
107
73.0
75.8
112
113
73.2
112
78.8
73.3
109
109
75.6
108
71.1
115
73.6
114
109
79.7
119
106
111
75.9
77.7
73.6
74.2
106
110
115
112
107
111
108
109
111
75.8
75.5
80.9
112
119
125
83.0
74.5
75.3
114
110
87.6
72.6
71.6
72.4
*
108
114
92.8
113
75.7
114
112
107
87.7
80.2
72.3
75.1
77.5
78.7
75.1
70.0
74.6
111
74.2
83.1
109
109
109
81.9
78.4
108
109
114
86.5
