0.956
53.0
0.830
57.5
0.844
52.2
0.802
380
0.846
59.1
0.819
54.2
0.872
382
0.779
68.8
0.752
376
0.999
381
0.750
54.0
0.817
55.8
0.868
61.5
0.813
357
0.846
387
0.822
56.2
0.860
381
1.03
56.2
0.841
398
0.844
54.2
0.810
57.4
1.01
54.2
0.876
382
0.856
69.7
0.815
55.0
0.810
385
0.787
381
0.775
58.1
0.808
55.6
0.739
60.6
0.796
55.8
0.889
385
0.809
58.5
0.777
51.6
0.914
59.9
0.821
55.9
0.772
53.8
0.829
393
0.788
54.9
0.724
*
0.799
388
0.735
391
1.02
52.6
0.712
382
0.758
53.7
0.716
363
0.738
381
0.780
61.0
0.852
377
0.828
379
0.777
54.1
0.748
389
1.06
49.9
0.823
57.4
0.865
54.3
0.825
383
0.840
54.3
0.822
393
0.920
63.4
0.905
63.2
0.823
57.7
0.774
60.1
0.794
384
0.821
378
1.03
61.0
0.763
64.8
1.03
379
0.805
54.9
0.793
61.5
0.860
388
0.834
54.6
0.780
60.0
0.796
60.9
0.804
68.7
0.721
87.0
