127
116
70.3
80.2
71.7
81.5
75.4
78.6
76.5
82.3
83.6
69.3
72.4
80.9
72.1
84.9
81.2
85.7
79.8
68.4
62.8
82.6
76.8
66.9
66.3
72.1
70.4
*
83.4
85.7
68.2
82.3
87.3
64.8
71.4
71.4
91.5
69.9
71.6
73.4
84.8
80.5
70.9
71.3
82.0
66.7
84.1
66.9
70.9
87.3
81.5
64.7
82.6
82.8
86.3
80.0
66.1
97.5
65.4
70.5
71.7
87.5
79.5
70.6
80.1
64.7
90.7
70.0
66.3
71.4
75.7
70.8
81.7
65.8
75.3
76.6
66.1
77.1
83.8
86.9
67.3
82.1
69.6
72.1
77.5
68.8
70.8
69.8
84.1
85.7
80.4
69.5
78.4
79.4
93.9
68.1
100
66.6
81.7
79.7
83.6
65.2
80.1
83.4
84.6
84.4
70.3
80.4
66.6
68.1
78.0
85.7
75.5
70.9
*
75.2
72.4
79.7
72.7
81.9
69.3
87.3
71.8
84.3
82.4
90.6
68.8
65.4
76.2
75.5
93.6
81.0
69.4
70.0
81.6
80.7
66.7
71.2
64.9
69.5
71.0
69.4
71.9
78.8
