119
48.3
74.0
58.5
70.5
65.3
64.8
61.4
63.3
71.8
61.5
72.7
68.0
66.4
66.5
70.8
57.9
68.9
62.0
61.4
68.4
61.6
74.0
58.6
64.3
70.7
59.1
*
68.2
67.6
67.0
78.3
62.0
61.7
70.6
68.7
60.0
63.1
72.9
64.4
68.3
66.8
59.5
73.3
66.8
68.2
64.8
66.5
74.0
59.7
67.9
80.5
64.1
73.8
63.6
59.9
66.2
64.9
62.0
62.7
62.2
64.1
65.8
61.3
67.3
64.3
58.5
63.6
76.5
68.7
71.0
69.7
71.6
72.2
61.0
60.1
76.7
68.0
63.3
65.1
68.6
65.3
68.3
60.9
57.9
64.8
71.7
68.3
64.0
72.2
76.8
73.6
72.7
72.6
59.6
68.3
78.3
65.2
68.3
61.3
68.8
76.7
68.5
87.4
64.1
59.9
65.4
71.1
64.0
66.9
79.6
60.4
70.0
63.0
*
66.0
72.9
60.2
69.1
71.9
67.1
57.4
62.5
78.4
66.8
72.8
66.7
65.0
67.9
67.6
74.3
69.7
69.9
62.8
72.6
74.7
64.5
62.8
63.9
65.2
60.5
63.6
65.5
58.5
