158
103
66.7
70.7
72.1
178
86.0
74.4
70.9
96.7
73.8
84.7
77.9
64.6
75.8
75.4
73.1
71.2
68.9
84.0
68.9
74.8
71.2
88.1
66.5
70.4
74.3
*
74.9
80.2
78.6
67.1
171
65.6
*
68.7
68.6
76.5
66.0
76.0
75.6
91.4
74.9
*
95.4
71.9
176
74.5
77.4
75.6
165
67.3
73.9
83.1
75.0
71.3
72.9
76.3
66.2
66.5
70.4
165
91.0
70.2
164
70.4
74.6
75.9
170
71.7
70.7
81.9
75.9
69.1
71.4
71.4
127
68.7
166
78.8
81.7
67.9
72.1
166
67.8
117
72.2
77.4
68.8
166
170
166
67.7
165
166
73.8
78.7
70.9
169
69.9
68.7
71.8
75.2
71.0
81.2
65.8
77.7
69.0
85.5
90.5
79.8
70.0
62.3
74.5
*
73.7
70.1
68.4
75.5
65.4
71.7
76.0
81.1
73.0
75.9
66.4
84.1
67.7
72.1
62.0
67.7
67.1
68.1
69.9
84.9
72.1
79.8
63.0
83.0
162
68.5
70.2
70.8
73.2
