2.66
44.8
0.855
43.8
0.740
60.8
0.775
55.0
0.936
57.9
0.851
56.3
0.795
53.8
0.762
50.8
0.750
60.7
0.966
51.4
0.772
49.1
0.782
46.3
0.768
55.5
0.799
52.2
0.787
57.8
0.799
51.4
0.995
*
0.766
53.1
0.858
*
0.745
45.4
0.743
54.0
0.763
49.6
0.794
51.5
0.800
47.2
0.692
48.1
0.742
53.3
0.855
49.3
0.740
50.4
0.730
52.8
0.786
50.0
0.844
48.9
0.767
57.7
0.799
48.1
0.783
65.6
0.875
95.9
0.802
59.0
0.799
60.4
0.793
45.5
0.876
51.7
0.854
*
0.835
50.3
0.820
49.9
0.761
53.7
0.794
54.6
0.761
51.1
0.946
45.4
0.733
96.6
0.897
49.0
0.826
47.4
0.791
46.0
0.750
49.8
0.728
50.3
0.748
48.8
0.726
51.8
0.775
60.7
0.780
51.1
0.811
48.9
0.804
47.5
1.01
52.6
1.14
49.6
0.825
48.2
0.758
51.3
0.799
50.8
0.794
58.9
0.751
71.5
0.878
63.3
0.987
48.2
0.723
53.6
0.832
56.2
0.728
44.9
0.798
58.9
0.721
48.5
0.747
49.2
0.861
54.9
0.894
47.4
