81.2
69.8
58.1
59.8
53.7
62.4
54.5
143
60.2
76.5
60.0
61.9
62.7
60.4
58.5
60.3
62.1
144
62.1
58.6
57.9
64.0
59.2
56.0
60.6
151
68.1
55.6
57.5
56.5
61.6
57.9
69.2
55.2
58.3
56.2
56.8
58.5
53.9
63.7
60.5
71.5
57.6
61.7
76.5
60.6
58.7
53.9
59.9
53.9
59.4
58.5
61.0
58.8
60.3
59.8
59.2
56.0
60.4
52.8
57.5
62.4
53.5
151
69.2
54.0
60.1
64.4
66.0
64.3
62.3
65.5
56.9
61.1
64.4
65.7
58.6
54.2
57.7
63.2
54.3
56.3
60.6
53.6
64.6
59.9
64.5
57.1
62.9
148
61.3
147
54.6
57.8
58.8
65.7
56.9
66.6
148
61.4
56.6
57.0
56.5
62.4
60.3
63.6
54.9
55.7
60.0
68.7
63.7
57.7
56.8
53.2
*
67.8
55.2
54.5
58.4
147
79.5
55.5
56.2
57.8
64.2
57.0
63.7
53.9
53.1
54.0
53.2
55.9
68.9
146
58.1
59.5
57.7
64.2
152
60.5
53.5
55.5
59.7
55.2
