56.8
55.2
60.7
62.1
68.2
60.7
62.6
59.6
71.5
60.3
54.3
65.8
59.9
55.0
54.4
108
85.3
58.8
62.1
69.0
54.5
59.4
58.5
64.4
57.0
86.7
63.4
59.3
53.1
55.1
80.2
57.6
56.7
57.9
66.0
67.2
58.2
64.3
55.2
57.5
58.3
76.7
59.0
60.9
54.8
61.2
77.9
58.0
57.1
58.8
59.3
55.9
57.7
59.2
60.0
65.0
59.1
64.9
59.9
56.1
56.3
63.2
58.8
57.4
63.4
69.3
60.0
58.6
57.7
55.7
53.9
55.0
56.2
60.3
56.9
58.7
72.4
75.0
60.1
60.0
67.5
63.4
56.8
56.1
62.2
63.1
57.6
55.4
62.5
54.0
58.2
57.9
*
82.1
56.5
59.8
58.1
54.7
61.6
56.6
58.9
67.4
