67.1
67.9
68.6
59.0
60.7
73.4
68.4
63.7
60.2
60.7
75.0
59.1
59.2
55.3
59.4
64.4
61.2
60.2
58.4
56.0
72.3
58.3
66.6
64.8
58.7
55.9
62.7
55.8
66.4
61.4
69.2
65.8
57.5
57.1
58.0
60.1
57.3
61.6
70.8
81.9
62.9
63.5
57.2
56.8
64.0
59.1
60.0
62.7
62.3
58.7
61.8
65.3
67.3
66.8
62.0
65.3
60.2
62.7
68.6
62.7
80.6
61.2
60.0
60.0
62.4
60.3
60.7
67.2
65.9
60.1
64.8
64.0
59.2
59.8
70.0
60.3
68.5
65.4
56.3
63.0
63.4
58.8
68.9
63.8
63.5
61.5
60.7
68.2
59.3
59.8
63.4
61.1
*
58.7
56.2
62.0
61.4
74.3
65.5
63.3
58.8
63.4
