63.1
110
72.0
68.3
49.5
51.8
65.7
94.0
46.9
62.1
46.4
62.1
61.4
55.3
45.9
51.1
45.2
76.8
49.0
53.7
50.6
56.0
74.3
90.6
47.9
47.2
69.1
55.0
46.5
59.0
51.3
52.2
53.8
54.4
52.5
65.4
47.6
55.4
57.4
65.2
53.4
52.4
54.7
56.7
65.3
72.9
54.3
46.8
72.1
64.1
70.3
51.8
51.0
53.7
48.6
70.4
52.1
56.0
55.0
*
49.0
*
45.0
52.8
59.6
50.7
51.0
51.7
58.9
48.9
55.2
51.4
62.0
82.4
69.1
48.6
72.2
73.6
55.7
63.8
58.4
50.2
55.5
63.5
73.3
64.7
62.7
56.6
57.4
64.6
57.2
55.3
68.7
84.3
46.0
53.3
86.0
44.7
56.2
52.7
50.5
51.2
51.9
53.6
74.8
60.1
52.9
71.8
57.7
53.1
52.4
76.3
54.8
55.0
*
47.2
45.1
48.9
51.7
90.6
49.2
50.1
49.1
69.7
64.7
67.2
52.3
50.5
69.8
50.3
47.8
73.3
54.6
55.3
56.3
81.1
48.9
49.3
50.1
49.9
51.6
72.5
49.1
69.1
