90.6
152
117
73.1
66.6
68.3
68.3
120
63.8
69.4
124
65.0
66.1
68.3
65.7
67.4
125
122
63.5
69.7
66.6
64.3
118
63.3
72.1
64.9
67.9
*
123
66.5
119
71.8
116
123
69.7
120
116
63.3
116
67.7
59.8
59.6
64.9
73.6
126
132
116
60.4
117
78.7
123
86.5
65.9
67.9
66.0
64.8
64.0
68.7
66.7
127
69.6
120
65.9
116
121
121
65.6
70.6
73.8
68.7
69.7
59.2
62.7
120
68.5
77.8
119
63.5
116
65.9
63.2
130
60.7
82.9
125
65.7
61.0
62.8
69.4
147
76.2
69.7
67.5
116
119
62.1
71.4
64.3
118
68.9
68.9
61.0
66.8
118
117
66.2
64.0
69.4
64.3
63.2
74.2
70.2
65.0
65.2
*
76.8
62.4
69.9
60.4
134
60.9
147
72.7
66.6
68.3
125
65.1
123
78.3
131
65.9
65.2
130
79.1
63.6
117
63.0
81.2
125
66.2
63.0
116
63.8
69.9
