177
168
52.8
51.3
81.7
48.8
45.4
51.6
44.5
47.3
59.2
85.9
52.1
51.0
51.0
55.7
65.5
46.3
51.8
44.3
53.3
49.9
81.6
53.0
54.2
47.4
46.5
47.6
52.1
51.9
48.1
50.8
43.8
54.7
49.1
46.5
47.7
51.9
82.3
49.0
88.5
47.6
85.7
50.1
55.0
57.0
49.4
49.6
82.9
59.3
52.8
88.7
54.1
49.3
43.9
52.6
47.8
60.8
50.8
50.7
54.7
50.3
88.7
63.8
47.0
50.5
45.4
82.8
87.2
55.3
44.3
81.9
56.8
51.9
47.2
53.5
83.0
51.5
52.7
51.2
44.8
63.7
46.9
58.8
48.7
50.6
54.6
49.0
94.9
48.2
49.8
54.2
45.8
59.4
51.4
48.0
60.9
81.8
48.3
47.1
47.0
86.9
