80.7
48.2
41.5
65.7
60.5
45.0
55.0
47.3
41.9
56.5
61.7
42.6
39.2
52.9
51.6
48.9
57.8
48.8
54.0
*
54.0
46.5
49.2
64.4
62.4
78.2
58.8
55.6
87.2
43.7
42.8
40.4
50.0
55.0
40.0
54.9
62.1
39.4
42.1
56.0
51.2
37.7
50.9
50.3
40.1
57.6
42.9
46.2
51.0
40.6
56.4
46.1
103
64.2
47.7
54.3
57.3
51.4
47.8
48.7
41.4
54.9
37.5
45.7
65.2
74.2
57.5
52.7
49.0
67.6
44.9
46.9
41.9
53.0
45.8
42.3
39.3
57.8
45.7
60.5
44.2
44.4
39.0
44.5
49.6
104
49.9
49.1
47.3
38.5
44.4
58.0
70.9
62.6
57.3
43.7
41.4
75.1
43.1
48.3
80.1
47.2
