0.937
80.4
0.797
65.2
0.796
67.9
0.862
66.8
0.771
72.0
0.819
70.8
0.752
60.3
0.877
77.2
0.849
66.1
0.745
90.1
0.868
76.5
0.754
82.5
0.772
69.1
0.939
62.8
0.974
63.1
0.849
79.1
0.791
62.1
0.880
68.7
0.889
71.7
0.903
65.8
0.798
77.1
0.782
66.6
0.813
68.8
0.769
55.5
0.781
65.0
0.756
71.7
0.939
60.1
0.755
74.5
0.717
58.7
0.785
70.5
0.844
*
0.823
70.1
0.793
81.7
0.848
56.4
0.843
70.3
0.835
62.3
0.829
78.4
0.872
83.2
0.804
69.9
0.799
*
0.858
69.7
0.805
57.1
0.770
83.7
0.781
58.1
0.898
77.1
0.719
61.1
0.818
67.4
0.800
76.6
0.844
65.3
0.844
60.1
0.806
61.8
0.753
68.0
0.806
101
0.768
61.9
0.799
79.3
0.783
82.1
0.729
80.8
0.797
67.6
0.808
59.4
0.741
65.0
0.821
67.2
0.790
61.1
0.806
67.5
0.884
60.1
0.828
59.2
0.816
72.4
0.848
57.6
0.858
70.3
0.884
79.6
0.797
58.0
1.02
65.4
0.803
61.6
0.805
88.2
0.895
76.8
0.821
72.6
