195
176
71.8
72.1
92.2
63.3
66.8
80.4
77.0
79.0
69.7
113
62.3
63.2
62.1
81.0
232
102
103
59.5
66.2
63.8
200
72.5
100.0
100
70.6
65.5
93.5
68.1
56.3
63.2
74.4
70.9
63.5
77.9
58.9
66.2
69.3
69.7
80.0
63.0
83.4
72.4
64.6
112
70.5
91.7
78.1
58.2
65.6
66.1
57.8
82.3
68.7
61.7
61.1
65.1
89.6
103
74.7
134
66.2
78.0
63.5
68.4
56.2
64.9
136
62.5
61.7
67.6
68.3
61.8
58.4
75.8
77.0
90.6
102
62.6
75.1
64.2
60.9
66.2
61.7
74.7
60.1
62.9
67.4
75.6
71.9
135
71.8
67.7
58.5
72.4
67.7
60.2
60.7
74.6
64.1
62.6
64.4
66.5
60.6
71.4
64.5
187
70.9
70.0
64.1
69.2
64.9
63.3
*
136
63.2
87.0
68.9
61.2
62.8
69.2
61.8
57.2
60.5
104
60.6
76.5
77.6
64.2
67.3
68.3
92.4
82.7
78.9
87.9
79.4
66.3
65.9
58.2
66.8
65.9
87.6
70.9
