118
117
97.1
95.3
94.4
85.0
92.8
85.1
95.8
106
78.8
96.0
87.6
94.4
93.7
94.5
85.0
85.1
95.0
90.0
89.3
94.1
87.0
89.5
96.9
104
91.3
*
96.8
89.1
91.1
86.8
89.0
90.8
95.0
86.7
88.0
85.2
85.0
89.0
101
91.1
97.1
87.0
89.3
89.4
85.1
88.7
89.7
91.1
90.5
102
84.4
92.8
88.5
85.7
98.2
80.5
85.4
87.5
90.2
99.1
97.4
94.1
85.0
90.3
87.1
88.9
89.2
84.5
101
92.6
94.2
87.6
90.8
82.7
91.8
96.3
90.1
100
87.4
96.0
85.0
89.8
86.1
87.3
88.3
90.2
86.1
88.9
87.0
83.8
92.1
87.7
86.6
88.3
84.7
90.5
91.2
91.3
86.1
93.0
91.1
85.0
91.1
83.2
86.0
89.0
86.7
95.2
87.1
91.3
94.3
89.5
*
89.8
95.6
86.7
106
98.3
91.2
90.0
89.3
90.7
87.3
88.6
89.0
91.5
93.4
91.3
88.3
86.9
102
83.6
89.0
93.4
85.4
94.5
105
97.3
97.2
85.8
83.8
82.9
