0.856
66.1
0.780
64.8
0.768
59.8
0.867
61.9
0.796
64.1
0.867
68.1
0.869
70.6
0.792
65.5
0.750
59.7
0.784
61.0
0.731
62.4
0.777
67.3
1.06
179
0.731
78.2
0.797
59.2
0.717
73.1
0.783
*
0.745
65.3
0.755
67.1
0.801
58.8
0.929
61.7
0.730
68.2
0.778
59.1
0.867
69.9
0.754
64.2
0.726
84.2
0.968
64.6
0.683
83.3
0.724
63.4
0.835
177
0.795
67.3
0.790
64.3
0.882
64.0
0.789
65.3
0.799
64.8
0.740
67.5
0.767
62.9
0.734
59.6
0.792
62.8
0.726
*
0.788
73.4
0.758
64.0
0.719
67.5
0.731
70.6
0.753
66.4
0.835
67.2
0.700
79.4
0.757
80.2
0.811
175
0.737
65.5
0.779
70.6
0.795
64.9
0.778
62.2
0.794
62.1
0.817
64.8
0.780
68.3
0.781
63.3
0.821
73.2
0.981
64.3
0.808
61.6
0.763
61.6
0.714
66.5
0.796
64.7
0.779
66.2
0.786
64.6
0.830
68.4
0.907
77.2
0.676
65.1
0.805
63.9
0.790
81.3
0.737
62.0
0.928
69.3
0.899
61.7
0.834
63.3
0.775
70.8
