0.911
104
0.783
96.4
0.829
87.4
0.825
95.1
0.833
86.9
0.850
96.0
0.780
90.1
0.880
103
0.753
94.0
0.742
91.6
0.780
95.3
0.806
93.3
0.764
89.4
0.917
82.7
0.836
98.5
0.822
90.6
0.903
95.6
0.758
89.9
0.846
75.3
0.785
97.9
0.719
89.5
0.776
93.4
0.744
78.5
0.861
75.2
0.765
85.0
0.991
97.9
0.767
101
0.761
91.8
0.772
78.1
1.15
97.3
0.893
*
0.791
85.8
0.756
92.8
0.851
88.4
0.751
79.6
0.819
89.8
0.745
91.9
0.814
74.8
0.783
93.3
0.733
*
1.02
98.0
0.782
80.4
0.734
91.6
0.772
94.7
0.734
91.9
0.825
85.3
0.737
84.9
0.928
98.2
0.856
92.6
0.853
101
0.826
91.2
0.921
86.9
0.730
87.9
0.801
92.8
0.818
87.4
0.775
89.8
0.860
98.7
0.841
91.7
0.840
96.8
0.790
94.5
0.828
92.7
0.900
90.9
0.827
90.7
0.829
108
0.782
90.8
0.811
86.7
0.806
83.4
0.751
86.0
0.810
93.6
0.804
77.7
0.813
92.6
0.700
92.2
0.845
92.2
0.810
85.8
0.701
86.3
