168
178
98.8
94.6
102
100
95.1
109
102
101
105
102
101
98.2
104
109
132
108
97.0
100
97.8
99.0
95.5
100
101
94.9
99.8
*
101
101
95.2
93.1
116
96.1
100
96.3
101
107
105
100
101
97.2
96.8
107
99.9
213
98.9
125
93.7
103
94.7
97.2
96.4
98.5
104
101
100.0
107
97.4
100
93.1
96.4
99.3
93.3
92.7
104
102
95.0
101
100
104
103
103
93.9
105
109
102
102
127
104
97.7
99.1
100
97.5
102
96.5
104
103
99.8
102
98.7
122
96.7
108
106
104
98.1
99.7
92.2
101
115
101
97.4
100.0
105
98.4
98.1
97.8
92.9
97.4
108
99.6
142
101
*
101
96.4
111
96.0
209
100
96.2
102
106
96.9
104
103
98.3
100
98.1
99.9
93.2
98.9
97.8
96.4
92.9
98.4
96.4
102
97.1
104
95.4
103
107
