0.902
47.1
0.818
83.6
0.711
49.0
0.813
82.0
0.820
60.0
0.855
83.0
0.756
53.0
0.754
51.4
0.807
48.5
0.766
44.4
0.807
55.9
0.806
54.5
0.839
88.7
0.836
47.4
0.795
48.8
0.722
50.2
0.805
*
0.823
51.3
0.768
50.3
0.783
55.3
0.743
44.1
0.749
55.0
0.821
68.0
0.829
66.2
0.731
92.8
0.718
54.4
0.745
51.0
0.680
50.3
0.681
49.6
0.721
59.4
0.801
44.1
0.897
78.1
0.916
48.7
0.854
70.0
0.860
46.4
0.860
54.1
0.754
63.2
0.790
58.4
0.743
62.4
0.672
*
0.796
84.8
0.776
50.7
0.966
79.5
0.738
91.1
0.862
57.6
0.732
48.4
0.754
53.4
0.739
50.9
0.755
83.6
0.787
83.3
0.778
45.3
0.691
63.7
0.806
61.5
0.802
82.6
0.788
52.6
0.767
85.5
0.752
85.1
0.895
92.6
0.788
51.9
0.792
64.2
0.760
53.9
0.763
82.9
0.809
104
1.02
83.9
0.772
49.3
0.698
58.3
0.777
82.6
0.767
61.2
0.735
68.5
0.797
57.1
0.795
49.1
0.731
48.5
0.761
87.9
0.818
86.7
0.691
68.6
