142
170
67.0
284
292
79.3
289
278
71.9
67.9
72.9
390
394
391
394
389
396
397
74.9
392
390
398
293
292
347
76.1
71.1
*
285
84.8
285
290
73.4
302
70.6
305
284
288
305
86.9
288
73.1
78.9
*
286
283
84.3
68.7
*
71.6
73.3
76.1
74.7
*
73.9
*
*
73.5
80.3
75.6
*
70.7
*
*
68.9
*
*
71.2
79.7
*
68.0
*
*
73.2
*
*
145
*
140
113
121
103
116
81.0
66.7
86.7
66.6
65.4
76.5
86.4
72.4
74.2
80.5
81.8
78.4
82.8
65.4
72.0
78.2
75.9
83.0
62.7
75.6
80.9
79.7
57.3
60.0
60.0
78.5
78.8
59.5
71.1
63.6
58.5
*
76.6
70.7
70.7
*
79.6
78.2
79.2
117
74.1
*
57.7
59.9
54.4
55.3
61.9
74.4
73.2
72.4
69.8
67.0
71.7
72.1
71.8
74.6
60.1
74.4
71.4
81.0
78.1
