160
128
99.2
82.2
85.5
84.3
83.9
122
99.3
83.2
82.6
92.5
85.0
93.4
86.3
104
88.9
86.8
83.6
86.3
86.0
78.8
83.2
82.4
92.7
82.1
85.8
80.9
81.7
88.9
85.1
84.2
97.9
89.8
86.8
88.4
83.3
94.5
83.2
113
84.4
92.2
107
102
93.4
86.8
102
87.8
86.7
87.5
96.8
82.9
84.2
135
85.2
91.5
93.6
82.7
*
85.6
87.4
112
83.8
100
101
92.6
88.7
82.0
93.6
81.9
110
90.9
86.0
98.9
81.9
127
105
98.2
109
86.3
108
102
104
87.6
91.6
89.1
106
107
89.0
88.5
93.2
90.9
82.6
99.8
95.4
88.3
91.6
91.0
87.1
78.9
87.4
80.5
100
94.0
98.5
106
87.0
89.9
97.5
99.4
98.5
91.2
87.8
87.4
*
84.4
88.2
84.3
126
96.9
92.8
114
96.5
83.3
100
90.0
88.5
103
101
92.4
91.4
79.4
104
84.5
94.2
88.0
89.8
85.1
84.8
86.1
90.8
85.8
87.7
79.5
