165
206
84.5
81.2
88.7
127
84.3
104
90.7
75.3
94.2
84.2
81.2
89.5
86.5
86.7
81.4
94.4
89.4
83.7
80.2
85.1
109
81.2
82.9
79.2
85.2
*
80.1
88.4
86.4
81.2
96.4
93.4
81.8
82.3
87.1
86.5
78.3
88.7
80.2
82.5
84.3
85.7
82.9
95.1
98.0
98.8
77.2
88.5
97.6
90.5
89.8
114
96.5
83.5
89.0
93.1
97.2
84.8
94.5
87.3
95.7
82.8
95.0
79.8
79.3
96.1
100.0
77.8
94.5
82.0
81.4
96.3
91.7
80.6
97.9
82.7
94.0
80.3
79.7
91.6
80.3
91.5
83.7
79.5
77.5
90.0
76.6
113
99.5
78.0
83.6
92.0
92.7
81.1
91.1
81.8
80.5
85.6
96.8
80.9
81.4
94.0
97.1
86.0
81.2
110
84.8
82.3
80.4
81.9
82.1
86.5
*
89.3
84.6
80.3
97.7
88.7
89.5
81.9
98.0
93.6
83.9
84.5
80.7
87.7
79.7
81.0
87.7
94.2
81.9
76.0
80.3
87.7
78.8
83.7
78.8
86.2
82.7
92.1
120
85.8
