113
143
90.1
55.7
99.1
90.3
56.1
70.2
53.2
87.3
84.6
61.5
54.7
88.6
50.5
95.1
55.5
62.9
57.6
63.6
60.6
85.6
53.4
59.8
90.8
52.0
58.0
*
92.9
57.8
79.5
59.7
90.3
66.6
55.0
54.5
53.5
53.7
62.0
56.9
87.3
62.5
61.8
55.1
50.8
59.4
88.8
61.4
61.0
57.1
88.7
91.6
58.7
92.0
73.4
54.4
86.4
52.2
53.8
53.7
94.6
106
55.0
55.2
91.2
55.5
51.1
84.1
92.7
55.6
84.7
86.9
89.1
94.8
51.4
69.7
58.2
58.4
84.9
98.5
54.2
91.9
49.8
95.7
58.6
51.3
65.2
57.6
57.4
63.2
91.5
91.0
54.2
87.0
97.1
58.3
88.8
57.2
89.7
58.6
86.1
60.0
70.6
91.4
90.3
71.2
55.6
89.3
90.2
72.4
50.8
53.9
88.6
53.0
*
51.5
55.4
62.7
93.1
90.3
61.8
62.8
68.8
83.9
88.0
59.1
64.1
56.5
87.6
57.9
64.8
88.6
92.6
51.7
83.6
87.9
89.8
89.0
90.8
94.1
97.9
56.4
52.1
54.5
