206
150
113
114
112
227
115
114
117
117
121
113
110
116
114
119
114
114
112
123
112
109
158
117
115
112
115
*
114
112
118
123
114
122
123
119
113
118
110
*
117
113
111
125
116
108
113
119
115
119
119
114
111
117
116
113
114
112
113
110
114
220
114
120
117
121
115
115
219
118
115
123
117
116
112
115
124
112
114
113
118
114
114
*
121
113
127
113
123
*
119
126
*
119
137
121
111
111
109
110
113
113
118
115
109
109
114
118
112
110
110
113
109
110
*
223
113
116
116
114
111
128
109
111
115
118
115
151
115
131
125
118
114
115
114
114
112
111
112
*
111
113
111
114
