102
140
55.7
70.6
75.7
74.5
72.5
58.9
69.5
58.2
68.8
65.6
60.8
68.9
50.6
64.8
76.1
61.4
60.0
71.8
63.8
76.3
74.1
57.3
60.2
68.6
68.1
*
57.0
58.8
69.3
62.2
60.0
78.8
67.7
70.9
77.8
55.0
69.7
66.0
68.9
68.9
66.8
61.7
60.1
72.7
70.0
74.9
64.9
54.1
72.6
61.0
64.7
70.9
58.2
50.7
56.5
57.9
68.3
57.0
64.8
63.7
62.1
72.5
77.0
61.6
61.2
71.3
80.4
55.4
75.9
52.8
69.3
82.0
80.5
61.2
68.3
66.8
66.6
67.8
62.5
81.7
56.8
81.1
68.7
69.3
54.5
55.0
51.3
104
101
92.3
64.4
107
57.2
60.8
101
90.4
93.1
52.9
125
67.8
73.6
124
126
54.8
66.1
131
64.3
94.4
56.6
55.1
135
64.8
*
61.1
60.6
91.3
130
98.3
126
99.6
69.9
95.4
90.1
61.6
59.1
86.8
53.1
133
125
114
133
106
110
91.1
93.6
59.3
60.8
55.7
89.6
95.2
72.5
73.1
