120
93.2
72.8
68.0
70.1
67.7
82.0
55.5
58.9
70.8
57.5
63.2
66.6
68.7
79.9
69.6
62.2
65.4
56.9
66.4
65.7
69.1
61.9
66.2
56.3
65.9
68.3
64.8
66.7
69.7
65.0
74.1
73.1
68.8
62.2
68.1
60.6
65.2
60.4
57.0
69.1
58.0
65.4
59.4
84.2
68.4
67.7
59.0
66.3
82.7
61.9
66.7
80.4
66.6
67.0
66.2
68.0
65.8
58.3
66.9
61.1
65.3
65.8
59.8
66.0
64.8
64.4
55.6
65.4
80.8
68.0
65.8
75.9
63.4
59.3
76.2
62.0
66.5
97.6
74.3
62.9
69.8
64.0
68.5
59.6
60.2
66.0
72.1
71.1
63.7
74.9
61.3
62.7
55.7
60.3
56.7
70.7
60.6
61.0
65.8
69.0
65.7
67.6
67.9
67.1
65.1
61.5
68.8
63.6
59.4
69.1
71.2
69.1
56.2
*
65.5
64.7
64.1
65.9
70.5
55.2
58.3
61.9
60.8
71.2
60.7
69.2
61.9
63.1
71.0
70.2
68.1
68.8
63.8
66.0
58.3
57.7
67.8
68.2
66.4
61.5
58.9
61.4
67.5
