154
79.6
171
145
112
127
128
128
92.5
102
116
107
100
102
97.6
93.8
*
*
72.3
102
97.8
97.8
99.2
96.6
95.6
94.4
112
*
94.0
103
99.6
94.0
98.0
99.9
99.5
121
101
96.6
103
102
95.0
94.1
94.8
105
*
104
100
107
452
133
96.5
97.9
99.2
93.0
81.5
102
107
72.6
105
111
95.9
102
100
94.3
110
96.7
100.0
100
102
112
92.4
102
96.3
109
77.3
101
100
96.3
105
106
83.5
99.5
106
98.8
101
97.5
107
94.5
95.1
106
91.9
95.3
89.2
109
107
104
95.6
104
*
105
95.3
*
96.4
102
98.7
93.9
104
98.4
95.9
89.9
96.7
82.2
97.3
94.8
*
94.9
99.4
76.1
93.9
111
100
94.5
110
99.3
108
98.8
109
96.3
92.3
117
76.8
104
107
98.5
96.3
*
97.5
90.9
93.7
97.7
99.8
101
104
117
