131
133
74.4
101
69.4
78.3
87.6
72.4
67.8
71.3
80.9
85.5
91.2
93.1
69.7
91.6
67.6
77.9
72.5
92.7
74.0
79.6
82.4
77.5
71.4
77.2
69.2
*
68.9
71.3
74.4
72.3
88.3
93.7
69.7
81.7
87.7
69.1
83.2
70.8
83.4
70.9
70.2
67.2
70.4
69.7
101
80.2
68.8
79.8
81.2
76.9
78.2
85.5
67.6
67.9
96.5
73.4
66.3
67.7
78.4
85.0
65.4
83.2
90.5
91.2
67.7
67.7
105
67.0
86.5
78.6
86.1
85.0
68.9
68.2
74.4
70.8
78.8
84.6
67.4
95.2
76.2
84.8
87.5
67.4
67.9
72.2
75.5
69.0
80.5
68.3
70.5
84.7
81.3
70.8
96.2
74.3
69.8
67.8
79.7
69.5
84.6
82.6
80.6
67.6
65.8
79.8
73.0
73.3
67.3
71.3
89.5
70.9
*
71.6
91.4
69.1
*
*
74.4
91.8
64.4
80.8
77.9
73.4
73.0
81.9
70.3
86.9
71.7
84.0
90.4
70.5
83.4
74.0
66.6
68.7
83.3
93.5
70.3
67.0
72.0
72.1
