65.5
109
163
53.0
62.6
164
60.0
160
62.3
63.0
53.8
58.4
66.3
60.8
58.8
63.5
60.5
63.4
56.2
61.7
62.6
60.4
164
85.1
61.1
57.9
83.6
*
60.6
53.8
63.0
59.8
60.1
62.8
74.7
62.0
53.8
56.7
57.2
61.1
60.4
62.1
61.5
58.7
163
164
55.6
53.4
61.1
60.1
63.4
62.2
60.8
58.2
60.0
76.0
69.1
65.2
79.2
171
60.1
160
79.2
70.5
53.8
62.4
59.5
64.5
57.5
57.2
53.9
67.2
60.6
59.2
57.1
62.1
57.7
62.1
62.3
54.5
68.9
62.7
62.8
60.3
62.5
65.2
63.8
62.0
53.9
159
53.5
163
62.5
65.5
61.1
60.2
75.1
57.5
169
61.1
59.0
61.3
59.7
56.7
57.2
63.2
59.9
57.8
61.3
66.8
69.3
54.8
55.8
60.1
*
59.9
58.1
91.0
58.1
169
59.7
58.4
63.0
60.0
167
162
63.8
65.7
62.0
59.1
58.8
55.4
159
55.6
56.4
56.7
61.0
59.4
72.0
55.4
64.1
62.2
54.8
63.7
