217
120
68.0
140
138
144
137
*
76.5
61.0
134
140
151
138
136
152
62.4
149
141
136
57.3
56.1
149
132
137
140
68.3
*
70.1
61.9
137
131
134
146
63.4
138
69.0
139
135
141
157
139
72.1
142
143
134
146
141
131
78.2
140
64.2
60.6
135
58.0
139
57.7
66.1
138
58.0
60.8
*
72.9
63.2
137
138
146
133
62.2
140
135
60.7
136
140
141
150
135
139
134
147
140
145
147
132
66.9
138
146
140
83.4
71.8
137
138
64.7
138
136
132
136
153
*
62.1
135
137
138
136
143
134
137
134
65.9
70.4
136
62.4
136
136
*
67.1
139
62.1
150
65.4
147
68.0
74.3
137
138
140
136
137
71.8
142
61.3
137
69.1
141
133
143
148
65.7
71.2
69.2
144
142
68.4
82.2
