141
106
73.7
78.0
94.4
93.5
97.9
74.5
96.3
99.9
97.0
76.9
70.9
71.5
76.4
81.1
73.0
73.8
96.1
72.6
70.1
79.9
72.0
75.3
97.1
97.7
98.3
*
77.3
97.4
95.5
75.2
99.3
97.1
106
93.1
75.9
71.7
70.6
83.1
82.2
94.8
95.9
74.5
121
75.9
105
80.2
75.5
111
96.5
97.0
92.5
90.6
70.6
73.6
69.4
74.9
107
67.4
76.8
104
74.0
71.8
97.3
88.2
75.1
70.6
97.0
87.6
95.9
73.6
74.8
96.9
75.8
76.4
99.3
84.9
98.8
84.2
71.3
91.5
77.4
93.6
97.9
73.4
71.3
81.4
107
74.5
88.4
71.3
73.4
92.9
99.3
90.4
92.5
76.3
71.6
96.4
79.6
79.0
70.2
92.1
99.9
73.5
73.9
77.2
92.3
91.9
74.7
71.5
80.6
83.4
*
99.4
86.2
81.0
*
74.5
94.5
77.4
78.0
119
70.6
99.7
70.8
98.6
73.5
94.5
73.2
99.5
88.2
71.6
74.1
77.9
83.6
94.9
84.0
98.0
79.4
100.0
71.7
72.9
