0.942
86.9
0.767
89.3
0.748
89.4
0.834
86.4
0.828
86.9
0.813
178
0.909
83.9
0.684
92.5
0.770
86.4
0.740
175
0.830
86.3
0.768
88.0
0.769
93.4
0.799
89.7
0.940
86.8
0.832
89.2
0.830
89.7
0.845
83.0
0.823
102
0.860
87.5
0.732
86.9
0.950
95.2
0.822
82.9
0.899
89.7
0.794
172
0.755
98.9
0.800
88.6
0.812
88.4
0.767
87.3
0.823
84.3
0.827
*
0.838
89.4
0.938
88.9
0.841
89.2
0.795
96.9
0.859
87.9
0.870
86.3
0.791
88.1
0.762
83.1
0.748
*
0.807
184
0.798
86.7
0.748
88.2
0.757
87.4
0.802
87.5
0.976
83.3
0.822
88.6
0.805
88.7
0.859
189
0.929
94.7
0.863
99.0
1.02
87.4
0.887
85.2
0.852
87.1
0.856
83.3
0.856
87.0
0.846
93.4
0.843
87.6
0.820
82.4
0.763
98.4
0.803
92.7
0.817
88.5
0.990
87.0
0.788
86.4
0.815
89.0
0.799
90.5
0.859
92.4
0.822
89.6
0.888
87.0
0.994
112
0.769
96.1
0.838
83.8
0.786
91.8
0.829
89.8
0.874
92.4
