82.0
93.5
87.6
81.0
78.8
90.5
82.8
79.0
80.8
79.3
86.6
89.5
98.0
86.2
82.2
79.8
82.1
82.1
77.8
83.3
81.4
82.0
78.5
88.3
88.9
75.1
83.5
*
91.5
83.1
75.6
80.1
83.4
86.5
88.5
79.4
100
75.9
86.0
80.5
89.3
84.6
90.1
88.1
91.5
84.6
86.2
86.8
79.4
85.3
91.4
78.3
80.2
106
81.2
83.6
83.5
81.8
95.2
85.7
84.7
89.5
91.0
97.9
92.3
81.0
83.0
111
81.3
81.3
91.5
80.4
79.6
87.3
89.0
82.7
91.3
81.0
102
78.8
76.8
94.0
79.2
86.1
86.7
82.8
81.5
81.0
78.1
83.1
85.1
80.2
80.4
88.3
91.7
89.0
88.6
87.7
81.4
79.3
89.4
82.7
86.3
80.1
89.2
85.5
80.9
79.3
79.2
83.6
88.4
81.2
84.8
80.2
*
81.9
89.4
82.2
*
*
88.0
80.2
79.1
95.0
92.5
90.8
79.7
84.1
82.3
83.6
85.6
98.5
86.8
83.6
78.8
92.8
79.8
86.1
82.2
93.9
75.9
88.2
78.1
82.4
