0.909
57.1
0.812
55.9
0.820
52.4
0.790
57.5
0.807
85.6
0.938
64.1
0.843
89.4
0.765
54.0
0.790
83.7
0.729
50.5
0.777
57.9
0.672
54.9
0.845
87.0
0.822
53.0
0.778
51.9
0.760
75.2
0.793
83.9
0.773
54.1
0.816
49.2
0.764
49.2
0.729
62.7
0.758
69.6
0.735
48.5
0.901
86.0
0.699
57.6
0.769
53.6
0.746
85.0
0.726
51.7
0.763
73.6
0.783
56.1
0.877
84.3
0.795
61.4
0.766
51.4
0.813
64.3
0.818
55.4
0.764
53.5
0.830
55.4
0.771
64.4
0.814
55.6
0.787
*
0.844
51.2
0.973
89.3
0.875
51.0
0.713
53.0
0.919
78.1
0.739
51.6
0.768
50.5
0.718
51.6
0.937
87.9
0.709
56.6
0.746
90.6
0.778
84.7
0.815
80.6
0.780
64.3
0.783
53.3
0.814
95.7
0.794
51.9
0.771
50.2
0.829
55.8
0.754
53.3
0.805
86.4
0.716
63.4
0.760
87.4
0.944
84.8
0.844
83.8
0.814
57.4
0.790
51.0
0.691
51.9
0.843
52.1
0.808
56.8
0.840
51.4
0.861
81.4
0.789
91.1
0.766
51.2
0.736
76.0
