0.937
74.9
0.812
74.5
0.769
79.1
0.859
88.4
0.821
78.3
0.738
75.0
0.870
83.6
0.706
76.8
0.725
72.4
0.745
105
0.836
78.5
0.733
72.8
0.760
70.5
0.794
87.8
0.804
75.1
0.894
125
0.802
80.4
0.953
92.0
0.840
78.0
0.745
74.4
0.751
76.8
0.779
75.3
0.772
74.1
0.939
74.2
0.782
84.4
0.755
73.0
0.757
89.2
0.783
91.6
0.768
76.7
0.836
91.3
0.820
*
0.848
87.1
0.822
*
0.721
74.0
0.754
78.6
0.790
72.9
0.973
80.7
0.819
78.9
0.824
81.7
0.675
*
0.889
83.7
0.779
70.6
0.783
80.7
0.800
88.7
1.14
80.5
0.725
78.8
0.788
77.2
0.769
78.4
0.764
76.0
0.773
103
0.829
75.3
0.752
83.3
0.767
75.2
0.770
78.2
0.830
87.9
0.729
74.6
0.813
69.6
0.798
83.2
0.823
82.7
0.815
79.3
0.791
70.3
1.14
77.7
0.909
74.8
1.02
81.0
0.785
72.1
0.784
72.4
0.717
74.2
0.846
86.9
0.765
84.0
0.822
98.7
0.763
72.9
0.769
75.9
0.800
76.7
0.841
78.5
0.758
75.5
