0.910
75.8
0.815
73.2
0.794
76.4
0.855
73.8
0.779
82.4
0.886
83.5
0.813
76.5
0.807
84.9
0.814
76.4
0.720
88.5
0.842
77.8
0.827
74.4
0.820
76.3
0.821
76.0
0.813
87.3
0.708
82.0
0.782
82.7
0.746
81.6
0.763
73.0
0.739
74.0
0.821
79.8
0.777
89.6
0.984
73.5
0.814
79.2
0.768
82.8
0.773
88.6
0.767
81.5
0.725
79.4
1.04
74.0
0.945
82.8
0.810
*
0.767
80.7
0.810
87.7
0.801
78.6
0.815
75.1
0.905
82.5
0.898
79.6
0.841
79.7
0.821
76.6
0.765
*
0.751
78.1
0.797
78.4
0.801
78.5
0.826
77.1
0.751
83.2
0.754
93.9
0.738
78.3
0.745
103
0.775
78.9
0.797
90.7
0.835
74.9
0.765
74.8
0.860
78.5
0.803
79.5
0.777
76.9
0.745
74.1
0.859
72.4
0.846
104
0.885
78.0
0.787
74.9
0.794
84.0
0.734
83.6
0.811
82.3
0.767
78.1
0.847
78.9
0.889
72.7
0.815
77.9
0.732
73.7
0.781
73.5
0.717
77.2
0.792
82.3
0.751
76.3
0.828
90.2
0.833
83.8
0.740
78.1
