80.3
80.1
99.3
99.0
92.0
108
95.1
97.5
99.2
91.4
82.9
88.1
91.8
87.3
96.9
89.0
91.1
106
95.5
93.5
87.5
83.3
89.1
94.3
92.0
*
95.5
*
85.7
94.7
91.9
96.8
86.6
101
96.9
165
151
163
130
139
121
104
133
91.3
102
110
104
110
103
107
84.4
88.3
91.7
101
87.0
87.5
91.1
87.6
103
90.1
102
91.6
100
91.6
96.9
101
90.1
103
86.4
93.2
81.4
86.8
96.2
90.8
94.1
85.7
91.6
93.1
90.9
91.7
89.0
95.1
92.2
127
95.7
89.0
102
97.0
92.1
90.1
87.5
91.8
93.2
107
90.5
96.9
95.7
91.7
*
98.3
92.2
89.9
90.5
90.9
89.5
86.2
100
92.8
90.6
98.5
85.0
92.4
95.0
94.9
*
118
89.6
92.9
100
99.5
99.3
92.0
89.9
83.0
91.3
89.6
97.0
92.2
95.1
89.8
89.6
89.2
101
115
91.2
91.7
87.1
107
96.5
92.7
86.8
96.3
85.8
91.2
