263
147
118
121
118
119
119
156
116
140
119
119
117
120
121
119
123
123
137
119
119
120
118
113
139
118
117
*
137
116
115
119
118
116
117
115
119
119
116
116
121
118
120
118
117
122
118
127
115
118
116
126
120
113
115
134
117
115
122
121
121
131
117
125
126
118
115
122
117
122
143
116
122
117
121
115
126
123
122
111
112
124
121
114
119
124
118
117
125
113
119
129
122
118
122
118
116
115
116
114
117
113
118
127
119
121
120
122
119
114
115
123
120
136
*
119
116
116
124
117
116
122
117
123
116
113
117
115
120
119
117
119
118
118
117
117
117
128
121
117
115
118
110
110
