115
78.9
59.5
65.0
56.8
86.7
58.9
89.3
70.5
118
88.1
55.1
58.8
65.6
61.1
61.1
61.1
91.8
59.9
56.2
58.9
67.5
56.6
54.6
58.6
63.2
61.3
*
88.5
64.3
58.4
56.1
86.1
55.7
57.7
57.4
86.3
59.7
54.8
82.9
61.3
59.8
54.6
82.2
93.7
60.9
89.3
58.3
60.9
57.4
94.2
70.0
56.8
59.8
60.7
61.0
70.5
57.2
60.6
59.3
64.5
81.1
64.6
86.0
81.1
68.0
127
65.3
58.8
58.9
80.7
68.1
60.5
83.8
57.8
78.3
79.2
58.1
53.8
63.6
72.1
76.6
59.5
87.4
60.0
63.2
61.4
61.6
62.0
*
55.3
58.6
58.0
84.1
95.1
64.0
96.5
54.3
*
53.7
74.1
52.5
59.4
83.1
79.6
58.8
83.0
61.3
56.8
58.4
57.7
65.4
67.2
85.3
*
103
55.1
58.7
85.2
90.4
55.9
56.9
68.8
91.0
59.0
94.7
64.3
58.8
79.9
55.4
56.0
88.8
57.3
82.0
54.4
90.6
63.0
61.4
62.4
58.9
67.5
81.6
60.6
58.6
