186
180
159
167
157
151
166
193
159
170
280
167
162
161
155
157
158
165
162
166
161
156
158
167
158
157
162
161
217
164
185
180
159
163
159
169
165
172
158
160
174
170
160
164
161
178
174
158
159
166
167
161
159
216
164
167
155
165
158
160
162
276
162
164
157
163
167
158
275
157
186
156
159
158
156
160
280
153
275
159
155
157
157
153
165
163
159
167
178
178
163
275
156
157
277
156
275
151
164
188
179
158
158
156
275
161
155
199
180
178
158
152
166
163
*
279
166
176
158
160
162
241
189
275
173
183
164
232
158
160
153
278
169
158
159
163
161
167
164
178
155
275
183
156
