110
108
58.6
72.3
59.3
54.1
65.9
126
60.9
77.8
69.6
67.7
81.8
79.6
78.7
82.6
79.9
79.3
86.5
67.1
83.8
101
56.6
60.2
72.8
92.0
90.3
*
60.7
85.1
69.8
80.0
58.0
61.1
57.3
68.7
82.8
84.9
52.9
54.6
91.3
60.8
62.5
65.5
112
71.9
61.4
77.2
85.3
73.1
59.1
58.3
78.3
85.6
82.4
77.2
74.3
80.3
72.2
77.6
82.6
63.4
80.8
79.0
75.8
58.8
80.8
63.9
90.1
78.7
86.0
78.7
78.3
85.2
79.3
81.4
111
80.8
113
86.9
60.2
100
81.2
52.6
79.7
84.3
82.3
85.5
79.5
86.8
65.4
83.8
77.8
67.7
62.1
54.1
58.1
56.9
77.5
74.4
87.7
77.8
83.5
78.8
99.2
74.4
72.1
81.9
56.3
58.3
81.6
86.1
92.6
75.5
*
62.8
74.7
104
118
77.5
83.4
78.7
64.9
73.0
122
92.9
80.5
60.9
57.7
*
80.6
68.4
57.3
81.8
107
68.0
63.7
59.3
91.5
67.7
82.4
90.7
66.0
83.1
