139
141
83.0
91.8
94.9
136
93.7
135
89.7
107
127
87.3
89.1
90.9
134
108
92.6
134
87.7
91.0
124
119
83.9
87.7
88.0
85.9
91.8
*
94.6
131
91.9
123
131
89.4
88.6
84.0
83.9
126
81.9
131
84.8
90.0
92.2
125
125
106
131
134
91.5
163
139
95.9
128
88.6
139
124
123
141
99.9
83.8
128
99.2
131
125
132
89.5
128
97.3
130
89.3
126
126
91.3
94.9
98.3
129
93.4
136
138
87.1
90.3
128
126
134
93.9
94.7
126
129
127
122
133
136
135
123
134
108
135
85.8
140
141
89.2
90.6
90.2
134
141
129
137
86.1
91.9
97.2
156
129
94.9
125
*
89.8
94.5
128
131
137
86.3
83.6
129
124
89.2
127
84.3
93.2
100
135
137
123
84.0
128
104
137
103
91.2
128
124
102
86.5
128
128
