155
172
85.1
114
96.3
93.4
116
113
88.6
94.3
119
116
92.2
85.3
88.3
85.2
82.8
85.8
88.6
116
118
121
121
113
95.5
95.3
92.9
*
90.1
119
115
114
93.4
121
84.5
113
86.3
88.7
120
120
87.9
88.3
85.8
116
85.8
119
88.4
85.7
111
112
113
85.6
115
90.1
111
115
117
128
120
119
117
87.9
117
88.9
106
121
118
90.2
115
98.6
123
114
92.4
117
90.0
119
119
88.6
110
89.4
85.8
120
85.5
112
96.9
85.3
89.1
88.5
116
117
117
115
83.8
115
117
115
117
87.8
92.3
116
87.3
84.6
96.3
122
112
121
121
91.7
91.8
88.8
115
124
91.9
122
*
86.6
91.2
111
111
92.7
85.1
90.9
116
117
91.1
112
91.0
118
85.1
118
116
116
82.1
111
96.4
86.2
87.1
87.2
115
117
85.7
115
111
121
