151
115
72.1
79.7
78.6
76.4
71.4
89.6
76.6
88.3
85.0
79.6
76.4
73.5
75.9
94.6
76.3
79.5
82.5
79.4
77.5
71.3
81.0
72.1
72.9
84.2
80.3
*
79.4
75.8
76.6
80.8
76.7
82.2
77.6
80.6
73.6
79.5
73.7
81.7
90.4
75.4
78.3
82.3
74.7
99.1
82.2
79.0
76.6
78.5
75.0
79.6
77.3
75.9
74.5
73.9
78.5
78.0
75.6
81.8
80.9
77.7
81.9
74.5
76.6
78.6
80.9
77.0
74.9
74.6
81.6
76.7
74.6
75.4
76.1
73.6
79.5
79.9
76.9
75.4
73.1
77.2
74.9
77.1
80.5
75.8
71.5
86.5
73.4
75.4
85.4
77.9
78.8
81.6
79.9
75.0
75.5
76.2
80.7
80.1
74.4
77.4
79.0
75.6
76.4
85.2
74.6
76.7
74.8
81.8
77.4
75.3
79.8
76.7
*
77.8
84.8
83.2
82.3
74.8
95.4
78.7
75.1
78.4
75.9
78.5
81.1
82.0
75.1
83.1
78.5
80.3
72.6
82.1
75.9
76.0
78.0
74.8
77.1
77.2
79.1
78.6
77.9
75.7
