133
117
119
106
105
113
103
111
108
105
113
98.7
116
113
101
121
104
116
115
105
108
99.8
113
114
105
104
103
*
104
108
104
101
115
115
104
118
107
109
121
112
113
106
110
112
113
109
105
102
109
105
110
108
101
110
119
105
112
113
116
106
103
111
110
104
111
111
104
106
101
105
110
106
113
106
106
94.6
102
113
114
110
105
111
106
110
110
98.8
108
106
109
100
108
108
107
116
115
112
114
102
111
98.0
111
102
111
110
112
119
104
111
115
101
100
113
111
101
*
103
113
112
106
113
105
112
107
117
116
113
109
114
108
112
112
117
106
116
111
110
116
108
103
104
111
98.6
112
101
