74.3
*
55.4
66.0
78.4
72.2
60.6
65.3
64.6
53.8
59.9
66.5
65.7
58.9
64.1
54.8
67.8
63.8
55.1
60.3
61.3
64.4
65.2
57.3
71.3
66.6
76.4
57.8
65.7
60.9
61.6
63.9
56.6
64.4
63.7
65.7
70.2
55.7
70.1
70.7
55.6
66.6
63.3
60.1
65.9
77.5
51.7
67.4
62.7
72.7
55.0
54.5
69.4
53.0
61.0
65.3
56.1
62.8
55.8
66.5
57.2
*
64.8
71.4
56.7
71.7
66.3
61.6
71.4
56.9
56.0
55.3
56.5
49.8
54.3
65.1
50.1
52.2
65.1
62.1
57.9
58.7
72.2
52.3
71.4
66.9
52.0
54.6
65.9
73.0
55.7
78.3
64.3
50.2
54.6
54.5
58.5
64.2
69.2
65.7
58.8
77.3
66.3
66.0
58.7
68.0
64.3
60.6
50.5
62.0
66.7
64.8
56.5
65.6
*
*
61.3
63.8
52.6
53.9
54.4
61.2
50.5
60.1
66.5
72.7
57.5
80.0
66.5
63.6
63.0
74.8
56.2
70.6
59.7
63.5
61.5
58.7
54.0
53.5
64.4
55.7
56.9
68.6
