0.934
48.0
0.760
47.9
0.757
51.2
0.846
59.0
0.818
44.3
0.933
53.0
0.842
55.0
0.837
63.1
0.818
63.4
0.797
53.0
0.865
49.8
0.750
51.8
0.796
68.2
0.769
55.0
0.793
50.3
0.868
49.7
0.833
59.2
0.811
90.6
0.821
48.6
0.914
62.7
0.859
50.1
0.790
57.4
0.861
49.6
0.910
53.8
0.797
47.5
0.696
46.9
0.839
49.2
0.765
54.1
0.726
50.0
0.793
54.2
0.845
*
0.857
51.2
0.845
48.1
0.883
*
0.899
50.2
0.821
67.6
0.855
56.8
0.800
106
0.854
53.8
0.740
*
0.838
49.6
0.778
63.3
0.794
53.8
0.767
54.2
0.925
47.4
0.757
56.0
0.767
60.5
0.803
56.4
0.889
75.8
0.847
49.9
0.885
59.9
0.830
55.4
0.855
62.4
0.827
51.4
0.866
56.3
0.920
53.8
0.859
44.1
0.901
51.8
0.833
53.5
0.882
65.5
0.880
63.2
0.761
54.6
0.853
54.8
0.909
47.5
0.866
62.5
0.846
56.9
0.840
68.8
0.747
47.8
0.830
59.3
0.808
50.9
0.828
64.0
0.878
48.7
0.859
50.9
0.883
50.0
0.770
83.2
