164
181
95.2
88.7
88.5
123
87.2
98.5
89.5
92.7
116
90.4
88.9
92.3
91.4
97.6
87.1
92.2
95.5
87.6
92.2
90.1
84.4
117
91.0
118
87.5
*
85.6
98.5
90.5
100
117
86.5
93.8
86.3
90.9
88.1
86.6
87.3
87.2
89.6
93.7
89.0
87.9
87.1
116
98.9
87.3
94.9
109
86.1
96.1
93.7
122
110
90.7
114
87.9
127
92.9
86.8
97.0
85.9
116
102
96.7
88.0
117
87.2
119
98.8
84.2
114
94.9
86.8
118
105
84.6
93.6
90.7
114
97.1
113
88.4
91.1
91.9
95.7
97.3
114
113
90.7
88.3
120
114
90.5
120
89.5
117
89.8
95.0
92.1
92.9
130
86.4
94.6
87.3
92.4
86.8
94.3
87.7
117
102
94.2
*
86.9
88.8
109
122
89.9
88.7
89.9
95.4
94.1
104
101
91.9
85.7
91.7
90.4
113
91.1
91.0
85.5
89.7
87.9
102
92.2
86.8
87.5
93.5
113
90.7
98.6
