0.833
50.0
0.809
46.3
0.795
56.3
0.798
52.2
0.825
95.6
0.833
94.4
0.823
93.2
0.747
75.9
0.731
92.7
0.782
130
0.823
67.1
0.753
90.7
0.751
92.3
0.841
56.2
0.851
71.9
0.756
92.9
0.834
60.7
0.807
52.9
0.784
44.9
0.780
68.7
0.721
51.1
0.811
92.4
0.839
74.1
0.879
44.4
0.790
91.1
0.752
97.9
1.00
92.5
0.805
48.1
0.780
90.8
0.785
93.8
0.858
89.7
0.758
91.6
0.718
98.4
0.751
*
1.03
98.3
0.848
50.8
0.766
97.6
0.771
83.7
0.796
52.7
0.788
88.9
0.800
53.4
0.808
49.8
0.959
64.4
0.813
51.9
0.828
91.5
0.749
46.0
0.754
58.0
0.716
92.3
0.998
55.0
0.807
48.0
0.744
93.3
0.715
92.8
0.755
70.5
0.734
48.1
0.798
98.9
0.744
47.0
0.785
48.3
0.836
46.7
0.806
88.0
0.793
50.6
0.839
96.1
0.716
50.2
1.04
68.8
0.891
48.6
0.802
46.1
0.766
48.2
0.797
68.4
0.809
45.8
0.786
45.3
0.867
57.7
0.770
95.9
0.827
91.3
0.845
63.3
0.787
95.0
0.745
97.7
