102
79.9
69.6
70.8
86.0
87.9
70.3
87.6
76.7
87.5
84.0
66.2
77.4
69.4
86.6
68.6
72.9
66.7
67.8
69.0
84.6
80.1
65.9
64.0
84.3
73.0
70.9
*
70.4
85.9
69.2
82.0
82.1
65.2
76.6
66.6
61.9
74.3
77.7
82.7
76.1
74.9
81.7
85.9
70.4
71.4
84.1
65.7
66.9
86.9
84.7
77.3
80.5
68.6
75.1
90.4
84.1
74.0
74.5
76.5
82.3
89.7
65.8
64.2
87.2
71.5
91.0
79.1
79.0
71.4
77.7
94.0
77.1
87.3
74.6
82.8
83.6
80.0
82.1
72.1
74.0
78.8
72.3
86.5
71.4
66.0
70.4
74.5
88.1
68.6
80.2
83.1
82.4
83.0
90.2
81.5
91.4
66.8
84.5
82.4
66.6
71.4
73.3
88.6
78.7
83.1
79.2
75.3
73.1
68.1
80.9
77.6
70.0
80.3
*
71.5
72.3
69.1
81.4
75.1
72.0
72.0
68.1
81.8
77.3
79.1
71.4
74.9
75.5
70.0
72.5
82.4
76.3
84.9
69.5
70.1
61.5
72.2
90.5
82.0
85.1
87.1
70.3
86.3
