86.1
155
80.8
64.1
82.2
89.1
67.0
80.9
85.6
84.6
79.5
65.9
86.1
86.6
84.5
82.9
81.8
87.6
85.5
66.5
80.2
65.4
82.5
67.6
79.0
87.0
83.5
*
83.8
64.1
66.1
89.1
88.5
88.2
77.6
93.0
86.8
82.0
85.4
71.2
83.6
80.5
104
66.9
70.1
68.0
83.2
88.2
67.2
65.0
61.1
88.9
71.0
60.2
83.9
79.6
65.5
79.9
83.6
61.7
66.3
68.1
62.4
80.0
85.6
82.2
83.9
82.0
93.3
63.3
80.9
66.8
82.4
70.7
82.2
86.7
67.5
81.2
86.8
84.8
84.2
67.5
89.0
85.9
80.8
79.7
82.4
87.5
63.5
84.1
76.6
66.7
78.2
64.4
65.5
84.1
90.8
80.7
84.0
64.7
84.3
79.9
82.1
62.7
88.8
88.0
63.2
82.3
80.3
94.2
78.8
85.3
79.0
64.6
*
84.3
84.9
84.2
84.6
86.5
84.5
81.3
62.1
61.6
83.2
70.0
60.9
79.4
77.5
79.9
79.1
68.5
83.6
84.1
80.6
83.9
92.7
87.7
64.4
87.8
87.1
59.9
71.7
68.9
