0.887
59.8
0.771
53.6
0.741
51.9
1.14
51.9
0.801
50.5
0.843
51.3
0.718
52.1
0.827
49.9
0.760
51.7
0.762
52.0
0.839
61.1
0.909
49.2
0.756
51.0
0.867
54.3
0.836
50.1
0.758
55.6
0.805
51.0
0.947
55.0
0.852
48.2
0.748
48.1
0.731
53.9
0.792
53.5
0.894
50.5
0.836
50.0
0.725
47.4
0.695
53.5
0.739
48.2
0.725
62.5
0.736
55.9
0.776
48.3
0.792
56.9
0.827
51.4
0.821
52.8
0.810
*
0.789
59.3
0.834
53.5
0.812
53.6
0.793
47.4
0.811
52.7
0.813
*
0.796
50.1
0.815
47.5
0.791
57.3
0.718
50.9
0.802
53.6
0.722
47.4
0.773
49.6
0.776
53.2
0.846
53.4
0.858
54.1
0.785
59.3
0.757
47.6
0.834
55.0
0.783
55.5
0.769
53.6
0.774
51.5
0.804
57.8
0.801
61.6
0.772
56.5
0.834
49.1
0.834
64.6
0.929
46.5
0.803
54.1
0.832
46.4
0.785
51.6
0.823
47.1
0.801
57.4
0.757
54.0
0.815
48.1
0.801
53.9
0.825
47.2
0.762
56.8
0.817
49.8
0.823
47.9
0.717
59.8
