0.870
57.5
0.868
59.1
0.772
54.6
0.815
60.2
0.894
72.3
0.829
54.2
0.802
53.1
0.799
56.2
0.782
55.6
0.782
136
0.849
51.8
0.831
54.6
0.802
54.9
0.834
54.8
0.900
87.7
0.869
74.2
0.797
78.8
0.801
63.2
0.823
55.0
0.757
67.2
0.772
60.0
0.758
54.6
0.859
55.6
0.922
51.8
0.784
138
0.774
64.7
0.858
55.5
0.788
65.8
0.764
60.9
0.875
62.7
0.790
55.4
0.882
52.0
0.830
77.0
0.817
*
0.850
57.9
0.873
66.0
0.826
55.1
0.851
54.0
0.771
57.4
0.760
57.8
0.896
54.5
0.799
59.9
0.796
59.7
0.791
54.8
0.811
58.4
0.817
59.4
0.727
56.6
0.830
52.1
0.843
64.7
0.829
60.0
0.740
52.5
0.777
79.1
0.808
137
0.757
59.6
0.806
52.7
0.776
143
0.857
53.2
0.773
65.7
0.830
75.9
0.791
53.9
0.838
62.4
0.781
50.5
0.815
66.6
0.822
58.1
0.808
56.9
0.825
57.9
0.741
55.1
0.809
56.3
0.823
147
0.776
64.6
0.768
51.2
0.737
51.4
0.857
141
0.837
66.5
0.746
63.8
