151
215
75.5
71.9
68.9
66.7
70.0
106
69.6
74.2
73.3
71.2
66.2
69.9
70.3
93.7
116
73.5
73.6
73.2
69.8
69.0
65.2
68.6
82.6
76.9
71.7
69.6
71.5
69.5
68.9
78.7
76.6
69.2
91.0
70.1
70.9
70.1
69.5
65.1
67.4
65.1
62.0
70.6
64.4
64.2
120
70.0
69.9
69.0
67.6
64.5
70.8
70.8
72.0
73.6
74.8
89.1
68.6
65.2
71.2
66.3
74.8
68.5
65.5
76.5
109
71.0
71.5
64.8
66.0
75.8
63.2
71.6
72.0
67.3
64.1
122
66.7
66.1
63.4
61.8
72.8
70.8
69.8
69.3
71.0
64.4
72.3
88.5
64.4
68.6
75.3
64.5
65.0
109
71.7
66.9
73.8
73.3
64.6
75.8
76.3
66.3
69.5
110
68.9
64.7
113
69.5
68.7
80.2
76.6
68.9
69.5
77.2
77.5
69.0
74.6
74.1
65.3
64.2
81.1
78.6
63.1
69.2
68.6
71.7
74.3
66.7
79.2
72.0
66.6
66.3
69.4
61.1
73.5
71.3
111
68.6
66.6
81.7
63.3
