112
138
100.0
83.2
102
101
92.3
98.3
102
96.3
99.2
82.9
99.2
108
96.5
94.9
103
97.9
93.1
79.2
94.3
100
94.0
83.6
92.8
96.9
94.0
*
106
81.3
81.8
83.6
98.2
101
96.0
94.1
97.4
93.2
96.2
107
101
95.2
96.9
96.7
78.3
96.0
96.0
81.4
84.2
76.5
101
93.4
83.1
99.1
104
80.7
103
135
93.2
97.9
99.6
98.0
78.9
96.1
101
102
79.6
97.1
98.6
82.0
108
101
92.3
96.7
89.5
80.5
98.3
93.7
169
100
121
109
96.0
105
96.8
84.0
94.0
106
86.9
79.6
99.8
82.9
103
104
102
94.2
103
80.5
96.0
84.4
94.5
76.1
99.3
96.8
168
85.7
96.6
96.3
96.4
97.0
96.4
105
90.9
98.8
*
98.3
94.5
98.0
112
99.0
97.0
93.9
96.8
99.4
106
97.3
80.4
100
97.3
102
97.1
99.1
107
98.7
104
112
94.4
95.2
104
106
109
99.5
84.2
85.4
