0.860
46.7
0.830
47.7
0.747
49.9
0.830
46.5
0.807
91.6
0.847
92.8
0.824
91.3
0.708
45.5
0.722
95.1
0.747
87.4
0.822
101
0.767
83.7
0.823
113
0.813
63.2
0.849
58.0
0.744
90.2
0.928
76.1
0.797
93.0
0.852
72.9
0.773
44.5
0.784
57.5
0.804
81.2
0.779
63.2
0.847
52.9
1.10
87.9
0.712
101
0.835
89.9
0.780
73.2
0.718
89.6
0.824
94.8
1.02
97.6
0.788
65.7
0.801
100.0
0.941
*
0.826
83.3
0.806
43.5
0.867
93.9
0.842
54.9
0.816
91.0
0.772
89.5
0.871
97.6
0.832
116
0.762
63.1
0.782
50.0
0.797
98.2
0.749
50.6
0.722
83.8
0.745
45.4
0.763
100
0.800
50.6
0.807
56.7
0.752
112
0.846
65.3
0.768
50.8
0.754
84.5
0.778
64.7
0.782
49.4
0.791
49.2
1.01
134
0.775
172
0.783
*
0.741
60.0
0.790
69.7
0.815
73.8
0.868
46.9
0.747
56.5
0.785
74.8
0.790
67.1
0.750
96.5
0.979
45.7
0.764
62.4
0.746
71.1
0.784
115
0.737
47.2
0.976
77.8
