70.9
74.7
72.9
63.9
65.9
73.1
68.7
80.1
63.5
71.6
88.3
68.2
63.4
63.4
65.1
68.4
69.0
65.0
63.2
74.1
63.6
66.7
63.2
61.5
63.0
64.3
66.4
*
64.9
69.1
62.6
87.5
70.1
66.1
72.5
66.1
65.4
77.8
68.0
65.9
65.3
65.9
68.0
*
66.2
67.9
92.6
69.6
64.4
78.7
88.2
69.1
64.2
67.8
62.8
90.1
63.6
58.3
65.1
65.0
63.0
62.8
69.6
80.5
60.7
73.6
93.0
71.1
91.1
63.8
88.3
65.2
63.2
95.6
66.7
88.8
90.9
73.8
89.1
64.4
111
65.0
64.3
85.4
67.7
64.8
62.1
61.6
71.3
90.5
93.7
62.3
72.2
88.5
96.1
60.3
89.2
72.8
65.0
64.3
66.3
62.2
69.3
62.6
90.0
90.7
63.3
62.7
70.3
66.4
94.8
70.3
65.8
65.2
*
62.7
68.1
63.4
94.3
66.9
65.0
84.8
65.5
116
63.4
63.1
68.9
66.6
69.1
67.9
64.4
95.9
61.9
59.7
69.4
65.9
69.7
72.1
73.4
61.7
69.5
93.6
63.7
61.4
