64.4
70.4
79.9
67.9
67.6
67.4
57.3
61.6
68.4
64.5
61.1
66.3
59.5
64.7
66.2
62.5
58.1
69.5
64.6
58.9
64.1
62.3
71.3
68.0
66.7
61.2
64.0
61.0
71.9
67.1
58.2
64.0
68.3
55.2
66.0
70.0
59.3
59.1
72.6
59.6
63.7
63.6
70.6
57.7
65.1
59.0
53.9
61.4
58.3
56.1
61.6
64.1
58.6
58.0
55.1
61.3
55.3
69.0
72.2
54.0
68.2
67.1
61.4
64.3
67.2
65.2
82.4
66.7
66.0
66.7
73.1
63.9
56.8
56.3
67.1
56.5
57.1
62.8
60.4
57.3
61.0
56.0
68.9
67.0
74.5
65.0
61.8
67.7
60.0
62.3
58.4
58.0
*
55.8
55.0
76.5
63.9
60.0
61.1
62.1
52.8
74.8
