94.0
85.3
69.3
60.1
65.7
83.5
67.0
66.8
62.7
68.8
74.0
62.8
70.3
73.3
63.0
68.1
65.9
63.8
66.1
60.8
62.8
69.1
74.3
61.5
76.0
64.6
66.4
*
70.1
61.7
64.7
64.1
67.2
63.5
60.1
61.8
70.0
71.5
59.7
64.5
62.5
58.1
64.9
81.3
61.9
71.4
69.7
61.8
64.2
74.0
64.2
81.2
59.5
62.0
60.7
60.4
71.5
61.3
59.2
63.9
61.9
63.8
80.1
67.1
76.0
70.1
67.6
71.3
69.2
70.0
66.6
85.4
70.8
86.7
67.9
61.0
66.8
80.4
63.5
69.5
69.1
65.4
69.8
57.0
71.2
63.8
79.1
93.0
66.3
65.9
62.4
65.9
65.1
67.7
66.0
62.5
68.8
63.6
65.4
63.9
65.7
64.5
62.4
70.0
66.8
64.5
64.9
67.6
70.3
57.5
71.0
69.5
70.0
72.0
*
70.2
62.8
57.4
69.3
69.7
67.8
62.0
91.6
72.1
63.9
65.5
69.7
65.5
71.2
74.1
61.3
75.3
66.5
65.2
70.4
74.9
59.7
65.9
69.3
66.8
60.2
66.9
62.8
60.9
