0.892
91.1
0.895
76.3
0.860
93.2
0.934
79.5
0.915
92.5
0.842
*
0.836
95.3
0.883
78.3
0.812
92.3
0.901
88.7
0.895
92.4
0.807
81.6
0.826
120
0.851
92.1
0.796
118
0.787
81.4
0.914
134
0.891
82.0
0.872
93.3
0.801
80.5
0.793
78.9
0.848
89.2
0.878
81.0
0.912
76.6
0.943
*
0.841
79.3
0.752
94.2
0.774
77.5
0.784
72.0
0.878
92.3
0.886
91.1
0.860
74.9
0.901
76.5
0.761
*
0.786
93.2
0.801
118
0.862
*
0.825
130
0.802
70.8
0.811
61.4
0.819
55.8
0.840
75.6
0.828
52.6
0.899
69.6
0.824
61.8
0.815
77.2
0.876
51.7
0.789
47.6
0.795
*
0.862
53.2
0.825
58.4
0.751
87.0
0.827
69.7
0.829
104
0.827
62.4
0.892
47.3
0.856
49.9
0.798
55.2
0.810
51.3
0.820
49.0
0.956
49.0
0.843
51.0
0.868
46.7
0.821
52.1
0.822
48.8
0.842
52.5
0.883
66.5
0.783
51.2
0.819
69.4
0.862
49.5
0.831
46.7
0.836
70.1
0.860
46.4
0.900
58.2
0.764
60.8
