103
132
77.2
88.0
107
92.6
77.4
85.8
94.7
80.8
71.9
87.8
114
76.4
73.5
79.5
74.2
91.9
86.8
74.7
76.1
88.8
75.2
75.6
109
89.4
93.6
*
70.5
95.7
81.0
71.4
72.9
82.8
91.8
75.6
76.5
69.0
72.1
96.0
75.9
96.0
95.1
94.2
90.1
79.4
79.4
96.6
83.1
111
98.2
82.1
95.6
74.4
73.2
71.4
107
80.3
89.9
79.0
91.9
97.8
77.9
70.8
71.1
75.6
73.3
96.4
78.7
112
74.2
94.6
75.5
80.5
74.1
89.9
73.7
76.5
100
100
73.7
74.1
68.0
83.5
74.4
93.1
78.1
77.6
99.9
100
99.1
99.4
77.3
112
79.2
92.2
85.8
88.1
96.6
97.1
83.8
98.2
98.0
81.7
93.3
91.5
108
72.9
82.8
91.2
77.6
74.8
78.1
85.5
*
94.6
93.2
79.4
74.4
78.0
74.3
73.6
70.0
79.6
76.3
88.4
92.8
73.3
76.7
73.4
80.1
81.7
85.0
94.3
74.1
78.7
72.9
77.2
91.8
97.6
90.4
72.8
76.0
94.2
