117
140
78.7
84.1
81.7
131
79.9
80.0
77.6
77.6
134
81.3
87.8
75.9
78.4
77.7
80.7
81.7
76.0
77.4
123
87.8
77.4
76.2
83.3
81.6
76.9
*
128
82.7
82.2
91.3
132
85.5
82.3
81.1
80.1
106
88.4
76.1
82.9
75.0
75.6
79.9
77.4
150
127
85.8
75.9
81.8
125
77.5
82.4
79.3
76.5
76.0
86.8
82.6
78.9
123
80.6
88.5
78.4
127
124
79.0
78.9
78.0
125
90.4
123
76.3
76.3
128
93.0
76.9
127
83.1
129
79.9
92.5
126
80.5
124
80.4
85.5
84.6
82.7
82.7
*
129
76.6
73.8
127
124
78.4
128
90.6
76.6
78.5
75.6
86.0
82.2
128
127
80.0
76.4
75.4
95.4
78.9
73.7
83.7
79.4
79.6
*
77.6
75.1
78.1
135
78.8
79.9
77.6
77.5
127
74.3
74.6
78.4
82.4
137
78.7
75.1
132
76.1
83.3
73.6
75.6
79.9
93.6
83.0
84.4
77.9
132
78.2
77.6
