77.1
87.8
98.5
89.5
102
88.2
92.5
97.2
92.5
112
93.7
96.4
94.3
90.8
93.4
107
97.7
96.8
100.0
91.7
144
91.1
97.3
97.1
96.7
93.5
103
*
94.0
99.7
98.4
92.3
91.6
99.4
101
98.2
95.0
93.2
90.1
95.5
94.0
96.2
87.7
101
95.7
97.0
97.8
94.4
96.2
102
102
102
98.4
106
93.3
93.8
93.7
100
95.1
93.5
92.1
96.0
96.3
95.3
96.0
97.6
105
106
98.7
94.6
89.9
90.5
92.0
96.9
103
92.9
88.6
97.7
89.7
97.6
111
91.2
95.8
100
91.3
94.9
101
89.7
99.5
90.6
93.8
91.9
93.4
99.4
102
90.1
94.0
97.5
91.8
106
99.4
104
94.6
93.5
95.8
97.1
95.3
93.6
101
96.5
95.3
96.0
97.1
106
*
96.2
92.7
97.3
91.3
91.4
107
91.9
93.7
91.6
98.7
95.2
95.7
93.5
99.3
93.2
92.5
94.8
97.9
89.3
89.1
91.5
98.7
92.8
88.7
93.2
93.6
96.8
92.4
98.5
