99.1
169
60.7
58.6
79.0
60.2
106
134
94.3
61.5
47.3
75.5
50.9
64.6
141
63.8
69.4
76.3
82.2
48.1
55.0
54.6
79.1
71.8
72.2
66.2
49.7
70.5
101
57.1
49.4
96.6
48.6
52.8
108
56.7
50.1
48.5
62.3
51.6
71.7
50.5
53.0
52.0
91.1
57.2
76.3
121
49.5
66.2
54.7
48.4
55.9
69.8
76.8
50.7
49.5
50.1
51.4
107
79.0
132
48.5
55.8
46.9
78.7
84.0
49.5
140
47.9
141
51.0
60.5
48.8
53.7
53.3
62.2
56.7
134
46.6
61.9
56.7
68.4
53.0
50.4
78.1
52.1
47.8
47.6
141
132
176
111
93.5
49.0
53.6
53.5
53.2
136
132
73.5
50.9
54.5
54.0
47.8
46.9
56.7
162
57.2
73.5
77.0
49.9
52.3
62.6
*
81.2
47.5
61.3
72.0
47.5
71.1
55.3
86.0
56.9
101
73.4
47.0
85.3
55.2
61.7
63.5
104
55.5
50.7
115
47.6
58.8
58.8
54.0
135
55.7
89.6
67.1
69.9
