113
65.9
99.5
103
98.5
*
104
76.3
104
119
71.3
97.8
104
80.4
98.4
65.1
93.8
102
71.9
94.3
96.1
97.1
87.9
98.3
91.4
68.8
103
*
84.3
73.4
96.1
98.6
69.8
104
106
93.1
106
68.9
101
73.3
73.7
96.6
110
69.3
114
90.6
71.9
95.0
99.4
74.3
72.0
100
75.0
69.3
70.1
107
99.7
72.7
101
68.6
104
96.2
96.6
99.2
70.4
99.8
102
75.3
74.2
106
71.4
117
73.1
70.3
95.3
110
68.2
66.3
93.5
69.1
98.2
71.5
74.9
72.7
92.9
101
72.3
71.2
69.6
68.7
74.8
72.5
92.5
70.9
66.1
90.9
68.6
118
68.2
73.2
74.0
104
111
67.6
99.2
126
77.8
78.5
109
104
117
73.5
71.8
69.0
*
102
111
69.9
68.9
70.3
83.0
102
130
66.1
76.0
66.0
105
101
72.7
96.8
73.0
70.2
97.8
69.9
72.0
70.2
106
100
99.1
99.6
94.4
77.4
97.7
71.5
