253
204
92.3
83.8
86.0
85.7
85.3
81.1
77.6
79.2
86.0
82.7
76.6
84.1
79.2
77.0
84.7
82.3
74.2
83.3
82.5
84.4
78.8
84.5
78.4
75.1
79.7
*
78.2
78.8
84.6
82.7
84.2
90.4
77.7
76.0
82.9
80.4
77.3
79.5
76.1
79.3
82.7
80.7
84.9
77.3
87.3
95.9
89.8
89.8
82.8
88.2
85.7
75.8
78.7
75.6
90.6
88.8
81.2
86.1
83.5
86.8
75.8
83.8
83.6
77.3
83.3
82.7
76.4
79.6
76.6
95.6
82.7
83.1
83.7
76.8
83.4
82.9
87.3
81.7
79.7
85.1
80.1
73.5
84.3
84.9
80.4
75.1
81.5
79.9
78.8
76.1
83.9
92.1
90.2
75.5
84.7
87.8
78.4
76.3
89.9
85.2
76.5
84.7
90.6
77.0
79.9
88.8
75.9
79.8
84.0
80.6
79.6
86.9
*
83.3
79.3
77.5
88.3
77.1
78.5
83.3
93.4
88.6
78.6
96.5
82.9
76.7
76.0
78.8
76.8
90.6
89.8
79.4
81.7
75.9
80.3
83.9
81.5
86.1
83.9
83.0
96.2
79.5
