0.987
80.0
0.838
58.1
0.833
54.5
0.912
51.0
0.787
66.8
0.889
76.0
0.846
53.9
0.781
59.2
0.772
67.8
0.737
55.5
0.822
53.2
0.784
50.9
0.779
70.7
0.827
51.7
0.865
55.7
0.782
70.3
0.800
57.1
0.835
72.4
0.817
47.4
0.883
48.0
0.739
52.1
0.863
70.8
0.844
52.7
0.876
63.5
0.796
72.0
0.813
67.3
0.895
52.2
0.779
63.1
0.722
49.0
0.784
55.5
0.831
*
0.746
58.0
0.811
63.5
0.880
*
0.841
63.1
0.762
72.3
0.912
63.9
0.782
54.7
0.897
60.6
0.935
*
0.872
60.3
0.849
55.5
0.847
57.7
0.798
49.3
0.814
69.1
0.961
55.5
0.780
51.2
0.772
48.5
0.758
55.8
0.830
53.1
0.868
71.8
0.783
55.7
0.794
57.4
0.804
47.3
0.847
70.1
0.918
56.1
0.848
48.5
0.823
69.2
0.774
63.4
0.809
64.4
0.800
74.3
0.793
47.1
0.848
58.8
0.790
52.6
0.823
62.7
0.801
59.9
0.831
66.8
0.841
61.9
0.866
57.7
0.836
55.0
0.810
53.3
0.843
53.3
0.877
57.3
0.916
53.1
0.817
56.1
