155
141
75.8
83.9
88.2
96.9
86.6
79.1
89.7
87.5
82.3
76.8
76.8
89.3
82.0
78.7
80.6
85.0
74.9
77.0
76.5
93.3
77.8
81.7
78.6
81.5
88.2
79.0
75.7
82.5
98.0
100
80.8
80.9
91.4
80.8
92.2
74.5
78.2
83.3
80.9
90.3
92.0
78.5
83.8
80.0
83.3
82.4
83.0
98.2
98.2
85.6
116
87.8
85.2
78.1
88.3
77.7
88.1
79.0
90.8
93.0
84.9
81.5
77.9
78.5
87.7
88.2
80.3
101
80.3
86.6
78.5
89.1
79.7
79.4
85.7
83.0
94.7
80.4
78.2
82.7
84.1
82.3
81.7
80.9
75.9
74.1
86.5
122
83.9
88.8
90.4
88.5
89.0
91.1
81.7
79.5
102
95.5
85.6
94.4
85.0
76.5
92.2
79.0
80.1
80.6
81.1
88.5
84.3
81.6
78.9
84.9
*
92.1
80.3
78.4
83.6
80.2
78.3
92.4
81.9
90.0
84.7
75.9
90.3
89.9
85.7
86.5
77.8
90.7
85.4
78.9
77.2
92.9
79.7
84.6
97.3
90.1
79.1
80.9
96.1
86.7
