84.8
121
69.1
81.4
67.7
74.4
77.6
76.9
95.0
64.2
69.3
76.6
77.7
75.0
75.7
71.6
94.6
79.0
70.1
77.3
72.6
63.3
71.5
75.7
77.8
68.7
72.4
*
63.0
67.1
74.4
68.2
75.5
78.7
69.9
80.5
84.5
73.0
76.4
75.5
77.5
83.4
67.5
85.8
74.3
67.3
77.2
69.2
76.4
71.5
73.2
97.4
69.0
74.8
80.4
78.1
73.7
73.3
68.9
74.4
64.1
69.5
68.2
82.0
78.6
81.6
67.3
65.8
75.7
77.3
71.1
68.9
77.4
74.7
70.7
82.5
78.4
69.9
86.4
74.8
68.9
77.6
73.4
77.3
76.9
68.2
73.7
67.5
76.0
76.6
82.4
68.6
85.9
82.8
82.3
69.9
71.7
70.0
86.2
66.8
74.9
67.9
70.1
79.4
76.2
67.6
72.1
75.6
72.7
72.6
76.0
77.2
83.2
77.4
*
71.7
68.1
80.4
80.1
78.0
73.8
79.4
68.0
74.9
72.9
98.8
73.3
81.2
74.8
71.1
81.6
81.0
73.8
82.1
75.9
69.9
67.3
65.8
78.3
69.1
68.4
74.6
73.4
67.7
