91.4
103
75.9
67.1
70.3
76.0
68.1
76.5
69.9
83.1
79.1
86.6
76.8
73.6
66.8
71.6
70.6
71.5
69.5
74.5
79.2
71.5
70.4
68.6
85.1
74.4
132
*
79.6
72.9
78.2
79.4
85.7
80.6
72.6
68.7
69.5
67.1
73.3
72.6
72.1
70.0
71.6
72.0
70.3
82.8
88.4
125
72.6
68.7
76.2
74.1
71.8
74.3
69.4
75.8
73.5
67.6
67.7
70.1
80.3
74.6
68.9
65.4
84.3
76.7
71.1
75.7
79.9
80.7
86.8
81.8
74.6
71.6
72.8
67.1
82.0
78.0
72.8
77.9
101
83.5
77.7
72.6
70.9
69.9
74.5
75.5
70.6
73.6
74.9
68.3
66.8
78.4
84.5
77.0
127
81.5
69.9
74.4
72.3
86.4
70.5
84.2
75.0
69.5
79.4
75.4
74.4
78.5
65.9
65.8
73.3
64.3
*
68.1
67.9
66.2
88.0
65.2
73.4
67.7
66.7
78.9
82.7
68.5
79.6
69.3
67.4
65.8
70.5
79.8
71.7
67.9
71.0
75.0
68.8
75.3
85.6
67.5
72.1
85.7
82.7
72.7
