71.0
106
65.3
61.2
67.6
68.1
61.9
61.5
81.8
78.3
73.1
66.7
74.7
62.4
72.2
84.9
67.0
71.1
60.1
63.4
72.1
69.4
72.7
68.4
65.8
75.6
68.6
*
80.1
66.0
56.7
91.0
60.3
65.1
65.2
66.3
79.1
69.2
55.3
60.6
126
63.8
70.9
74.7
68.3
76.9
62.9
81.8
63.7
81.6
69.0
58.9
71.7
66.9
61.1
90.6
75.5
71.1
72.6
57.7
68.6
62.3
70.1
89.0
65.4
63.4
83.6
61.7
72.0
70.8
86.6
74.6
61.1
71.3
77.0
83.5
60.2
76.2
75.2
58.0
73.3
66.8
74.5
54.4
65.8
116
79.5
72.0
64.7
75.0
82.0
*
72.8
79.6
66.9
67.6
63.2
59.5
68.2
67.0
63.6
68.2
75.6
57.2
69.2
64.4
63.4
62.8
79.6
71.8
67.1
70.4
58.7
71.8
*
91.2
69.6
58.2
61.0
61.9
78.3
61.4
54.9
62.9
67.6
78.2
70.3
63.9
68.2
57.0
58.5
58.7
58.1
62.7
62.9
60.4
72.5
72.4
73.0
68.6
68.9
67.4
102
66.9
