0.940
89.7
0.875
95.0
0.810
94.2
0.956
107
0.829
96.5
0.861
97.9
0.879
103
0.828
89.7
0.904
120
0.810
97.9
0.809
123
0.750
106
0.786
91.2
0.826
94.4
0.844
118
0.816
100
0.875
116
0.777
95.9
0.795
93.0
0.837
92.9
0.791
87.8
0.760
96.2
0.766
96.2
0.898
113
0.912
90.8
0.763
95.3
0.758
91.4
0.779
94.1
0.788
94.8
0.874
94.7
0.846
*
0.848
90.5
0.830
94.7
0.834
*
0.808
100
0.843
90.6
0.864
89.4
0.803
119
0.851
101
0.775
*
0.801
107
0.759
99.9
0.785
106
0.778
87.3
0.829
106
0.791
98.9
0.755
144
0.803
90.2
0.812
91.6
0.814
123
0.833
96.3
0.750
95.0
0.806
100
0.802
88.6
0.868
89.0
0.799
95.1
0.836
91.5
0.818
106
0.723
103
0.861
86.3
0.832
86.9
0.770
90.6
0.773
92.4
0.818
91.8
0.800
99.6
0.857
94.1
0.771
87.9
0.771
93.7
0.878
155
0.873
93.4
0.805
129
0.872
92.0
0.855
91.7
0.916
86.4
0.704
88.1
