99.4
92.1
53.8
52.2
54.4
57.4
54.3
75.7
72.3
75.3
59.9
72.8
53.5
59.3
51.8
55.1
58.3
75.4
57.1
50.6
50.1
56.0
52.0
59.7
77.6
49.3
57.5
51.3
50.7
57.0
50.7
51.5
52.2
52.4
60.3
85.4
54.2
53.1
59.4
58.4
54.2
50.1
61.3
58.0
73.8
72.9
54.4
50.9
50.2
90.8
57.5
53.1
55.2
63.7
48.9
52.7
54.0
52.5
60.0
53.9
54.9
49.8
62.1
57.6
64.7
55.2
53.8
52.6
59.3
59.5
62.8
54.1
49.4
65.5
66.7
68.3
73.6
53.5
50.3
63.1
53.9
56.0
73.7
64.0
53.3
54.3
60.4
58.1
60.9
*
73.7
55.2
52.2
55.1
71.6
80.1
68.1
72.0
73.1
60.2
59.2
62.4
51.0
58.6
54.9
53.9
50.9
48.8
53.2
50.2
48.9
50.9
51.9
53.7
*
59.7
54.5
62.2
59.1
72.1
55.9
55.5
63.4
76.9
49.7
77.9
57.6
55.0
72.8
56.2
52.9
54.5
54.7
53.1
68.6
48.9
56.1
67.9
56.0
49.0
59.9
75.2
58.6
60.4
