62.2
62.2
50.1
48.9
57.4
58.2
54.7
53.4
62.4
52.3
51.1
57.6
75.1
49.2
*
51.0
58.3
54.0
64.1
54.9
58.6
53.9
51.2
64.8
54.7
68.2
55.8
58.5
56.1
55.2
52.0
48.9
50.9
63.9
54.1
54.8
49.6
52.1
50.7
53.0
59.3
53.1
58.8
47.4
50.6
59.2
49.2
64.3
69.2
56.4
47.9
53.6
49.0
50.4
64.5
54.4
49.9
64.0
53.8
49.8
59.9
61.1
59.0
67.4
58.7
60.1
59.6
55.5
48.6
50.2
59.6
54.1
56.5
54.4
53.7
51.4
59.4
61.7
50.0
54.4
58.8
64.3
52.1
49.5
52.1
56.8
50.4
58.4
53.2
59.0
66.1
58.5
50.3
54.7
60.3
51.8
59.2
49.5
49.5
51.5
54.7
53.4
