136
111
108
50.9
55.7
49.7
44.9
44.0
48.8
49.4
48.7
44.9
48.0
54.4
57.3
48.7
47.4
53.9
52.3
51.3
50.1
44.9
111
112
49.5
53.1
51.1
*
46.2
50.6
62.7
49.7
70.5
55.0
54.0
74.5
60.1
49.9
50.9
48.9
48.7
51.9
49.3
48.4
51.2
113
49.2
70.8
50.3
49.4
51.4
55.7
50.4
47.6
46.3
55.3
48.2
51.6
52.0
123
51.3
114
62.2
59.1
56.5
58.6
52.7
53.1
51.0
67.5
59.1
54.0
52.0
49.4
50.7
51.1
54.4
71.6
50.4
49.5
50.0
54.4
55.0
50.8
51.5
55.9
51.0
53.5
47.2
52.9
49.5
50.1
54.2
55.1
61.1
51.8
56.7
46.9
46.8
53.1
53.4
45.3
60.1
48.7
60.1
52.2
50.7
55.6
70.3
59.0
54.0
48.4
48.5
52.4
*
48.7
51.0
55.1
59.3
110
50.8
50.1
49.2
52.6
110
112
48.0
54.8
55.6
71.3
49.0
56.2
54.9
53.2
53.4
51.4
57.0
72.3
54.4
50.6
48.7
55.5
50.0
49.4
