126
131
83.8
80.1
89.0
81.5
80.5
84.4
88.2
86.4
92.8
80.7
89.7
83.6
78.1
101
81.9
88.1
87.0
80.7
81.8
86.9
82.0
87.1
87.2
98.1
86.4
*
83.1
91.8
81.9
77.2
86.2
82.8
93.1
91.4
82.8
92.8
89.4
81.5
83.4
89.7
89.5
85.2
79.8
92.9
84.4
92.7
77.7
80.9
93.7
87.4
82.6
98.2
79.8
81.4
82.4
76.7
90.1
76.1
80.7
82.8
84.7
81.5
83.2
82.5
79.2
95.7
96.8
78.8
92.2
83.2
80.2
81.1
99.1
79.7
88.7
93.4
89.8
84.4
98.3
91.0
85.3
84.2
101
90.9
80.2
79.7
80.0
123
97.4
94.6
85.7
89.9
86.8
98.5
92.4
89.2
91.8
81.5
90.2
79.7
94.8
95.1
98.8
81.6
89.6
82.3
86.9
86.4
81.1
79.4
86.5
86.4
*
97.3
89.8
76.4
89.4
82.6
95.2
104
83.1
98.0
86.9
90.4
78.1
82.5
84.7
84.6
89.5
93.9
81.1
80.3
77.2
95.3
90.7
77.8
84.7
81.5
88.2
90.7
91.1
81.0
