60.6
64.9
91.0
81.5
85.0
74.9
83.3
69.5
82.0
98.9
68.4
88.1
92.5
85.0
97.3
91.7
88.7
89.8
101
87.0
97.1
72.1
84.7
96.1
89.8
96.1
82.1
*
100
68.8
88.2
74.1
71.9
88.9
82.5
85.7
86.2
96.3
83.1
85.1
90.2
88.1
84.5
84.7
88.2
92.8
65.4
86.1
85.9
68.4
74.2
97.6
68.9
88.6
95.7
73.7
66.3
97.1
81.7
99.6
71.1
69.0
92.8
80.8
62.9
92.5
65.5
94.1
66.6
87.4
88.4
69.7
91.7
73.2
106
66.6
73.9
82.7
71.1
90.4
95.1
68.9
81.5
67.5
81.3
84.7
81.4
81.9
80.1
96.5
68.9
66.9
96.3
66.6
70.0
85.8
67.1
89.2
68.2
64.0
85.6
86.1
93.2
62.5
66.5
69.7
81.2
84.5
100
77.9
80.6
95.6
82.0
81.1
*
84.9
82.8
99.4
88.6
93.8
90.4
84.7
97.6
67.2
84.9
86.8
81.9
81.3
98.1
82.3
104
66.3
97.6
82.1
86.0
95.4
89.5
91.8
74.4
65.8
85.2
69.9
95.9
69.6
