0.992
85.5
0.880
82.3
0.831
81.0
0.907
76.9
0.844
78.6
0.861
85.4
0.818
79.1
0.813
118
0.846
76.0
0.818
118
0.798
76.0
0.787
79.0
0.822
81.6
0.902
85.3
0.820
78.6
0.758
87.8
0.820
83.6
0.851
87.6
0.752
81.8
0.810
82.9
0.836
89.7
0.730
81.5
0.897
88.4
0.893
81.2
0.738
121
0.729
80.8
0.764
83.6
0.862
83.2
0.803
82.7
0.837
76.7
0.835
*
0.843
78.5
0.823
75.7
0.800
*
0.874
80.6
0.793
91.9
0.853
79.1
0.955
80.1
0.759
85.3
0.785
*
0.813
91.4
0.915
76.7
0.833
83.1
0.823
82.7
0.819
77.4
0.719
82.3
0.731
81.7
0.703
79.7
0.734
76.9
0.756
83.4
0.897
87.4
0.801
80.3
0.785
79.0
0.778
81.7
0.978
91.6
0.770
84.7
0.868
78.0
0.782
86.1
0.850
84.3
0.863
80.3
0.838
85.3
0.748
79.7
0.808
89.0
0.792
82.2
0.765
80.9
0.817
80.4
0.762
76.6
0.883
87.5
0.840
80.0
0.900
77.7
0.796
89.0
0.854
81.3
0.781
86.3
0.890
89.8
0.817
78.1
