138
186
57.7
61.1
66.6
73.3
56.5
*
56.7
57.1
74.7
55.5
65.1
54.4
55.9
66.0
62.9
53.4
56.7
55.2
60.8
63.0
57.4
64.9
62.4
57.0
61.8
*
73.7
82.8
62.4
61.6
75.3
51.9
65.4
58.8
62.6
58.5
58.9
66.2
57.4
58.7
68.5
59.2
61.0
61.6
77.1
64.0
60.8
55.3
77.8
69.8
65.9
62.5
59.9
91.5
62.3
53.8
57.8
63.1
63.8
*
68.2
67.2
83.2
*
74.0
62.3
73.3
64.0
83.7
68.1
58.5
82.9
65.0
58.1
56.4
62.7
83.0
55.2
56.8
85.3
70.9
72.0
53.7
55.3
64.2
74.8
60.2
*
72.0
82.2
64.0
77.0
77.4
70.1
85.9
53.3
*
56.8
62.7
81.4
64.8
80.2
79.2
57.0
60.6
69.4
56.3
58.2
57.4
63.5
55.4
63.8
*
72.2
58.2
59.3
74.0
63.8
53.9
69.9
58.0
81.0
77.8
66.6
62.5
61.6
86.6
73.7
59.9
83.3
57.9
65.8
58.1
78.5
83.2
58.3
62.8
54.9
58.9
62.7
64.4
63.9
