177
111
78.6
80.3
74.5
77.5
75.3
77.1
73.5
76.6
73.3
82.5
81.4
92.7
72.5
97.9
91.6
107
99.7
73.8
81.9
79.7
68.0
92.9
80.8
70.8
76.6
82.0
74.5
84.3
81.2
73.1
73.2
72.9
99.4
76.1
131
72.0
75.0
70.4
99.5
75.5
71.4
72.4
89.3
89.0
72.4
71.3
151
89.3
89.7
74.6
84.9
97.3
79.0
66.5
94.5
77.9
101
86.8
77.4
123
71.3
71.4
71.7
74.3
79.2
73.2
68.4
78.3
85.8
79.6
93.6
83.5
74.6
67.4
74.5
82.1
82.9
98.8
75.4
79.8
73.1
74.9
80.4
75.9
80.1
72.1
71.9
115
72.0
98.6
72.0
90.4
77.7
97.5
71.3
79.9
85.9
70.0
101
71.6
73.7
82.6
76.0
72.6
86.7
106
98.4
77.3
74.2
79.0
102
86.2
*
85.2
132
74.9
75.1
77.7
82.3
77.2
81.0
71.1
103
85.6
70.4
77.7
69.2
75.0
72.5
76.4
127
78.1
107
71.1
70.9
76.7
73.7
92.6
74.1
81.4
71.0
104
