158
136
68.9
70.7
66.9
71.8
70.8
86.1
67.8
64.3
80.4
65.3
69.0
87.2
72.6
66.0
70.5
64.9
66.9
64.7
76.0
64.8
70.9
69.9
69.2
80.6
65.5
*
67.5
88.8
65.9
81.0
70.6
64.0
63.7
70.2
70.3
68.4
65.9
70.8
71.2
78.6
62.8
67.5
74.0
69.1
62.1
65.9
65.4
80.2
83.1
64.5
88.5
68.2
88.4
86.8
68.4
83.3
66.8
82.8
99.9
80.7
61.7
71.0
68.5
66.9
80.4
86.6
85.5
65.8
84.2
66.5
66.7
89.9
67.0
86.0
87.7
64.5
84.0
67.9
67.9
80.5
70.1
83.6
78.2
66.5
67.0
65.1
87.2
83.7
87.8
67.4
72.4
83.0
79.4
76.8
68.6
69.7
70.1
83.8
64.5
61.4
77.5
80.5
80.8
79.4
65.1
62.4
69.4
67.1
87.5
83.7
71.0
67.4
*
88.2
65.7
86.3
95.8
99.0
65.4
67.7
71.9
88.4
88.8
72.3
63.6
76.0
70.2
70.7
81.3
80.9
82.7
67.5
68.2
74.2
64.3
87.2
75.6
81.7
67.8
87.8
67.8
86.6
