111
64.8
86.2
90.8
107
76.0
86.0
92.9
74.6
97.7
70.4
80.5
71.8
72.1
74.4
81.4
79.9
84.5
117
93.1
75.0
74.5
71.9
91.4
70.9
79.2
70.4
*
76.8
81.9
80.8
79.3
84.8
85.1
71.0
82.7
76.7
72.5
74.4
78.4
114
83.1
80.8
72.0
76.6
73.2
71.7
74.8
80.8
79.8
93.4
76.9
74.0
110
73.9
88.6
75.7
96.8
76.8
74.9
76.9
93.7
73.1
92.2
79.3
74.0
81.0
72.7
72.1
77.5
96.1
70.8
81.1
80.3
92.4
73.2
114
73.1
73.8
75.4
120
77.5
73.1
69.7
83.6
142
90.9
76.3
81.3
72.4
73.2
72.0
72.9
75.6
72.8
86.7
85.7
76.0
80.2
78.3
261
88.3
67.2
80.7
83.8
74.8
72.7
104
92.7
78.6
84.5
76.4
76.4
78.2
*
81.9
81.3
91.4
72.1
80.9
77.3
72.7
74.3
96.3
92.4
82.7
122
122
98.8
156
77.8
75.4
76.2
85.8
70.3
71.9
72.7
76.6
71.5
73.9
101
82.4
92.7
94.8
