156
152
102
105
108
124
105
131
101
128
130
107
114
107
126
103
111
111
107
107
106
104
103
131
115
105
104
*
129
111
111
121
124
106
122
113
117
108
106
128
106
107
104
128
102
128
124
102
108
101
125
107
116
108
135
131
112
132
113
134
116
141
106
116
131
107
126
112
126
109
129
122
104
129
107
136
128
106
130
108
114
103
106
128
108
107
139
111
106
124
127
126
107
124
124
115
121
105
134
106
102
116
105
105
124
138
139
103
106
108
134
130
105
135
*
139
132
132
127
107
105
113
133
133
127
132
110
108
130
105
133
130
110
134
106
129
120
110
114
115
112
124
108
117
