136
76.5
92.0
93.8
67.2
88.4
115
84.3
95.5
95.8
89.6
86.4
78.2
79.9
70.8
80.8
97.0
91.7
97.6
86.7
81.6
89.2
71.0
83.9
68.5
99.7
89.6
*
91.0
66.6
93.5
88.4
101
75.5
96.8
67.5
82.6
76.2
70.5
91.8
79.1
71.6
92.5
99.6
88.2
71.1
91.6
85.8
87.3
79.6
96.5
86.4
74.0
63.9
74.4
93.1
88.1
67.9
66.3
81.9
85.1
91.7
71.5
84.0
88.7
66.3
90.0
90.3
96.3
69.2
87.1
92.8
73.4
88.6
92.9
89.2
92.1
97.4
87.3
64.0
87.3
94.4
66.6
90.1
74.2
104
67.8
73.8
70.6
*
94.9
65.0
78.8
89.3
89.9
77.2
92.5
85.3
90.9
72.2
65.2
84.9
90.5
97.1
88.0
92.1
95.5
65.9
91.7
87.7
86.3
80.8
67.4
90.2
*
103
75.4
70.8
92.9
98.8
91.4
68.8
72.1
89.1
64.5
92.2
67.2
69.7
96.6
72.4
75.9
87.4
86.2
95.4
65.4
100
68.7
87.3
87.8
101
68.8
156
65.4
66.6
