83.3
122
115
117
107
117
115
*
129
132
151
117
114
113
116
112
112
129
116
121
115
128
139
127
116
119
120
*
163
116
135
117
117
127
123
128
111
119
129
117
113
118
126
112
111
114
116
115
108
137
148
114
117
115
116
113
125
115
117
107
124
*
117
121
112
126
118
118
156
111
155
123
110
135
122
129
146
125
143
124
135
149
106
118
116
117
117
131
113
*
118
117
114
152
116
118
147
120
*
124
119
126
109
149
146
117
117
118
129
137
117
113
114
116
*
117
118
125
144
116
114
111
129
144
132
114
106
126
114
142
110
150
118
119
110
129
116
134
110
127
128
147
112
107
