87.0
79.5
87.5
63.3
63.3
87.5
72.8
87.5
82.2
85.5
66.7
76.4
64.4
68.7
88.7
66.2
66.8
67.7
69.5
70.4
76.9
66.1
67.3
64.7
73.5
65.7
73.2
*
88.0
91.6
74.7
88.4
70.3
65.1
66.9
66.9
65.0
66.8
67.5
85.2
65.7
62.0
71.2
93.1
68.0
66.2
64.0
67.4
64.7
87.5
86.6
97.8
95.6
68.0
87.4
103
66.9
86.9
69.6
89.4
71.0
86.5
74.8
65.2
62.6
66.4
66.0
66.2
95.7
76.5
71.8
67.5
69.5
70.4
73.6
110
85.6
67.6
89.2
94.7
70.2
89.3
71.8
83.5
80.6
59.7
67.9
71.7
93.9
73.2
69.1
92.0
66.8
88.7
90.0
63.6
95.4
59.7
96.7
85.0
64.5
85.7
68.0
104
90.0
84.9
90.1
63.8
88.9
66.4
70.8
89.8
64.1
87.3
*
88.7
63.9
86.1
62.8
93.3
83.2
66.5
67.3
66.2
66.7
88.9
69.6
71.8
68.6
65.0
83.1
70.3
95.7
86.4
80.3
64.6
66.9
87.7
66.7
68.6
66.4
92.9
64.0
91.3
