0.874
83.8
0.767
75.6
0.812
74.5
0.773
67.6
0.738
74.4
0.740
72.3
0.700
77.6
0.804
68.2
0.785
70.4
0.760
75.9
0.997
78.4
0.758
73.8
0.754
72.7
0.750
83.7
0.802
73.4
0.709
74.9
0.764
*
0.788
74.4
0.802
73.1
0.746
70.3
0.778
82.3
0.826
72.6
0.814
76.8
0.773
71.6
0.733
77.1
0.873
81.6
0.804
79.2
0.748
77.6
0.728
74.2
0.803
74.5
0.813
74.4
0.808
83.5
0.820
84.4
0.815
71.3
0.962
81.4
0.773
73.0
0.743
74.6
0.730
83.7
0.824
83.5
0.717
*
0.753
67.1
0.899
70.5
0.697
78.6
0.692
74.7
0.660
71.9
0.715
78.6
0.752
73.0
0.912
83.4
0.820
85.4
0.847
72.6
0.847
79.2
0.875
71.4
0.789
72.2
0.740
75.8
0.811
90.4
0.785
71.6
0.792
78.0
0.789
75.4
0.821
91.4
0.812
75.1
0.841
71.0
0.937
69.5
0.817
72.3
0.765
82.4
0.767
73.2
0.789
89.8
0.780
78.4
0.797
71.3
0.806
75.1
0.830
72.3
0.796
85.1
0.772
80.6
0.724
73.7
0.795
97.5
0.825
93.1
