52.2
63.3
40.7
42.0
97.2
117
72.3
94.0
67.6
70.1
77.1
72.0
74.7
75.1
*
69.2
66.4
59.2
66.1
62.8
66.2
64.8
60.4
61.9
60.0
60.5
57.4
58.8
57.7
59.2
62.3
59.4
56.7
56.2
64.8
58.2
55.5
61.3
60.6
62.1
64.4
59.2
57.4
59.4
60.1
56.8
63.3
60.6
64.1
70.4
62.3
60.3
56.4
59.9
61.8
63.8
62.8
*
57.4
60.1
70.9
64.7
64.0
62.7
59.6
59.9
69.1
54.5
62.0
62.4
59.1
60.1
63.4
64.1
72.6
61.0
68.5
61.8
58.3
56.6
58.1
63.0
66.5
67.9
68.8
71.2
61.5
60.0
66.1
61.9
67.2
55.6
55.8
61.0
66.9
58.5
59.9
59.1
57.0
67.9
57.8
62.6
