203
137
122
108
122
124
99.0
130
111
*
132
107
99.8
169
145
156
*
134
159
128
123
132
107
114
100
108
94.4
*
103
102
110
100
117
88.4
93.2
99.2
96.2
91.1
89.7
95.7
95.9
93.4
96.7
91.9
95.0
110
96.3
92.9
90.8
114
96.5
96.8
99.1
96.7
107
97.1
95.5
96.8
94.2
101
95.2
88.3
84.5
90.7
106
89.6
91.2
96.6
94.3
89.7
90.3
97.7
97.1
97.6
96.0
94.7
98.1
94.9
89.6
111
99.0
97.1
91.9
96.8
93.6
96.6
85.0
88.1
97.6
101
*
90.9
89.0
97.3
106
97.8
106
95.6
*
94.4
96.6
89.3
93.7
99.5
95.6
100
96.4
97.8
94.1
96.6
96.0
98.6
99.6
91.2
*
93.1
96.0
101
94.5
102
97.2
92.6
102
100
90.6
93.3
86.4
98.4
*
94.6
*
97.0
107
106
95.0
99.5
111
95.4
96.9
90.5
97.2
97.6
84.6
98.7
