130
139
146
106
138
132
116
102
111
142
138
109
115
117
106
108
135
132
138
109
104
135
149
125
138
119
112
*
150
135
138
134
154
106
115
101
112
134
133
103
125
107
113
108
136
141
139
110
140
134
111
133
133
115
133
135
134
139
116
136
132
*
136
104
157
121
132
101
106
118
110
133
101
109
115
135
106
139
131
110
107
108
140
106
103
106
134
139
147
103
106
112
114
116
137
105
135
114
133
132
116
104
108
119
120
128
99.7
106
132
108
135
134
107
102
*
109
108
150
106
146
106
107
141
106
110
140
117
112
115
106
151
108
134
104
108
139
107
134
142
132
102
103
130
137
