98.8
80.9
112
94.6
106
88.9
93.6
102
105
104
92.4
92.3
102
93.3
104
88.0
106
99.2
98.9
92.8
107
103
101
87.2
108
109
106
*
97.8
101
92.3
111
92.2
100
94.5
95.7
95.4
99.5
101
116
96.9
105
96.5
98.0
99.1
115
95.2
101
92.1
97.7
90.4
100
98.7
93.6
99.9
104
112
94.5
85.0
96.7
105
99.4
99.1
98.1
89.0
105
99.3
96.2
87.3
95.7
91.1
105
87.2
88.7
86.6
97.5
88.0
104
94.6
89.6
82.4
82.9
101
98.5
97.4
106
109
102
113
98.8
95.7
100
101
88.1
93.0
86.9
88.1
102
98.9
98.1
90.8
99.2
99.7
85.9
91.5
99.2
96.5
86.7
101
104
98.3
102
91.8
103
*
102
99.4
94.6
84.7
100
99.9
122
98.5
86.3
86.5
94.8
100
102
89.0
99.4
98.2
89.1
98.8
98.1
87.0
101
102
107
101
107
98.4
92.4
96.1
105
