170
187
76.2
77.1
75.3
77.1
77.8
75.6
74.8
83.7
83.5
72.8
86.1
81.3
89.3
82.7
75.5
84.2
74.0
78.8
78.9
82.9
72.9
93.4
78.4
74.5
77.4
*
76.4
80.4
76.1
85.0
73.2
84.3
76.9
73.7
79.7
77.2
76.7
77.3
75.6
78.8
83.7
83.8
73.8
74.2
76.4
76.8
80.8
85.0
76.5
72.6
77.3
75.2
80.1
76.1
77.8
77.9
83.1
71.6
80.7
165
96.1
74.2
78.8
76.9
71.9
79.2
90.1
75.0
78.7
72.8
81.3
75.9
86.2
83.3
78.6
76.8
83.2
84.8
77.5
73.0
75.5
76.5
73.8
75.3
77.3
77.7
80.2
81.1
82.6
78.2
78.4
83.9
76.2
94.0
80.9
77.0
76.3
152
165
152
111
110
116
92.9
77.2
96.6
98.5
75.7
88.6
100.0
89.4
112
*
77.2
81.9
102
*
78.3
77.1
88.3
86.3
81.4
74.5
168
74.7
79.3
74.0
76.1
75.8
81.2
75.8
78.3
96.0
77.9
78.9
79.3
78.8
77.0
98.7
80.2
85.4
76.1
