76.2
83.2
76.8
70.2
59.8
57.0
51.4
59.4
61.3
91.4
79.9
74.0
56.0
55.3
82.7
50.1
76.8
84.2
53.3
58.7
57.1
56.1
86.9
79.4
57.9
72.8
59.3
53.0
79.9
55.3
74.1
67.6
60.0
56.1
54.1
73.4
80.3
59.9
77.2
60.4
58.0
50.4
49.7
71.9
72.9
78.7
80.0
60.8
83.1
80.1
81.6
53.2
63.1
57.0
52.2
61.3
55.0
115
56.2
*
53.6
59.6
57.1
63.3
71.8
57.0
58.7
61.1
58.1
58.5
88.0
52.9
53.5
90.9
53.4
60.6
80.8
61.2
53.5
51.5
54.1
55.4
78.3
63.8
51.2
53.2
59.4
61.9
59.2
73.7
79.9
80.4
68.6
82.3
84.8
53.8
76.1
49.3
*
60.1
66.0
80.7
70.8
59.3
92.3
59.4
72.2
52.9
61.3
70.1
*
60.8
55.5
80.0
*
60.3
52.8
70.7
85.3
72.7
53.6
55.9
58.7
81.8
56.3
83.9
63.7
52.1
55.3
64.0
54.1
83.6
83.7
56.2
51.1
72.0
53.5
53.0
54.6
54.1
56.3
86.8
82.7
94.1
