0.970
94.2
0.799
153
0.841
80.7
0.856
137
0.830
122
0.963
148
0.833
137
0.823
135
0.756
141
0.799
141
0.752
180
0.824
79.6
0.733
148
0.874
102
0.817
90.0
0.764
86.3
0.830
93.1
0.819
80.3
0.813
105
0.823
82.4
0.707
82.2
0.835
86.2
0.775
80.0
0.710
87.9
0.756
*
0.780
82.4
0.763
90.2
0.719
121
0.832
81.0
0.779
139
0.862
88.4
0.805
81.2
0.807
115
0.841
*
0.883
88.2
0.820
86.4
0.944
88.6
0.828
92.3
0.979
82.7
0.820
87.9
0.824
107
0.730
156
0.755
138
0.755
86.0
0.767
79.1
0.754
138
0.749
77.3
0.729
79.7
0.814
77.6
0.819
85.9
0.782
115
0.727
*
0.796
125
0.723
89.4
0.752
93.8
0.748
69.6
0.811
78.2
0.817
95.4
0.754
102
0.817
50.6
1.07
84.2
0.916
108
0.816
59.0
0.857
57.0
0.812
82.5
0.811
87.4
0.927
115
0.971
78.3
0.887
89.2
0.828
78.3
0.801
54.4
0.894
51.7
0.844
112
0.799
70.7
0.804
99.8
