51.1
107
69.2
63.1
66.4
55.5
58.4
137
55.4
59.3
59.3
97.3
56.5
57.6
56.7
57.3
88.9
56.8
56.2
55.4
53.4
52.0
86.3
55.1
61.3
120
52.9
53.6
66.4
57.6
58.2
54.5
64.5
69.3
55.1
57.3
57.0
66.0
58.5
56.5
55.5
55.3
67.6
58.7
53.2
70.6
56.7
53.2
59.6
55.8
55.2
58.3
55.4
57.0
54.6
63.5
60.9
67.9
82.7
69.9
52.5
59.4
57.3
61.8
59.4
53.9
89.8
59.9
54.7
52.0
56.5
60.8
62.4
63.1
59.7
67.8
57.3
54.5
59.3
60.2
52.7
65.2
52.0
54.8
57.0
124
61.8
55.7
61.6
125
52.3
129
58.0
55.5
61.0
53.0
70.5
61.7
133
61.5
62.0
60.3
61.8
60.4
58.5
56.0
68.3
58.1
62.1
61.1
74.5
56.7
59.6
56.4
*
59.2
57.2
53.6
51.3
120
56.6
56.4
59.3
53.0
68.2
62.5
59.7
54.4
58.6
62.3
57.5
55.4
57.3
63.2
56.8
56.2
60.5
59.1
59.2
138
52.7
52.8
53.8
53.3
