171
130
102
56.5
62.2
64.3
55.5
58.6
57.7
53.0
58.8
59.7
61.5
56.7
59.0
52.7
56.7
141
62.6
56.9
57.7
64.0
51.9
77.0
57.6
55.8
55.1
56.8
71.0
56.7
55.8
56.9
57.2
54.9
62.9
56.9
51.9
59.8
70.0
58.4
80.2
53.1
53.6
54.6
58.3
55.1
61.9
54.0
54.7
68.1
66.2
57.4
56.9
58.8
68.6
53.7
63.1
56.7
54.9
58.9
57.1
63.2
62.5
56.0
80.7
65.2
54.9
70.2
59.4
52.2
59.7
59.2
56.3
56.7
58.4
51.3
57.3
58.8
57.1
58.6
57.0
56.9
57.7
73.9
58.0
66.6
58.9
61.3
60.5
144
57.4
140
65.9
61.9
53.4
59.2
58.4
57.2
145
57.3
62.2
136
61.9
55.9
56.3
53.1
52.4
56.6
57.6
73.7
56.5
56.2
56.5
57.3
*
59.9
57.2
55.7
53.7
58.0
56.0
55.2
54.9
57.8
79.8
53.1
62.1
54.0
54.1
58.8
54.0
54.6
54.4
57.8
73.7
57.8
58.6
57.9
61.7
141
140
61.5
53.5
53.6
