89.2
66.7
57.3
54.4
77.2
86.4
63.4
106
53.0
65.4
61.0
75.3
56.6
52.9
57.6
67.7
72.7
72.4
57.6
51.5
62.4
54.7
57.3
62.6
71.2
70.6
60.5
55.2
53.7
75.5
58.8
55.7
56.0
50.6
71.1
53.8
67.0
50.6
56.8
52.5
51.6
54.7
68.4
70.4
79.5
66.0
59.1
64.2
61.0
83.3
60.9
58.9
59.5
82.9
53.9
54.9
65.9
54.8
60.5
59.9
81.6
67.1
63.3
71.6
58.8
58.1
71.2
55.0
83.0
73.5
53.2
52.1
56.7
66.3
62.8
57.4
64.6
51.5
96.3
61.6
78.3
55.9
53.9
54.2
71.1
56.7
64.5
59.5
50.6
68.8
83.1
58.8
56.1
62.2
52.1
64.6
54.5
54.1
71.4
50.8
55.7
70.2
60.2
54.7
66.9
68.9
63.7
60.6
55.8
64.3
59.8
58.2
57.1
68.5
*
55.7
70.0
50.2
59.0
59.5
56.0
69.4
61.4
51.3
70.0
62.7
71.7
55.1
50.1
57.6
57.1
55.1
57.2
61.9
57.5
54.0
58.9
70.9
57.0
70.5
71.4
61.8
50.5
60.3
