0.836
63.9
0.758
85.7
0.826
66.7
0.874
81.9
0.821
89.9
0.815
85.1
0.861
70.2
0.698
66.9
0.759
86.7
0.753
75.1
0.797
90.7
0.757
87.7
0.755
79.2
0.811
80.7
0.775
87.0
0.752
67.3
0.791
*
0.849
74.6
0.780
69.3
0.760
70.6
0.755
67.4
0.758
68.9
0.808
68.4
0.842
71.3
0.834
83.6
0.695
81.2
0.758
91.0
0.750
70.5
0.765
85.3
0.768
69.6
0.824
86.2
0.835
69.8
0.793
65.7
0.779
69.7
0.771
78.6
0.930
69.5
0.911
95.7
0.822
75.8
0.822
73.6
0.735
*
0.786
86.2
0.821
87.0
0.981
87.0
0.761
77.9
0.846
74.4
0.902
67.8
0.712
66.5
0.714
72.9
1.04
*
0.796
85.6
0.888
70.9
0.769
86.9
0.972
73.8
0.751
94.7
0.972
89.5
0.738
70.7
0.845
84.9
0.775
75.8
0.794
110
0.756
67.0
0.856
72.1
0.798
66.6
0.942
78.3
0.788
76.8
0.831
71.8
0.766
70.0
0.757
87.5
0.729
97.7
0.767
79.2
0.941
73.3
0.802
90.8
0.721
85.2
0.799
81.0
0.868
86.4
0.748
64.5
