0.846
55.0
0.865
48.8
0.814
46.7
0.795
57.0
0.825
55.7
0.805
50.1
0.742
50.2
0.790
57.5
0.795
53.9
0.784
46.3
0.834
61.1
0.767
60.7
0.738
54.9
0.855
56.0
0.845
51.5
0.822
50.5
0.867
51.5
0.766
46.7
0.839
54.9
0.800
53.6
0.796
112
0.744
*
0.757
75.8
0.849
98.0
0.697
65.4
0.813
60.4
0.750
55.9
0.821
50.4
0.798
56.6
0.952
52.1
0.844
52.0
0.848
59.4
0.796
56.0
0.795
*
0.778
53.9
0.785
55.0
0.863
45.7
0.806
52.4
0.848
50.8
0.746
*
0.765
47.3
0.748
50.3
0.787
54.0
0.740
59.2
0.679
49.7
0.742
49.5
0.804
45.4
0.706
53.3
0.853
58.6
0.819
50.6
0.846
51.8
0.786
48.1
0.785
43.4
0.724
50.0
0.805
47.2
0.825
49.6
0.834
48.1
0.847
53.2
0.760
50.5
0.862
50.3
0.844
53.0
0.822
46.4
0.911
70.3
0.792
56.4
0.813
61.5
0.825
50.6
0.802
42.9
0.746
49.6
0.829
48.1
0.775
47.1
0.861
49.1
0.768
56.9
0.824
51.4
0.809
57.9
0.762
55.3
