55.5
75.1
83.2
67.7
87.3
76.7
69.4
65.2
74.9
66.9
70.6
69.4
77.3
73.5
70.3
70.7
82.4
72.4
75.9
81.4
73.6
72.8
76.1
66.5
71.4
77.0
88.7
*
71.9
69.9
62.6
73.7
69.0
72.1
78.7
80.9
84.5
68.0
76.7
63.2
77.8
85.5
76.8
70.5
67.1
73.3
68.2
81.0
70.5
66.9
68.8
70.8
76.8
74.8
77.3
67.8
84.9
72.7
78.1
69.3
70.5
76.1
74.3
67.7
63.3
69.8
71.9
78.0
78.9
73.5
66.3
73.3
72.5
79.1
78.3
72.0
78.5
65.4
74.4
76.4
80.5
67.4
68.6
70.2
69.6
82.2
70.6
73.7
74.2
*
81.2
71.5
69.6
72.8
68.1
82.6
75.3
75.6
76.3
67.8
70.4
71.1
79.9
73.4
63.3
71.4
70.0
70.4
69.0
76.1
71.6
75.4
80.1
67.4
*
82.5
79.0
76.0
66.5
74.2
77.6
70.0
65.0
68.0
70.1
80.7
71.2
70.7
67.5
81.1
77.1
75.6
80.1
72.7
80.0
77.0
82.8
67.8
75.7
84.5
77.4
74.0
63.9
68.0
