163
181
71.8
69.7
106
73.7
67.5
*
76.8
117
107
70.0
68.6
80.2
74.9
97.1
104
114
68.5
66.6
74.8
73.1
70.3
67.4
75.9
69.6
67.5
*
102
102
103
73.2
108
82.4
78.2
78.8
112
73.9
77.7
75.3
77.6
71.8
72.3
74.8
127
120
111
71.4
102
102
104
84.0
114
72.8
110
70.7
80.0
101
73.4
102
73.3
75.6
70.1
68.0
96.4
81.2
68.5
67.8
76.7
71.7
68.4
69.9
74.5
127
79.1
78.2
68.1
75.2
107
72.4
69.6
99.9
76.5
69.8
68.5
69.7
74.1
78.1
96.9
*
78.9
84.9
73.5
107
103
88.5
106
81.3
*
109
72.8
69.3
69.7
102
101
74.6
72.2
69.6
73.4
67.6
82.9
100
78.3
68.4
*
81.8
68.7
105
69.4
109
88.9
69.9
71.3
68.3
68.2
101
70.9
68.6
65.5
75.3
106
71.4
71.8
70.3
75.6
109
72.8
74.7
172
132
*
151
105
90.7
