141
124
77.0
72.7
70.5
74.0
72.6
70.6
85.6
79.8
96.0
73.3
72.1
74.5
72.5
79.3
77.5
70.9
70.7
70.4
76.9
71.6
86.9
77.2
77.5
71.7
73.3
*
74.8
76.3
84.9
73.9
88.2
76.0
71.5
83.8
77.9
76.0
75.1
73.2
73.8
90.1
68.3
75.2
71.4
92.7
70.5
85.4
84.9
66.0
71.5
71.9
77.8
67.4
71.1
75.6
79.0
75.8
72.2
68.5
70.8
75.5
73.0
95.3
88.7
73.5
72.0
72.1
69.8
69.1
78.5
81.0
67.1
71.6
73.8
76.2
73.3
79.2
69.4
69.7
72.9
70.4
84.3
76.2
75.6
74.9
70.7
79.1
71.1
72.5
72.5
84.4
75.3
70.0
80.1
73.8
72.1
70.0
73.2
68.6
70.4
71.0
72.7
72.9
72.1
81.4
73.9
78.8
73.8
73.0
81.3
76.7
73.3
79.4
*
72.3
82.1
67.3
70.1
69.3
66.6
70.5
103
75.8
72.5
82.7
69.4
72.8
80.0
73.9
78.5
74.8
74.3
71.0
71.7
74.8
89.4
75.8
71.3
74.6
80.8
74.9
69.6
77.1
