133
135
59.6
62.1
66.2
77.9
65.8
66.3
59.2
62.3
83.5
61.9
59.4
59.6
65.4
105
66.7
61.2
94.5
57.8
80.3
57.9
60.5
59.9
73.0
64.6
61.9
*
64.6
60.9
60.1
63.5
76.6
61.7
65.1
61.8
58.9
78.2
75.2
67.9
68.5
58.9
61.2
61.1
59.1
79.0
79.5
62.3
62.7
76.4
79.2
67.5
68.8
71.1
72.2
65.5
70.1
67.3
59.6
55.9
64.8
66.4
73.9
68.2
77.0
64.9
61.5
99.5
80.6
70.6
79.4
60.7
59.6
79.9
60.9
73.5
84.2
61.7
78.8
65.1
62.0
77.9
81.3
80.4
62.9
59.4
64.3
64.9
74.6
64.9
81.9
64.7
62.2
81.0
67.9
58.2
85.4
57.5
75.2
64.6
69.8
60.1
60.4
77.5
79.5
68.9
71.4
78.7
65.2
59.4
66.7
62.9
71.4
68.6
*
65.2
63.5
58.9
*
62.2
83.7
82.1
65.8
76.2
65.5
68.9
57.8
60.7
67.8
63.0
61.0
82.2
62.2
58.5
57.7
62.5
61.8
62.6
60.4
68.9
61.9
80.3
59.1
66.0
