125
109
85.8
85.6
83.0
88.9
86.9
88.2
88.6
84.8
56.3
88.5
82.5
50.0
53.0
58.4
66.4
84.5
79.7
82.8
52.7
52.4
59.2
87.9
87.6
83.6
80.9
*
87.0
53.9
87.9
54.6
57.2
54.9
83.8
56.2
90.7
52.6
58.2
97.4
58.8
84.0
83.8
89.8
89.0
*
65.5
87.6
84.0
82.2
52.4
89.6
62.5
56.6
54.2
65.3
58.0
50.1
83.4
53.3
52.2
105
53.1
93.9
128
53.7
53.0
90.8
55.5
60.0
52.4
53.4
53.9
58.2
88.4
85.1
55.0
58.2
64.1
54.0
83.9
48.1
50.8
62.5
55.8
81.6
54.5
58.9
55.2
91.2
59.7
50.3
64.0
50.3
66.9
83.5
61.8
87.1
84.0
89.9
55.2
111
82.6
54.7
63.1
53.0
85.8
51.5
85.5
84.2
86.7
51.3
61.5
83.0
*
83.0
87.5
51.0
*
82.6
92.5
55.4
61.8
58.3
57.5
82.7
57.9
47.8
57.4
100
54.1
52.7
83.7
86.2
51.7
90.9
89.0
89.6
94.2
58.6
80.9
56.5
58.3
60.9
