56.1
56.8
75.0
70.7
53.1
56.9
69.2
58.8
53.6
72.2
71.6
68.5
60.5
54.6
68.7
59.6
55.1
54.6
69.4
63.3
62.9
60.5
55.3
71.0
54.4
69.6
79.6
58.2
78.2
56.8
62.1
73.1
80.4
54.3
69.5
57.1
77.3
63.5
72.0
58.8
51.7
55.2
77.5
59.1
50.3
75.9
65.2
74.7
73.7
74.6
76.4
54.0
75.2
76.7
60.1
76.9
55.1
51.3
79.3
51.2
53.5
72.1
56.9
72.0
56.0
69.4
55.9
58.1
71.2
52.1
56.7
70.0
52.6
55.0
55.0
64.3
65.6
57.5
77.1
58.5
83.6
68.8
61.5
77.1
76.6
62.3
55.9
75.6
54.9
59.4
52.2
75.1
51.0
68.7
55.5
59.2
*
56.6
76.8
73.5
75.0
76.0
