0.806
91.5
0.726
109
0.768
78.9
0.836
86.9
0.823
79.8
0.840
79.7
0.763
90.5
0.773
80.9
0.736
99.7
0.782
81.0
0.788
82.0
0.753
82.8
0.753
95.4
0.781
79.8
0.862
79.7
0.830
80.8
0.860
78.0
0.842
82.2
0.821
105
0.739
79.7
0.761
79.1
0.705
82.2
0.756
84.1
0.855
80.1
0.773
109
0.791
85.2
0.728
83.8
0.747
79.4
0.766
112
0.900
95.4
0.820
83.2
0.787
84.0
0.814
82.7
0.797
82.9
0.854
87.7
0.796
86.4
0.794
79.1
0.803
79.4
0.821
75.0
0.756
*
0.812
80.2
0.779
78.9
0.695
80.2
0.679
80.4
0.732
81.1
0.773
79.6
0.898
91.5
0.758
86.0
0.946
89.7
0.818
84.7
0.814
80.3
0.749
81.7
0.735
78.9
0.853
82.4
0.793
89.4
0.748
75.7
0.804
78.1
0.763
79.9
0.803
83.3
0.782
80.3
0.921
83.0
0.695
85.4
0.730
85.6
0.805
82.5
0.831
83.8
0.840
85.2
0.908
79.0
0.800
85.8
0.774
90.5
0.807
98.3
0.793
97.6
0.769
99.0
0.794
81.1
0.858
108
0.756
84.1
