0.815
64.7
0.755
54.3
0.807
54.6
0.763
57.9
0.756
60.4
0.743
68.9
0.783
55.1
0.759
49.8
0.748
57.8
0.759
56.0
0.845
54.4
0.729
56.9
0.726
58.4
0.819
64.7
0.815
62.5
0.770
60.8
0.851
*
0.869
62.7
0.770
54.9
0.775
56.4
0.745
55.7
0.716
58.8
0.762
59.2
0.775
56.7
0.718
60.3
0.725
53.5
0.878
56.2
0.682
59.0
0.687
58.9
0.734
61.2
0.793
52.2
0.751
50.5
0.766
57.3
0.812
55.1
0.833
51.7
0.807
51.6
0.813
56.1
0.810
57.3
0.810
62.9
0.894
*
0.825
57.4
0.749
62.3
0.763
53.7
0.763
53.6
0.769
55.4
0.712
52.3
0.747
57.6
0.741
60.4
0.804
56.4
0.802
55.7
0.779
66.1
0.762
51.6
0.812
51.8
0.742
55.5
0.757
61.8
0.719
62.0
0.776
54.9
0.812
57.5
0.784
72.5
0.815
55.3
0.818
51.9
0.766
53.6
0.775
51.9
0.746
58.0
0.754
51.2
0.739
54.2
1.02
58.5
0.763
51.6
0.798
51.3
0.703
67.6
0.758
59.6
0.681
56.4
0.762
65.7
0.782
54.2
0.892
57.0
