90.7
109
81.4
87.4
67.8
64.4
94.7
*
66.1
139
66.2
93.5
66.1
66.6
67.4
66.1
116
86.5
63.9
95.7
64.1
73.3
68.0
98.4
65.0
79.1
71.6
*
110
64.3
68.7
64.5
85.0
64.1
70.0
75.7
94.4
75.8
65.6
69.4
69.6
70.1
66.5
75.3
89.7
109
71.4
65.7
95.2
63.6
93.1
66.6
60.5
90.5
60.6
74.4
72.1
68.1
69.4
63.9
67.8
*
69.4
95.7
74.8
65.5
66.4
70.7
66.4
72.5
66.5
61.2
68.0
90.8
65.6
89.4
72.2
68.7
71.0
65.1
66.9
86.2
63.8
71.6
71.7
67.3
69.0
67.6
71.3
*
69.0
74.9
65.7
90.8
95.4
72.2
85.8
70.2
*
67.8
65.9
64.3
72.2
87.3
64.4
67.5
64.9
71.8
70.7
64.1
63.8
73.5
65.9
65.7
*
65.1
70.8
71.9
67.1
100.0
69.6
62.7
77.2
88.5
77.5
94.9
67.4
66.8
70.3
66.3
68.9
91.3
67.1
70.8
76.4
*
71.9
75.2
62.0
62.6
70.7
77.7
71.7
64.6
