0.821
56.7
0.986
63.2
0.811
59.7
0.838
58.0
0.803
52.6
0.825
54.4
0.802
59.9
0.778
70.3
0.759
70.3
0.782
74.0
0.987
61.4
0.783
64.3
0.797
51.2
0.932
64.9
0.762
63.9
0.798
67.3
0.860
59.3
0.762
56.6
0.803
96.2
0.818
58.7
0.833
55.8
0.807
56.1
0.807
63.6
0.808
60.9
0.755
77.3
0.731
70.0
0.832
64.7
0.719
60.2
0.725
64.6
0.808
72.2
0.781
*
0.932
53.4
0.980
59.6
0.784
56.6
0.828
56.7
0.998
51.0
0.837
54.8
0.993
57.6
0.767
50.4
0.808
*
0.822
55.4
0.809
55.5
0.963
59.1
0.808
59.1
0.758
67.9
0.778
50.6
0.752
57.5
0.752
60.8
0.808
53.4
0.758
55.1
0.820
76.6
0.807
56.7
0.801
61.7
0.768
54.7
0.968
64.1
0.749
53.1
0.824
50.9
0.827
50.3
0.806
54.1
0.785
61.8
0.790
55.5
0.759
55.9
0.852
56.6
0.824
56.8
0.760
50.9
0.822
55.5
0.804
55.7
0.752
55.1
0.998
54.3
0.839
56.1
0.835
68.3
0.730
58.2
0.808
53.8
0.819
58.9
0.811
53.8
