80.2
131
73.5
73.3
80.3
69.6
73.6
66.9
63.6
83.8
86.1
76.2
72.3
67.8
70.0
64.0
66.6
77.0
68.2
69.9
74.6
63.5
69.0
74.5
97.2
69.6
74.4
73.2
75.4
68.6
72.5
63.7
73.5
68.9
84.5
66.7
72.0
71.2
64.0
72.8
63.9
68.2
66.1
73.2
71.2
67.8
67.9
67.8
66.7
71.4
72.4
64.7
66.7
88.1
74.2
64.5
69.9
69.7
74.0
68.8
68.9
169
76.6
69.0
72.3
74.2
63.4
70.1
175
66.8
67.8
68.1
75.0
70.7
70.2
72.5
67.3
74.3
84.2
71.1
96.0
71.4
64.0
64.8
62.7
80.5
72.9
78.7
67.4
169
67.4
170
64.7
70.1
66.8
72.9
67.5
71.5
171
63.8
73.2
66.3
68.9
73.5
70.1
65.8
71.3
67.0
84.5
75.3
63.2
73.9
71.9
67.3
*
175
74.4
75.3
79.6
74.6
67.1
77.1
68.4
73.0
168
67.8
67.9
70.0
66.6
63.3
75.2
76.9
73.2
64.5
67.5
66.3
65.8
82.3
78.8
74.2
72.9
73.9
67.6
74.3
