85.8
110
73.0
74.5
81.7
75.3
71.3
65.3
75.6
67.0
67.5
68.4
75.3
73.6
71.6
66.9
89.8
62.6
90.0
73.0
72.4
66.2
77.8
67.6
80.3
122
81.0
64.5
94.3
71.0
75.5
83.1
71.2
70.4
85.3
73.2
97.8
72.9
80.0
74.0
70.4
75.5
69.3
72.4
64.1
71.0
70.4
64.8
73.9
71.2
76.4
69.7
67.6
67.9
73.5
73.9
74.6
78.7
69.2
72.6
73.3
66.8
69.3
65.9
82.2
76.4
72.6
68.4
72.2
78.0
71.3
80.6
71.7
65.9
70.8
66.2
74.5
70.3
75.5
68.3
67.6
69.7
68.7
73.1
67.8
66.9
67.5
78.1
75.0
122
64.6
126
89.7
66.8
69.1
72.3
75.2
69.4
124
80.2
72.5
70.0
72.5
74.8
80.4
68.2
77.3
67.9
76.7
65.0
86.6
77.1
74.3
68.3
*
76.5
68.8
75.6
70.1
81.0
75.0
73.3
83.6
69.1
69.2
68.6
71.6
72.6
73.6
69.9
73.0
71.2
82.0
75.1
64.3
74.1
69.5
68.8
72.0
119
65.4
63.4
74.9
71.9
