65.4
104
50.2
46.1
59.9
50.2
49.3
80.3
58.2
68.2
56.8
65.2
73.9
49.1
47.3
59.3
53.5
44.2
62.8
50.0
54.7
70.9
48.1
69.7
60.7
*
80.6
51.0
58.3
67.9
48.4
60.9
48.3
49.5
48.4
47.1
64.4
60.8
50.2
44.8
54.0
65.5
47.2
53.4
59.2
88.9
44.3
52.2
54.7
78.9
44.9
52.8
65.9
51.5
61.2
48.2
63.7
61.6
50.5
69.4
73.2
63.9
64.1
54.6
53.5
50.2
47.8
63.0
60.7
64.2
57.0
67.9
50.1
65.0
69.6
72.8
46.1
67.3
74.7
48.4
62.5
48.9
70.1
44.6
53.3
52.3
69.8
67.7
61.4
*
61.0
*
72.0
46.7
65.1
68.5
61.1
53.7
*
75.4
45.2
59.8
73.6
49.7
52.0
49.1
48.6
53.0
62.6
57.2
68.7
60.7
59.6
49.7
*
69.6
76.6
69.0
52.2
50.2
48.2
66.2
49.2
43.6
84.9
59.0
74.3
50.5
48.4
54.5
62.0
47.6
49.6
59.6
68.0
65.2
51.2
52.7
69.1
86.8
50.9
46.3
54.7
69.1
