184
137
161
103
158
178
121
155
104
149
155
103
104
157
103
154
127
119
112
104
101
158
98.4
112
162
104
103
*
156
149
98.8
153
150
102
98.9
103
102
106
104
151
154
153
99.3
154
103
121
151
110
104
157
150
153
156
162
153
161
152
153
103
154
153
153
103
110
150
105
153
105
*
103
157
153
154
161
164
150
163
107
107
151
152
106
105
150
102
106
107
104
150
155
106
104
109
153
155
115
154
104
*
149
160
96.8
106
107
105
152
156
151
151
102
151
157
149
157
*
156
104
157
153
156
103
103
110
151
148
166
105
102
158
108
159
154
151
152
153
106
152
149
153
103
148
160
103
163
