101
95.4
67.1
69.3
65.5
74.2
67.0
76.8
64.3
66.3
66.6
68.6
66.2
64.3
63.4
62.1
68.5
66.7
71.4
79.8
80.4
67.1
68.5
67.6
68.2
67.5
65.4
*
65.2
65.7
66.8
66.1
66.5
66.9
75.8
73.6
74.5
62.6
65.7
66.5
67.2
65.0
68.3
73.0
67.8
62.1
61.7
61.9
65.3
65.3
74.3
69.3
66.1
83.8
67.1
65.2
85.0
66.6
69.6
61.8
71.9
60.9
67.2
66.1
71.7
72.5
67.5
76.2
68.8
66.7
64.7
73.1
66.2
74.4
76.3
67.8
72.1
67.5
66.2
64.6
76.1
63.6
61.2
68.9
64.9
66.9
64.7
70.5
73.9
72.0
67.3
65.3
72.5
65.0
67.5
70.3
65.5
66.0
68.0
66.1
64.3
99.4
64.7
68.2
72.9
65.2
69.1
65.0
63.2
65.0
73.6
65.0
66.6
72.3
*
62.2
70.4
70.1
72.9
61.9
67.3
61.8
60.9
68.1
79.5
62.9
64.6
66.7
68.6
64.7
66.6
62.0
65.2
71.1
64.6
68.6
61.5
66.8
67.5
68.1
64.9
63.3
68.5
67.7
