107
116
83.8
85.8
78.4
84.3
87.1
85.0
79.3
86.4
81.5
83.4
82.9
79.4
81.2
104
90.1
92.5
82.1
86.8
83.8
88.0
79.7
84.0
84.8
85.0
85.1
90.4
79.1
80.6
86.4
83.1
87.9
83.1
80.6
84.3
90.5
82.8
79.5
88.2
80.8
87.8
85.7
102
88.2
83.5
83.4
80.9
86.9
85.0
88.0
153
88.5
83.4
87.8
81.4
83.1
77.4
81.7
82.5
79.8
107
97.1
84.7
81.6
80.4
83.8
96.5
104
81.3
97.0
85.3
87.5
82.7
81.7
81.3
88.8
81.3
84.3
77.3
81.5
90.2
77.6
82.1
87.9
110
85.0
83.0
83.9
115
79.9
88.4
81.9
82.4
105
82.7
82.8
83.9
114
83.5
78.9
95.7
77.4
88.4
82.9
79.1
83.6
110
106
81.2
80.8
82.6
83.3
81.0
*
112
88.5
78.7
81.5
82.1
84.1
86.5
82.6
84.2
83.3
80.3
86.0
88.4
85.2
85.3
86.1
83.2
81.8
81.2
78.1
91.4
88.7
80.9
82.6
81.9
77.6
78.0
83.0
84.6
