117
99.9
71.9
67.2
83.0
76.5
64.7
87.5
89.4
89.0
86.5
66.3
71.2
72.5
92.9
69.7
83.9
81.1
67.2
82.2
66.9
60.9
65.0
68.5
61.9
89.0
66.2
84.9
71.5
63.9
64.5
84.7
68.8
66.7
84.0
62.9
74.9
67.7
87.4
72.6
83.5
84.5
74.2
129
132
126
122
124
92.3
95.7
76.9
70.5
75.0
77.3
60.0
76.8
72.0
66.3
79.2
67.1
59.6
61.6
66.9
67.2
70.9
87.4
64.6
71.5
69.0
73.6
63.7
66.1
72.5
70.8
72.4
64.0
67.7
86.6
68.8
91.9
64.7
66.5
77.0
61.7
76.1
75.5
65.4
74.4
62.8
70.1
67.2
65.8
66.6
69.9
66.5
104
78.3
68.2
64.0
63.9
70.5
76.7
