103
92.6
83.4
67.8
59.3
76.9
61.4
61.1
59.8
83.5
64.4
56.9
90.4
64.1
79.4
68.1
69.9
82.5
59.1
68.6
83.2
87.0
86.5
82.1
60.7
70.4
75.7
*
77.8
67.0
62.3
67.4
79.3
64.3
56.5
69.1
80.5
86.1
60.1
71.6
64.5
58.2
58.9
63.3
79.9
73.8
75.8
71.2
65.8
83.9
81.0
85.3
62.8
73.3
61.8
66.1
74.7
109
62.6
65.2
67.8
80.7
79.9
68.2
75.6
65.7
64.6
72.4
83.6
70.8
82.0
66.7
61.6
79.7
74.8
99.7
85.6
72.9
80.1
59.2
61.9
79.1
72.5
80.4
66.3
60.3
56.7
62.3
60.4
*
80.4
58.8
77.6
83.7
88.2
63.6
78.7
68.4
*
59.9
61.3
72.8
79.8
81.5
77.0
79.1
67.2
61.1
78.1
66.5
69.4
58.8
63.1
58.4
*
68.8
77.5
78.6
78.0
*
67.9
79.3
85.2
65.3
60.1
78.5
70.0
60.2
84.2
60.2
79.9
80.4
86.7
68.4
61.1
72.2
66.4
82.8
67.2
64.0
76.0
77.2
78.0
56.2
