126
111
98.7
119
98.7
152
117
113
103
115
147
116
99.8
117
155
111
115
96.7
99.2
117
156
92.7
126
117
103
102
100
*
97.1
98.8
119
96.0
151
122
97.0
121
114
153
124
99.6
114
101
100
96.0
152
148
152
99.3
114
111
161
93.7
93.6
118
101
99.4
95.9
89.9
107
95.0
93.0
114
101
150
159
117
98.1
100
117
154
119
103
124
152
97.7
110
153
152
146
114
98.6
153
156
163
115
99.8
153
155
109
154
157
114
161
153
153
100
150
96.3
115
99.9
116
154
97.7
150
160
99.2
99.8
115
96.0
105
99.6
93.9
115
97.3
*
95.1
96.5
100
115
119
100
114
103
147
116
92.4
154
115
95.8
124
101
158
88.9
114
119
97.8
106
102
124
99.6
94.0
155
105
98.9
