0.954
67.7
0.859
74.6
0.836
87.4
0.885
64.4
0.878
77.3
0.893
79.3
0.939
78.9
0.801
68.6
0.938
80.0
0.825
97.3
0.840
80.1
0.801
81.7
0.817
75.7
1.04
71.3
0.982
82.8
0.797
79.8
0.974
73.3
0.779
79.6
0.841
72.3
0.840
70.2
0.798
87.9
0.754
79.2
0.866
68.8
0.909
88.0
0.792
71.6
0.798
80.5
0.822
82.1
0.855
77.2
0.749
81.9
0.838
71.5
0.870
75.0
0.825
67.2
0.881
85.4
0.841
70.7
0.891
74.5
0.856
73.0
0.859
80.5
0.792
78.8
0.834
69.4
0.791
69.7
0.840
81.2
0.819
69.5
0.785
78.6
0.795
82.8
0.780
79.2
0.857
71.9
0.810
66.0
0.868
72.3
0.839
69.8
0.812
71.8
0.873
79.4
0.765
82.3
0.763
79.8
0.774
72.8
0.877
81.7
0.720
71.3
0.810
66.1
1.27
66.7
1.04
71.0
0.769
75.1
0.845
79.5
0.797
63.6
0.813
65.0
0.867
69.4
0.828
70.3
0.820
73.6
0.827
73.5
0.698
72.6
0.863
91.1
0.882
73.3
0.815
83.3
0.821
85.9
0.989
75.9
0.737
71.8
0.772
73.9
