0.854
53.9
0.826
54.0
0.692
50.4
0.765
48.2
0.806
50.8
0.853
58.3
0.760
49.3
0.735
62.4
0.784
53.4
0.729
53.4
0.756
53.5
0.709
57.4
0.774
51.5
0.835
54.0
0.840
51.8
0.744
57.1
0.752
55.0
0.786
52.5
0.910
50.7
0.793
55.6
0.750
55.9
0.691
56.0
0.971
57.8
0.719
57.2
0.732
57.0
0.667
54.1
0.810
47.6
0.785
58.4
0.736
52.2
0.749
54.6
0.773
*
0.806
53.0
0.748
62.4
0.783
49.8
0.834
57.8
0.836
53.0
0.785
61.7
0.787
53.6
0.771
50.0
0.732
*
0.812
58.5
0.779
53.6
0.763
54.4
0.795
52.7
0.740
52.8
0.721
56.7
0.773
56.2
0.791
59.0
0.806
52.0
0.789
57.5
0.758
62.6
0.777
48.0
0.972
48.3
0.737
55.6
0.760
63.5
0.762
50.1
0.782
48.9
0.762
55.0
0.816
53.9
0.804
52.4
0.809
56.0
0.803
53.1
0.874
51.3
0.792
54.0
0.788
58.6
0.777
58.5
0.750
49.7
0.738
55.1
0.792
48.0
0.878
57.3
0.749
55.5
0.862
49.1
0.799
57.9
0.943
47.7
0.776
55.3
