154
95.5
97.4
105
139
113
105
105
137
103
106
99.9
96.8
93.1
98.5
91.9
104
90.3
104
94.2
106
110
143
93.6
141
94.8
137
*
110
103
114
94.1
106
141
140
137
100
99.9
140
103
94.5
135
132
114
134
144
108
108
95.7
96.2
107
101
95.6
110
94.1
98.7
108
94.9
106
96.2
105
106
105
95.7
121
146
104
138
107
89.9
105
111
96.2
141
108
97.1
108
94.8
105
103
107
107
99.0
106
88.9
114
95.3
95.7
106
*
106
93.4
98.5
114
141
92.8
114
113
110
103
95.5
103
96.1
116
123
93.8
113
95.5
103
135
104
99.2
96.8
109
*
130
95.8
98.5
*
113
135
101
104
139
98.3
108
97.8
138
110
135
92.1
136
94.1
107
96.3
137
141
105
121
115
135
117
94.7
99.8
