76.5
84.5
59.5
70.8
60.2
75.9
58.7
54.6
72.2
59.6
70.7
61.6
65.0
72.3
61.7
72.2
69.6
60.1
60.4
60.9
59.4
60.4
49.3
55.1
54.1
61.4
59.1
*
70.0
56.2
60.2
75.0
72.5
66.0
68.9
59.0
58.5
55.0
53.9
60.4
69.3
69.7
75.9
64.6
60.4
69.3
75.0
63.1
66.3
69.8
69.6
63.2
59.1
66.1
61.6
70.9
61.5
63.4
58.5
61.4
63.6
70.4
56.0
60.3
72.0
56.0
70.3
61.7
70.2
74.1
71.2
69.8
75.4
65.3
58.4
70.3
71.0
64.0
58.4
80.3
50.6
51.1
52.2
58.3
62.7
64.4
73.3
60.2
57.5
71.5
55.4
71.2
58.8
72.0
72.6
65.8
69.7
63.5
57.4
57.4
72.9
62.5
57.6
55.4
55.4
91.9
61.5
69.0
64.7
66.9
72.9
60.8
75.7
60.6
*
62.3
60.3
60.0
74.5
60.5
78.9
66.7
55.7
71.6
79.9
61.6
61.5
55.8
69.8
57.9
60.5
68.9
66.5
61.7
72.3
65.3
59.5
62.4
61.9
64.8
73.2
72.2
53.5
59.5
