91.7
114
58.0
54.6
56.0
84.0
56.6
78.9
80.2
79.1
76.5
57.9
58.3
71.2
51.7
60.2
77.4
61.4
70.2
61.1
59.1
53.4
53.1
62.3
57.9
83.6
78.8
*
58.5
52.2
55.8
57.6
78.2
55.9
74.2
55.6
54.4
55.9
64.1
65.2
54.7
78.3
77.5
*
82.5
70.4
75.5
53.8
86.3
54.0
78.2
54.0
64.5
65.8
61.2
57.6
59.7
67.1
56.9
53.6
60.6
53.5
54.5
56.4
79.0
55.5
60.5
55.5
57.4
60.5
57.3
57.7
63.9
83.5
58.0
51.4
89.8
63.0
77.6
54.4
51.1
54.3
127
124
95.1
94.4
81.5
71.5
61.2
103
104
67.5
68.2
101
78.4
56.8
103
64.2
102
77.9
59.9
51.8
72.7
64.5
104
65.3
55.7
99.9
55.1
59.1
53.2
61.8
61.7
97.8
*
59.9
52.6
96.8
*
*
56.2
56.2
62.1
104
60.0
97.8
57.1
56.4
64.8
57.6
60.9
105
58.2
50.9
90.9
61.3
59.3
55.5
57.7
65.6
63.2
52.9
65.7
55.5
