115
101
100
83.3
94.1
96.9
96.4
164
83.1
156
78.3
115
83.7
90.1
111
82.4
163
166
88.3
79.4
91.0
96.1
82.7
83.6
101
91.2
104
86.8
165
92.0
159
109
80.4
98.4
81.5
84.7
77.1
83.7
77.0
80.1
93.8
112
76.5
75.9
162
103
85.9
81.1
158
85.0
86.7
89.9
84.0
92.9
82.2
99.3
79.6
81.5
111
192
94.0
80.4
84.8
81.4
77.8
90.7
80.3
85.1
97.4
87.6
98.2
84.1
82.0
91.4
95.1
102
92.4
80.8
81.1
108
98.6
106
91.7
81.4
81.6
88.6
95.8
111
83.5
157
75.6
79.1
76.5
89.9
94.2
129
97.7
82.2
164
83.9
81.7
156
81.5
95.2
102
81.4
75.7
108
99.3
84.9
83.0
84.0
81.2
80.9
*
84.7
77.6
79.5
77.6
164
105
76.6
74.4
90.4
106
86.6
80.5
82.1
76.5
82.3
85.2
95.7
158
80.1
93.0
79.2
80.8
90.8
79.4
81.5
86.9
83.7
80.6
94.5
