186
147
116
129
130
115
129
109
106
109
152
136
112
108
*
112
124
110
116
126
108
112
133
123
113
106
109
*
124
106
126
112
124
130
112
127
109
105
132
115
103
112
109
110
*
106
132
113
153
109
126
110
107
125
138
111
112
130
116
109
125
112
102
120
123
123
114
137
111
112
131
118
106
110
119
128
129
116
137
113
109
132
139
148
125
118
112
114
109
*
130
107
114
132
146
118
133
110
134
109
119
112
117
123
135
116
118
109
106
116
126
110
117
113
*
108
107
146
*
122
109
131
123
136
114
107
117
124
107
127
134
128
110
117
117
113
108
121
112
113
110
133
119
106
