136
125
117
120
115
115
121
120
119
115
118
116
122
123
116
114
115
116
124
117
133
122
115
118
121
123
120
*
119
117
120
127
117
131
128
121
112
116
118
116
118
115
118
121
134
119
119
120
122
122
121
123
110
111
113
118
117
115
122
115
117
112
113
113
114
121
118
113
117
117
121
118
120
127
121
115
118
116
133
121
118
121
118
116
120
125
116
121
115
118
118
123
114
116
124
118
118
117
123
123
115
120
119
123
122
115
124
119
117
129
111
114
121
119
*
120
118
117
122
131
117
112
117
120
117
125
120
124
117
116
113
116
121
121
113
120
122
116
129
119
109
114
122
115
