106
72.1
72.0
69.8
67.7
74.8
71.9
*
71.3
75.3
68.7
70.3
62.6
66.0
78.8
79.0
69.2
62.8
63.9
81.6
61.0
72.3
68.6
73.7
61.7
74.3
75.1
*
75.8
84.8
63.3
68.5
79.6
60.1
74.5
68.0
61.1
69.8
71.2
75.9
71.5
68.9
69.5
77.0
70.9
78.3
69.1
64.6
61.0
74.1
67.7
64.4
64.9
71.0
72.6
75.9
68.1
67.9
67.3
67.2
66.8
*
75.4
80.5
66.2
85.8
75.8
96.0
80.7
84.0
67.4
73.6
72.5
68.9
65.6
76.9
67.7
62.6
61.1
71.2
66.1
73.2
84.0
63.3
70.2
64.8
66.5
73.5
84.2
*
64.0
67.5
69.2
65.6
60.8
65.8
60.8
62.4
*
69.4
60.9
65.2
75.9
67.6
64.7
66.4
73.0
66.2
73.6
71.0
68.9
70.9
64.8
80.0
*
*
134
121
*
103
106
83.7
72.0
141
73.2
147
88.9
84.2
81.6
83.6
68.9
132
65.3
71.5
66.3
65.0
93.9
66.9
66.2
70.4
89.6
126
80.6
64.8
