0.866
144
0.789
80.7
0.802
70.1
0.817
156
0.760
56.9
0.755
*
0.770
55.0
0.712
182
0.715
54.6
0.769
151
0.812
60.3
0.757
71.3
0.743
57.0
0.981
67.0
0.859
145
0.696
68.6
0.844
62.9
0.799
66.4
0.775
153
0.776
144
0.687
62.2
0.817
165
0.782
147
0.852
143
0.798
*
0.786
52.3
1.14
73.1
0.972
63.9
0.769
118
0.759
154
0.764
65.9
0.828
143
0.770
62.4
0.935
158
0.813
74.7
0.806
63.7
0.779
61.4
0.885
144
0.752
56.7
0.730
*
1.00
86.3
0.811
53.3
0.772
85.4
0.714
158
0.750
61.3
0.750
66.9
0.737
163
0.853
147
0.745
58.1
0.690
148
0.784
58.2
0.694
59.2
0.742
159
0.747
93.6
0.923
81.5
0.701
149
0.794
59.4
0.850
141
0.742
146
0.789
144
0.797
55.0
0.919
88.0
0.741
146
0.773
148
0.790
106
0.820
152
0.745
74.9
0.700
158
0.806
57.2
0.840
155
0.805
55.6
0.733
59.9
0.769
71.8
0.839
147
0.707
161
