0.925
44.1
0.837
49.2
0.832
54.2
0.904
52.7
0.875
45.7
0.838
61.4
0.823
69.3
0.789
46.4
0.769
63.4
0.816
45.7
0.908
45.9
0.773
48.1
0.760
64.2
0.822
44.6
0.824
50.0
0.780
48.4
0.865
81.8
0.800
62.4
0.832
47.4
0.848
44.3
0.869
55.9
0.757
61.6
0.891
50.4
0.817
47.1
0.817
83.4
0.814
66.1
0.832
66.1
0.794
47.0
0.762
61.1
0.839
70.8
0.888
63.9
0.910
47.8
0.897
48.7
0.854
*
0.825
60.7
0.810
53.4
0.921
48.1
0.902
42.8
0.967
47.9
0.725
69.5
0.779
46.1
0.810
44.8
0.813
48.1
0.786
56.0
0.803
46.4
0.802
49.2
0.798
53.1
0.771
50.2
0.852
68.2
0.819
48.9
0.803
65.8
0.748
64.2
0.784
44.3
0.769
50.0
0.773
53.2
0.814
47.4
0.854
47.7
0.784
45.9
0.865
72.2
0.852
52.9
0.851
65.5
0.775
44.8
0.800
53.1
0.747
61.5
0.979
44.2
0.911
42.6
0.810
52.8
0.802
42.0
0.837
42.3
0.836
51.9
0.790
43.0
0.770
66.5
0.839
50.5
0.837
61.0
0.849
48.9
