0.956
44.5
0.832
52.9
0.919
59.9
0.781
48.0
0.800
53.2
0.861
50.1
0.710
48.5
0.842
47.1
0.735
52.4
0.741
181
0.763
51.4
0.725
53.2
0.754
51.5
0.846
60.1
0.797
49.9
0.777
54.8
0.934
50.7
0.772
58.5
0.730
55.3
0.776
47.6
0.829
51.4
0.738
47.5
0.826
50.6
0.762
58.0
0.781
47.1
0.824
60.5
0.746
52.0
0.711
50.6
0.765
55.4
0.825
60.9
0.835
*
0.870
51.4
0.802
52.1
0.891
47.0
0.818
52.1
0.812
57.2
0.797
51.5
0.800
50.3
0.816
52.4
0.960
*
0.858
55.5
0.790
44.2
0.734
57.4
0.725
48.8
0.770
61.2
0.812
55.7
0.818
45.5
1.02
52.3
0.801
188
0.844
47.3
0.874
63.6
0.738
55.5
0.842
65.9
0.754
48.5
0.850
52.4
0.923
182
0.760
51.9
0.801
55.7
0.788
49.2
0.817
52.8
0.849
69.9
0.887
52.2
0.779
55.5
0.797
47.8
0.801
52.0
0.786
54.9
0.764
55.5
0.966
46.5
0.844
176
0.826
55.4
0.846
54.3
0.778
79.2
0.800
77.1
0.805
52.0
0.737
54.3
