0.997
102
0.762
96.4
0.807
96.5
0.781
95.1
0.807
86.9
0.733
103
0.799
87.8
0.870
98.7
0.780
82.3
0.826
99.4
0.792
104
0.749
101
0.751
102
0.815
103
0.846
100
0.723
93.8
0.908
101
0.766
93.2
0.806
96.0
0.773
104
0.826
99.4
0.777
92.7
0.832
95.3
0.848
104
0.717
93.5
0.750
85.4
0.792
83.9
0.701
94.6
0.701
98.8
0.804
95.6
0.817
98.2
0.799
97.9
0.773
103
0.842
*
0.823
100
0.799
106
0.765
99.8
0.957
104
0.737
97.1
0.752
99.4
0.828
99.4
0.755
98.6
0.848
93.2
0.800
110
0.780
97.9
0.762
104
0.723
102
0.709
97.0
0.789
98.2
0.803
99.3
0.799
95.2
0.735
81.6
0.823
93.9
0.790
99.9
0.784
99.2
0.708
112
0.775
99.5
0.767
99.1
0.825
99.7
0.745
97.9
0.788
99.2
0.758
97.6
0.828
103
0.857
94.1
0.963
104
0.867
98.2
0.838
86.2
0.827
92.8
0.785
95.3
0.848
101
0.827
100
0.943
87.9
0.827
99.9
0.828
97.6
0.812
93.3
