0.836
51.6
0.818
63.7
0.747
52.3
0.838
56.0
0.790
50.9
0.985
55.8
0.870
67.3
0.718
52.7
0.966
65.4
0.680
64.7
0.799
68.9
0.776
54.5
0.720
64.7
0.843
50.6
0.803
65.2
0.691
51.4
1.03
52.8
0.926
51.2
0.783
83.2
0.760
69.3
0.737
71.6
0.735
52.5
0.827
64.6
0.754
83.2
0.767
*
0.809
62.8
0.649
66.7
0.782
81.4
0.766
48.6
0.754
70.2
0.829
63.4
0.804
60.3
0.893
50.5
0.776
73.8
0.776
79.1
0.721
53.7
0.784
68.6
0.792
54.0
0.733
51.9
0.742
*
0.717
75.5
0.780
66.4
0.844
50.6
0.915
70.2
0.850
51.2
0.744
51.1
0.768
49.9
0.930
56.8
0.822
51.3
0.957
51.4
0.710
77.1
0.712
73.4
0.772
55.2
0.727
50.2
0.774
49.9
0.757
69.0
0.764
51.2
0.796
55.9
0.860
50.4
0.780
60.9
0.803
65.6
0.739
54.1
0.798
72.9
0.774
66.4
0.791
48.9
0.758
52.3
0.768
64.2
0.751
50.9
0.778
53.5
0.855
55.4
0.803
50.7
0.747
67.0
0.917
72.1
0.842
72.0
0.789
76.6
