136
105
94.5
89.8
98.5
94.9
107
83.0
93.0
97.4
102
93.2
111
84.7
83.2
86.5
86.9
97.2
98.7
105
95.9
102
117
83.3
93.6
89.8
95.9
*
87.7
84.7
88.2
95.6
91.5
105
94.8
101
84.1
86.4
98.8
95.7
92.6
92.5
95.6
100
108
99.7
98.0
89.6
92.3
105
90.1
97.0
88.4
87.4
95.5
93.7
106
93.4
87.5
101
97.5
85.7
98.8
89.6
84.7
101
90.7
91.2
81.5
95.9
87.1
103
86.6
93.1
84.5
93.0
92.7
92.1
95.2
91.7
83.3
96.5
83.9
97.1
84.9
89.1
85.6
90.0
87.8
*
83.1
84.4
90.0
84.1
82.0
96.1
96.8
101
83.2
89.0
92.0
88.5
104
96.6
97.8
93.4
103
85.9
91.2
92.9
101
101
93.6
95.6
*
82.3
95.4
97.0
86.6
83.1
92.4
91.1
93.8
103
102
95.9
88.8
95.6
87.7
98.2
92.9
90.4
96.2
107
84.3
91.6
82.4
89.4
102
90.9
82.0
103
106
84.9
