166
159
79.4
58.3
76.4
53.1
75.0
75.9
72.6
69.5
79.7
68.2
73.8
61.4
80.8
50.9
80.8
79.1
63.1
67.9
71.3
61.1
122
62.0
74.9
57.2
54.5
82.4
60.5
72.0
57.2
81.1
79.4
54.6
*
52.0
87.6
61.4
81.1
73.2
75.3
57.7
53.5
60.8
62.9
57.8
54.3
59.2
78.1
59.1
54.9
74.1
61.2
60.1
59.3
57.9
76.8
74.7
55.1
50.9
77.0
65.3
75.9
59.1
77.8
70.9
78.2
74.2
89.7
57.7
58.9
74.3
72.8
77.9
60.9
78.3
81.2
75.4
77.1
59.8
56.5
79.2
56.3
54.5
62.8
81.2
56.1
89.5
80.7
57.9
57.4
58.2
51.0
60.8
80.2
62.1
75.7
56.0
75.5
73.8
61.1
63.8
