110
161
123
131
80.0
77.9
132
120
72.5
123
74.4
119
70.4
71.1
85.6
85.5
74.0
71.4
72.5
*
75.7
121
123
126
71.2
122
73.7
*
120
81.5
122
74.6
76.4
117
70.8
124
78.4
78.5
122
121
68.3
71.6
74.8
127
69.7
84.0
70.0
75.0
121
91.5
127
130
74.0
79.4
125
80.7
120
121
78.2
122
118
80.8
70.7
75.9
74.7
118
72.6
69.3
139
75.5
125
121
70.3
127
78.2
76.7
121
73.9
128
76.3
76.3
122
67.5
121
84.7
72.7
75.1
70.6
79.1
125
131
122
89.0
121
120
95.8
123
71.0
120
70.2
79.9
67.5
86.9
120
126
87.1
121
74.0
121
72.1
68.7
123
78.9
123
*
70.3
80.1
121
123
121
76.1
79.8
98.2
123
70.0
120
70.2
132
123
117
126
126
124
125
75.0
75.5
70.8
127
129
133
74.4
121
71.8
77.3
