0.935
70.8
0.832
95.9
0.887
105
0.914
68.2
1.06
97.3
0.910
91.9
0.822
94.4
0.865
97.3
1.05
109
0.829
97.0
0.910
81.4
0.899
94.7
0.783
92.5
1.01
75.6
0.924
80.4
0.862
93.4
0.951
77.4
0.878
94.1
0.857
69.1
0.963
101
0.985
70.7
0.767
99.7
0.975
69.7
0.959
71.2
0.880
94.0
0.758
94.6
0.875
97.1
0.762
72.1
0.786
93.9
0.863
88.5
0.783
93.0
0.882
76.5
1.01
92.9
0.907
*
0.852
75.5
0.937
70.6
0.997
88.2
0.940
69.9
0.870
92.8
0.831
103
0.831
71.7
0.930
67.9
0.813
83.9
0.824
76.3
1.02
94.3
0.811
78.6
0.772
66.4
0.911
99.1
0.802
76.0
0.856
71.2
0.885
100.0
0.804
96.0
0.860
103
0.811
69.4
0.844
96.5
0.777
74.9
0.786
71.1
0.983
84.3
0.778
105
0.746
97.2
0.850
94.3
0.781
82.3
0.797
75.1
0.936
72.3
0.799
96.4
0.838
72.6
0.782
66.9
0.823
69.4
0.892
68.5
0.924
76.8
0.818
94.8
0.775
92.5
0.911
76.3
1.04
73.6
0.831
88.9
