99.2
218
169
168
171
173
168
163
66.0
179
83.1
170
62.8
57.1
172
52.8
173
169
66.5
165
164
172
171
175
166
180
60.8
*
80.5
171
174
171
77.4
167
53.8
175
173
58.2
175
174
66.3
162
66.1
164
53.6
59.8
58.1
53.3
175
172
59.0
166
167
67.4
168
174
166
169
64.1
170
175
172
57.4
173
76.3
172
172
66.9
167
53.6
53.5
161
53.8
56.5
82.2
169
57.4
57.4
58.0
53.6
77.8
62.7
54.9
59.6
182
53.8
59.0
56.7
170
171
168
163
171
60.2
57.3
59.1
71.6
64.1
171
169
63.0
173
68.6
53.5
52.6
174
173
54.3
171
60.1
176
172
176
176
*
58.1
55.7
171
52.9
178
58.9
174
53.0
55.6
53.9
170
53.2
172
79.2
172
167
77.2
172
173
60.8
70.3
64.4
173
177
175
57.5
56.7
57.1
174
