112
111
56.6
79.7
58.9
58.9
80.2
78.2
84.0
56.0
78.7
85.9
60.5
58.3
54.6
61.0
75.8
67.2
51.0
74.6
70.9
75.1
75.6
*
57.7
*
124
*
92.1
82.3
84.7
105
95.5
89.6
78.8
83.7
78.9
81.5
77.7
73.4
56.9
78.6
71.4
60.1
67.2
59.8
74.0
74.5
71.4
76.5
72.5
58.6
73.7
54.6
72.4
89.2
73.3
67.4
55.6
66.2
70.7
78.6
56.5
53.0
85.2
73.3
70.1
86.7
76.4
58.0
72.4
92.8
61.7
71.3
57.5
80.7
67.6
63.9
77.6
56.4
65.9
74.9
65.9
78.2
70.4
55.7
57.2
59.2
76.8
72.0
81.5
68.3
63.5
80.7
78.8
72.6
61.0
54.2
72.0
74.1
58.3
56.0
59.9
74.7
82.8
81.4
66.7
60.6
61.4
63.6
71.1
78.1
58.9
56.0
*
73.9
58.6
70.2
77.4
59.7
59.4
76.4
76.5
73.3
66.7
57.1
61.1
78.9
71.3
73.6
69.5
71.2
78.3
57.8
59.2
81.5
70.4
64.3
76.8
78.4
56.1
69.8
66.2
74.3
