0.827
58.5
0.809
107
0.838
66.7
0.864
56.9
0.863
55.7
0.863
91.1
0.869
57.0
0.851
132
0.793
60.1
0.755
60.6
0.779
119
0.787
74.1
0.782
55.2
0.852
66.8
0.796
106
0.771
65.1
0.897
87.6
0.781
59.9
0.833
52.3
0.772
59.6
0.766
55.3
0.715
67.0
0.788
51.5
0.856
55.2
0.792
58.7
0.781
56.4
0.799
65.4
0.801
67.9
0.733
59.2
0.869
52.6
0.804
74.7
0.856
66.0
0.824
82.4
0.807
60.9
0.755
77.6
0.826
79.9
0.860
76.4
0.861
57.0
0.803
122
0.787
*
0.815
114
0.778
64.0
0.717
110
0.787
51.8
0.747
67.0
0.738
58.6
0.695
68.2
0.680
73.5
0.802
59.8
0.778
54.9
0.744
60.2
0.753
56.2
0.810
59.7
0.774
113
0.805
65.8
0.741
105
0.817
103
0.842
57.1
0.881
59.6
0.841
57.9
0.874
58.2
0.776
59.0
0.848
84.1
0.853
56.0
0.857
59.2
0.830
70.6
0.871
55.2
0.769
62.4
0.806
56.0
0.737
56.1
0.862
57.8
0.822
58.4
0.831
83.9
0.855
54.5
0.850
56.5
