176
110
70.5
72.4
68.3
77.6
72.6
64.1
76.5
71.2
62.9
63.3
70.9
75.4
73.3
67.4
68.1
64.5
74.5
69.5
73.2
65.5
75.7
70.5
72.4
71.9
80.2
*
72.2
83.5
70.5
74.1
65.1
76.9
73.3
80.2
74.6
73.3
72.9
168
65.8
84.2
79.1
71.7
74.8
74.2
68.2
78.4
61.3
80.7
75.9
67.1
74.3
65.0
66.2
77.6
71.0
74.5
73.1
71.8
64.5
70.1
62.1
71.4
70.7
72.5
73.1
72.7
70.7
71.6
70.4
75.0
76.2
68.4
75.4
76.1
70.4
74.2
73.8
73.3
87.1
67.4
83.8
71.6
76.9
83.3
73.3
69.4
81.2
70.1
73.1
80.4
72.8
79.0
72.7
78.7
72.9
74.5
73.5
72.1
64.1
142
68.1
74.7
64.1
70.4
72.3
75.4
70.6
75.2
83.0
73.4
63.9
76.6
*
74.7
67.7
80.3
70.9
78.6
61.2
67.8
64.2
68.6
65.1
71.1
86.2
72.7
70.7
74.1
68.6
67.9
64.5
74.1
63.0
74.3
75.0
72.8
78.5
76.7
70.8
71.3
67.7
71.4
