0.893
65.7
0.777
67.5
0.761
108
0.818
64.5
0.851
109
0.860
71.0
0.936
64.4
0.825
86.4
0.756
104
0.817
66.9
0.735
63.5
0.770
68.7
0.937
108
0.788
67.9
0.780
108
0.703
65.7
0.789
73.6
0.878
71.6
0.781
85.5
0.765
68.7
0.759
68.1
0.790
81.0
0.790
66.5
0.844
71.7
0.698
73.3
0.703
108
0.775
99.0
0.735
80.3
0.741
107
0.796
102
0.780
102
0.817
72.6
0.787
70.3
0.763
73.3
0.871
82.0
0.921
67.1
0.826
68.6
0.978
67.4
0.829
67.2
0.721
*
0.771
103
0.818
109
0.792
68.1
0.779
72.5
0.729
72.1
0.748
77.0
0.761
70.0
0.713
73.5
0.812
78.8
0.764
69.2
1.02
106
0.808
105
0.842
106
0.751
67.2
0.811
72.7
0.771
64.8
0.768
80.5
0.797
65.9
0.805
74.2
0.798
73.6
0.909
103
0.811
66.4
0.833
94.4
0.861
73.8
0.838
71.0
1.04
106
0.843
106
0.692
73.4
0.783
66.4
0.786
74.6
0.798
106
0.725
99.4
0.794
61.8
0.907
102
0.734
71.9
