1.01
72.8
0.924
70.2
0.817
63.1
0.919
65.3
0.819
69.2
0.857
72.4
0.869
63.7
0.802
64.1
0.752
65.8
0.740
69.0
0.793
65.5
1.02
68.2
0.786
65.3
0.898
65.3
0.895
71.5
0.819
69.7
0.792
88.2
0.837
66.6
0.816
69.1
0.729
67.6
0.790
69.2
0.780
66.1
0.895
75.3
0.914
68.0
0.795
73.7
0.781
63.0
0.885
61.0
0.698
69.1
0.755
74.5
0.893
61.2
0.838
*
0.769
73.8
0.846
71.1
0.852
70.6
0.880
67.0
0.858
67.4
0.836
59.7
0.850
67.2
0.836
63.8
0.725
*
0.924
75.0
0.778
66.8
0.746
74.5
0.732
63.3
0.765
69.4
0.775
61.2
0.821
69.9
0.816
65.9
0.780
79.0
0.724
66.5
0.795
62.9
0.764
60.6
0.840
67.4
0.788
61.0
0.850
73.9
0.717
72.3
0.847
65.4
0.832
64.0
0.904
69.2
0.866
70.1
0.937
66.6
0.734
69.9
0.868
68.8
0.852
72.4
0.864
72.5
0.911
79.2
0.792
73.0
0.788
66.4
0.791
67.9
0.846
68.6
0.839
64.8
0.840
59.5
0.837
71.2
0.749
74.8
0.757
70.9
