148
100
67.7
62.3
54.5
53.6
53.9
59.7
56.5
54.5
58.5
58.0
59.8
52.9
56.3
58.4
53.4
57.4
53.5
58.5
53.2
53.7
52.1
59.8
48.9
53.3
53.6
57.3
56.1
50.6
61.1
51.9
53.6
50.2
53.5
57.0
52.4
60.5
50.6
65.2
54.3
58.8
52.6
59.7
51.9
54.3
56.4
58.5
61.0
52.9
63.4
58.3
53.3
80.9
53.1
53.8
59.9
55.1
51.0
57.7
55.5
64.1
56.6
49.4
59.5
58.6
56.4
52.9
65.5
53.1
56.6
51.4
56.3
63.2
61.8
58.0
62.3
53.6
55.4
49.7
53.7
62.2
59.3
60.5
65.9
57.2
58.9
55.4
54.9
56.7
62.0
56.7
52.6
61.5
63.1
56.5
59.0
50.0
51.4
53.4
53.8
59.6
58.4
59.0
58.4
77.0
65.1
54.3
59.8
61.4
50.4
53.2
55.7
54.7
*
68.9
58.8
56.0
56.5
54.4
59.3
53.2
60.3
60.3
55.2
55.1
54.8
54.2
54.8
63.1
54.5
57.3
49.9
63.9
69.2
60.1
82.0
54.7
55.2
63.9
58.1
66.6
53.2
62.3
