65.6
125
65.9
67.6
63.5
63.2
63.8
65.3
66.2
85.8
65.1
92.9
63.1
64.2
63.5
68.8
69.3
63.9
75.3
68.8
67.0
84.4
64.5
63.7
68.7
65.9
66.5
63.8
65.9
63.5
62.5
70.2
98.4
65.8
69.7
64.2
68.3
67.2
66.5
63.1
78.6
66.9
63.8
60.3
56.4
69.5
60.1
66.4
67.4
64.2
65.2
66.7
77.1
63.6
63.9
58.9
65.3
66.0
60.3
68.2
60.7
64.6
77.4
57.7
60.5
66.8
59.7
66.7
67.5
69.3
65.9
70.5
65.6
70.4
60.6
70.3
60.6
82.1
65.9
76.4
60.4
65.5
68.6
65.5
71.6
75.1
70.9
70.0
71.7
61.8
65.1
57.1
70.2
61.4
67.3
58.3
61.9
64.0
64.5
64.2
71.0
60.4
