0.886
58.8
0.745
62.7
0.747
66.3
0.826
56.6
0.843
59.5
0.846
63.2
0.711
75.1
0.794
63.1
0.832
62.5
0.775
60.1
0.777
53.0
0.760
51.1
0.798
57.7
0.868
62.3
0.828
51.2
0.786
48.7
0.773
59.1
0.816
56.3
0.778
59.9
0.798
56.9
0.727
56.4
0.749
59.6
0.837
63.3
0.881
51.4
0.755
48.6
0.776
65.2
0.778
60.4
0.703
57.5
0.808
58.8
0.769
61.3
0.768
61.3
0.784
62.4
0.829
54.4
0.846
*
0.871
52.9
0.849
51.0
0.826
49.7
0.827
60.7
0.759
49.6
0.767
*
0.822
54.4
0.783
58.3
0.827
59.8
0.740
56.8
0.684
52.6
0.819
62.0
0.778
60.6
0.859
53.8
0.826
62.9
0.869
51.0
0.836
61.4
0.767
65.2
0.836
50.7
0.768
57.2
0.888
55.5
0.715
63.3
0.939
57.9
0.874
56.2
0.810
60.3
0.796
65.3
0.818
56.7
0.786
53.0
0.746
66.4
0.786
67.7
0.753
49.0
0.831
55.1
0.800
50.9
0.782
53.0
0.801
52.1
0.763
65.0
0.838
75.8
0.778
57.4
0.805
58.2
0.793
64.9
0.715
67.6
