115
99.2
88.1
88.7
85.2
113
87.2
*
66.1
97.5
87.9
88.0
66.1
80.3
69.3
64.6
62.6
63.3
60.1
84.6
63.9
92.9
89.3
97.9
93.0
116
65.0
*
67.3
81.7
111
74.4
90.0
86.7
63.0
83.8
67.9
70.8
84.1
73.8
77.1
84.8
62.0
65.2
68.4
92.3
92.7
69.6
84.6
73.3
93.8
86.1
66.9
66.4
67.7
64.3
94.5
66.9
93.0
76.0
83.0
88.2
86.2
69.0
99.6
90.8
69.6
103
87.3
72.7
86.9
87.4
74.5
106
86.6
70.1
86.6
69.6
105
61.8
86.4
85.3
70.0
81.3
61.5
64.8
66.7
64.8
71.0
*
121
63.7
63.6
82.5
102
97.8
84.9
75.1
*
77.1
60.9
117
62.8
93.0
88.0
65.8
60.5
61.0
89.7
65.6
78.3
75.2
60.3
68.1
*
89.7
73.0
64.0
83.6
96.0
89.0
66.6
86.1
94.5
84.4
73.3
72.6
86.3
62.8
86.2
66.6
92.7
87.9
76.0
60.2
95.1
83.6
90.9
83.9
68.7
74.4
90.8
88.8
79.0
