0.960
60.8
0.867
61.0
0.893
59.5
0.805
54.3
0.932
64.9
0.873
60.7
0.869
61.6
0.815
57.4
1.06
68.1
0.849
65.3
0.911
61.6
0.833
59.4
0.815
57.7
0.855
64.3
0.914
65.5
0.698
58.6
0.892
62.3
0.780
64.0
0.856
69.1
0.788
57.7
0.758
58.8
0.749
61.4
0.795
65.7
0.824
67.4
0.775
66.8
0.748
55.4
0.777
59.4
0.765
61.6
0.725
64.0
0.829
62.4
0.820
58.0
0.789
78.7
0.794
55.7
0.843
61.3
0.810
64.3
0.878
69.6
0.719
60.1
0.865
54.8
0.744
60.9
0.730
*
0.806
56.7
0.966
67.3
0.913
61.7
0.776
59.9
0.777
69.3
0.788
62.2
0.820
62.7
0.747
71.3
0.793
64.3
0.835
57.6
0.816
56.5
0.809
54.6
0.794
66.7
0.771
60.0
0.740
64.8
0.810
67.3
0.762
61.7
0.842
54.0
0.794
69.9
0.820
62.6
0.786
60.9
0.800
63.2
0.799
64.7
0.812
63.3
0.805
56.7
0.778
61.7
0.899
72.8
0.735
66.7
0.865
58.7
0.790
73.8
0.798
61.6
0.817
58.2
0.853
54.8
1.03
60.7
0.840
68.4
