0.856
71.1
0.791
79.3
0.731
75.9
0.828
78.8
0.736
74.4
0.729
78.8
0.745
74.4
0.783
68.9
0.723
76.5
0.675
80.5
0.780
69.4
0.741
68.3
0.680
77.8
0.760
70.0
0.848
69.1
0.735
70.0
0.728
*
0.766
70.6
0.739
75.2
0.765
68.2
0.790
66.2
0.716
78.2
0.767
73.3
0.844
66.2
0.708
79.6
0.721
75.4
0.730
73.8
0.747
74.7
0.915
78.8
0.770
74.6
0.728
70.9
0.763
79.9
0.751
70.5
0.785
78.7
0.784
85.9
0.739
77.2
0.856
75.8
0.827
72.6
0.819
78.5
0.743
*
0.778
69.1
0.812
74.0
0.768
74.4
0.764
83.9
0.827
79.5
0.752
77.2
0.802
73.4
0.733
74.9
1.03
71.3
0.800
79.5
0.791
75.8
0.757
76.6
0.784
66.4
0.727
86.1
0.781
68.4
0.742
74.5
0.902
71.7
0.805
70.6
0.797
96.2
0.750
71.7
0.868
70.8
0.753
86.5
0.703
99.6
0.830
69.6
0.825
75.5
0.744
73.2
0.885
74.5
0.732
72.7
0.784
77.1
0.744
76.2
0.742
69.9
0.717
71.9
0.717
84.5
0.792
72.1
0.726
71.3
