0.903
84.7
0.832
73.0
0.890
59.1
0.914
65.8
0.873
62.9
0.814
62.4
0.907
60.8
0.811
61.0
0.849
55.4
0.864
74.3
0.873
73.8
0.711
61.6
0.724
65.2
0.775
67.9
0.801
66.6
0.759
65.0
0.797
55.3
0.865
72.6
0.765
75.0
0.805
67.2
0.791
65.1
0.694
55.6
0.756
70.1
0.880
68.6
0.782
59.1
0.720
66.9
0.748
58.7
0.767
64.0
0.747
62.5
0.768
59.7
0.944
*
0.802
71.4
0.757
69.9
0.796
67.1
0.794
65.7
0.821
65.7
0.757
78.9
0.788
69.3
0.821
65.3
0.713
*
0.775
61.4
0.757
63.5
0.739
72.5
0.877
59.2
0.753
56.5
0.743
61.6
0.783
65.4
0.703
62.7
0.777
80.7
0.875
60.8
0.797
59.2
0.763
71.1
0.757
103
0.743
73.3
0.889
74.5
0.820
67.5
0.835
70.8
0.844
61.9
0.783
62.1
0.747
69.3
0.910
60.6
0.769
58.5
0.785
71.9
0.800
69.8
0.845
65.9
0.809
55.2
0.777
71.3
0.777
60.0
0.869
65.6
0.846
71.7
0.830
75.7
0.844
59.6
0.832
66.7
0.820
67.4
0.755
65.3
