98.5
99.1
130
118
117
115
115
114
117
117
151
98.6
135
157
121
158
117
118
111
111
115
117
118
119
119
122
115
*
110
106
116
128
150
114
118
122
127
127
124
119
162
112
117
118
116
116
150
120
102
120
151
116
98.5
156
129
116
114
117
121
114
121
149
152
116
148
118
112
122
151
116
156
118
151
152
103
123
155
131
153
150
123
151
121
154
133
118
121
115
106
151
153
145
116
149
150
117
148
117
148
106
148
122
117
153
157
137
126
144
119
115
114
118
149
125
*
110
121
115
155
114
121
121
149
116
145
142
118
116
122
120
119
113
115
117
152
121
111
116
122
110
116
162
153
106
