132
113
113
131
122
112
104
114
99.4
120
99.7
121
96.4
111
118
104
100
114
104
115
111
127
98.6
99.5
124
118
92.5
*
119
136
103
94.8
139
97.8
100.0
110
96.3
116
99.9
116
111
112
105
119
120
114
101
127
136
127
95.6
118
124
119
97.7
103
124
107
108
108
117
125
126
101
121
111
105
94.6
122
121
118
125
98.4
106
112
109
111
128
99.2
108
108
105
115
99.1
93.1
101
123
124
116
101
124
133
105
97.0
102
106
96.2
117
113
119
107
116
112
123
99.7
102
119
97.7
128
101
112
97.0
103
113
*
116
124
*
115
121
115
108
120
100
111
118
121
119
136
113
93.4
103
112
115
104
104
120
103
109
118
121
95.3
126
118
