112
115
54.4
52.1
52.3
54.9
54.2
52.6
54.7
55.2
50.3
56.5
59.2
63.5
51.9
51.5
51.7
49.8
56.3
48.9
54.1
52.2
58.5
54.6
55.5
48.2
48.6
*
49.7
54.2
59.1
56.5
58.9
67.5
57.9
56.3
54.3
56.9
53.3
50.0
55.8
69.8
68.0
58.1
55.4
70.0
57.2
54.9
53.3
63.3
53.5
56.4
56.0
52.4
64.0
57.6
51.7
68.9
52.5
64.5
55.3
58.6
50.1
66.1
52.3
55.0
55.9
48.8
53.2
56.8
53.3
61.5
54.2
53.4
53.1
53.4
55.6
53.4
62.2
63.4
71.2
60.9
55.0
49.0
59.6
49.9
59.9
56.4
57.1
55.4
58.3
54.1
59.6
55.9
62.3
58.3
55.2
62.6
54.8
62.4
88.5
49.5
61.2
52.1
64.2
57.4
52.8
52.2
67.7
60.2
54.4
77.9
53.8
54.5
*
52.9
58.4
63.5
80.9
58.7
57.4
62.2
53.0
53.6
48.6
55.3
64.4
56.7
56.6
55.7
69.0
53.5
56.5
68.5
60.0
57.5
67.7
54.9
49.4
53.2
56.4
51.9
53.2
54.6
