116
116
63.7
76.9
67.6
63.9
62.5
*
64.5
66.9
70.9
*
77.2
63.0
71.2
157
62.9
*
65.0
75.8
69.4
68.2
76.2
73.0
71.1
*
*
*
158
67.0
*
92.5
63.8
*
*
81.9
110
58.9
*
64.6
63.7
73.4
*
61.7
77.0
72.7
62.4
71.5
98.8
62.0
60.1
64.9
77.5
70.8
104
80.2
64.5
74.3
67.1
69.8
73.1
68.7
66.4
69.7
64.7
65.0
63.0
64.9
72.7
69.3
60.9
76.1
65.2
65.7
67.6
68.4
71.4
80.6
65.9
62.6
63.6
78.2
69.6
70.3
74.1
*
64.3
71.5
64.9
73.0
59.3
83.0
109
68.4
82.3
77.6
70.3
79.1
*
66.9
128
*
*
104
90.0
70.6
70.4
60.1
60.3
74.4
73.2
104
66.0
68.3
*
78.4
78.2
109
68.7
*
78.3
151
68.6
63.2
67.7
83.0
*
*
72.0
*
65.4
73.8
66.2
74.6
71.2
88.1
74.0
64.5
*
62.6
77.5
64.3
69.4
76.5
