122
131
75.6
76.0
85.1
98.8
70.7
98.0
74.5
96.7
79.0
74.9
72.9
77.8
91.8
79.7
67.3
76.2
66.3
78.3
78.4
80.6
72.2
78.2
78.5
80.3
74.6
*
77.0
90.6
68.9
74.3
77.4
82.2
84.1
74.7
78.1
86.7
71.1
65.9
71.3
76.0
78.5
76.2
79.3
80.2
85.1
72.9
74.5
71.4
80.5
74.3
72.0
76.7
83.9
71.5
73.9
76.5
76.7
73.7
78.4
*
84.2
72.8
78.3
77.0
71.6
72.3
72.0
79.3
74.6
86.0
90.3
78.8
73.3
71.9
71.0
76.1
96.9
77.7
90.0
90.9
75.0
79.5
69.1
69.7
72.9
82.9
66.0
83.4
70.2
74.6
79.0
73.2
76.8
72.9
69.7
68.6
79.7
67.8
83.0
80.4
80.4
74.5
79.8
67.8
66.4
74.7
74.1
82.4
74.7
73.1
80.2
67.3
*
69.9
67.6
79.2
78.6
82.8
72.5
69.5
70.0
78.4
82.4
77.2
80.2
70.2
77.8
72.5
72.0
70.0
79.9
67.3
70.4
90.8
84.7
75.9
74.5
71.5
67.1
65.8
87.8
66.6
