0.810
59.3
0.733
72.3
0.765
73.7
0.812
65.4
0.799
71.3
1.01
68.8
0.806
70.9
0.774
65.0
0.865
70.4
0.679
63.3
0.776
70.1
0.729
108
0.885
66.7
0.845
61.5
0.794
66.5
0.719
71.7
0.714
63.5
0.927
64.6
0.788
69.9
0.837
67.2
0.728
71.1
0.720
113
0.744
68.2
0.794
103
0.701
78.1
0.927
66.0
0.779
71.4
0.762
65.7
0.685
62.0
0.779
67.2
0.774
67.8
0.731
64.1
0.837
66.9
0.770
64.4
0.836
64.6
0.769
67.9
0.757
71.4
0.772
60.9
0.911
65.6
0.784
*
0.854
66.2
0.861
67.2
0.747
60.1
0.779
79.6
0.696
87.4
0.739
70.0
0.741
62.0
0.744
72.6
0.803
63.9
0.752
60.6
0.800
66.4
0.739
65.5
0.806
61.6
0.759
66.7
0.789
64.3
0.742
70.1
0.752
65.8
0.826
61.9
0.775
78.5
0.825
75.9
0.789
71.7
0.762
68.1
0.757
69.0
0.765
64.6
0.938
63.4
0.783
66.3
0.824
82.4
0.722
70.6
0.773
63.4
0.793
71.0
0.805
60.2
0.728
64.1
0.761
62.6
0.701
169
0.750
65.7
