115
52.5
74.4
62.3
69.5
69.0
68.1
*
57.9
75.9
58.4
60.5
60.9
74.7
74.1
79.6
*
*
80.8
57.6
62.9
105
74.9
87.2
76.1
62.6
68.5
61.8
*
74.1
*
64.6
72.6
59.4
64.7
68.3
82.9
66.0
69.7
58.1
62.8
64.7
91.7
66.0
*
56.6
70.0
93.7
*
65.6
68.3
78.3
87.3
73.9
63.2
61.5
87.1
61.5
70.4
*
101
75.9
79.4
73.1
63.8
60.0
56.4
99.4
56.0
71.5
60.0
74.7
62.7
68.0
81.2
70.5
63.3
90.3
63.1
61.6
117
63.7
66.8
59.9
59.3
90.8
72.1
72.5
61.0
90.5
62.7
95.9
57.6
64.5
60.7
61.7
81.7
60.4
*
65.2
68.9
83.4
62.6
67.4
76.2
71.7
64.1
61.5
95.9
60.5
62.6
63.6
68.0
71.9
*
75.7
70.4
86.2
84.0
*
66.0
57.1
62.7
56.7
84.3
*
62.3
130
58.3
65.2
56.9
68.0
104
60.9
64.6
62.4
72.7
86.3
86.9
86.9
112
60.3
95.7
60.9
