170
256
112
115
116
118
114
*
105
109
107
105
113
103
111
109
111
118
117
118
114
104
105
105
120
109
120
*
108
110
108
110
133
114
117
110
103
108
109
106
110
108
109
106
110
111
120
114
114
109
*
111
112
108
106
105
108
110
103
109
109
105
115
103
119
113
109
118
119
121
122
109
107
118
106
109
116
106
117
110
109
107
107
*
106
121
*
108
107
106
116
121
110
110
117
110
115
114
105
108
107
109
111
106
116
108
107
106
104
110
112
103
114
108
*
112
120
108
119
113
119
110
112
115
109
105
108
110
108
*
104
115
110
105
105
114
112
104
109
*
111
113
112
104
