0.879
58.3
0.712
54.0
0.826
49.2
0.892
47.2
0.849
49.2
0.815
62.0
0.771
52.9
0.808
50.0
0.995
48.0
0.837
50.2
0.754
66.0
0.748
77.2
0.791
52.1
0.759
49.6
0.856
56.2
0.736
55.5
0.879
67.8
0.796
60.8
0.824
49.5
0.783
48.9
0.713
59.1
0.786
49.2
0.779
68.9
0.852
55.6
0.750
54.6
0.721
53.1
0.714
49.0
0.805
59.4
0.789
63.0
0.782
55.3
0.847
52.5
0.786
57.1
0.867
64.9
0.854
*
0.836
75.4
0.811
53.0
0.844
54.4
0.808
49.6
0.793
54.9
0.760
*
0.747
53.0
0.790
55.1
0.820
46.8
0.713
49.2
0.791
52.3
0.803
53.3
0.795
65.8
0.778
53.0
1.05
49.4
0.832
64.5
0.853
52.2
0.770
51.9
0.788
47.2
0.796
58.3
0.752
50.8
0.731
58.1
0.718
51.7
0.800
63.9
0.899
87.0
0.842
46.7
0.791
52.1
0.775
63.4
1.02
52.9
0.769
56.7
0.956
48.4
0.828
62.1
0.793
51.9
0.754
46.7
0.803
48.1
0.798
59.5
0.774
52.1
0.851
54.2
0.742
56.9
0.898
51.3
0.725
52.7
