118
123
185
186
87.6
191
189
88.3
91.2
168
185
192
90.8
90.1
86.6
85.2
85.8
83.0
187
187
90.1
99.5
188
186
194
191
85.6
*
92.5
91.9
94.0
187
189
183
85.1
201
91.4
84.8
207
86.7
93.1
186
84.6
93.4
89.9
85.3
187
195
84.3
99.1
181
84.7
86.8
96.8
85.3
184
193
86.6
191
87.8
190
201
91.8
83.8
189
196
188
185
184
95.6
185
191
91.4
188
186
94.9
204
83.0
186
86.1
183
181
82.4
193
103
183
98.3
83.0
96.0
117
197
83.9
84.3
202
188
185
184
184
110
95.5
98.7
86.9
88.1
195
188
189
87.1
132
83.3
89.0
87.9
90.2
88.2
87.3
*
84.5
91.3
83.5
196
*
181
89.7
88.5
195
192
104
91.2
189
191
187
94.9
196
190
94.0
86.8
86.8
188
85.6
82.7
192
89.0
196
94.5
82.9
