65.8
61.5
70.1
70.7
70.1
70.1
76.3
72.7
73.8
72.1
67.7
76.5
71.5
76.3
66.2
77.4
84.2
70.8
82.7
71.6
68.0
73.9
66.0
72.6
78.6
77.7
74.6
62.8
72.7
67.4
76.6
68.3
70.2
69.2
65.9
75.7
69.4
64.9
72.1
70.5
77.0
69.3
74.2
70.4
70.9
85.1
65.4
67.9
76.6
72.0
68.4
72.5
69.4
69.2
71.5
69.6
71.6
69.3
72.9
70.9
68.6
70.5
66.1
74.0
70.7
70.7
70.7
66.0
65.3
63.3
73.1
70.5
69.7
67.3
70.0
79.1
75.3
67.7
72.2
70.7
75.1
70.0
72.1
68.5
74.2
68.5
67.4
68.3
79.6
73.1
65.8
66.5
68.8
66.1
72.4
75.9
68.3
67.1
74.1
74.0
74.5
72.4
71.6
72.0
66.0
69.6
72.3
77.2
68.2
72.0
73.7
73.8
70.7
71.0
*
74.0
66.6
74.9
69.0
70.6
66.1
72.0
70.2
63.8
77.7
73.2
68.1
69.3
65.2
70.2
74.5
68.3
71.2
73.1
75.8
72.3
70.7
71.8
73.9
70.9
73.9
82.4
75.7
70.7
