81.2
81.0
61.6
58.2
54.6
67.3
60.6
62.5
62.7
68.7
68.2
61.5
64.7
56.7
*
70.8
58.9
57.6
60.5
60.7
58.3
69.6
57.2
62.5
62.0
58.9
76.4
59.0
65.5
58.1
61.4
59.3
59.9
65.0
61.2
67.0
59.9
61.8
63.5
65.9
55.8
65.7
59.4
59.7
69.8
58.9
65.6
55.9
56.9
67.3
60.2
63.1
65.1
62.0
59.9
56.8
63.5
60.1
60.4
62.5
63.0
66.3
57.8
60.8
64.4
57.0
59.0
62.0
58.6
55.4
59.6
57.6
65.2
60.7
68.7
64.7
63.3
59.8
*
69.0
59.1
62.2
80.1
78.6
64.1
63.8
59.6
66.0
59.5
54.8
62.0
65.6
63.9
54.8
59.2
55.2
66.4
65.2
56.5
69.0
59.2
59.3
