0.813
88.3
0.839
81.6
1.12
99.0
0.880
74.4
0.860
82.2
0.830
77.2
0.779
76.6
0.744
76.9
0.740
95.4
0.954
77.9
0.841
75.0
0.791
77.2
0.721
79.5
1.01
77.7
0.822
83.4
0.799
85.0
0.932
*
0.806
80.3
0.771
85.1
0.787
83.0
0.756
83.0
0.721
80.5
0.756
87.9
1.04
87.1
0.771
101
0.668
80.9
0.901
77.9
0.736
77.4
0.703
77.6
0.803
80.5
0.791
81.0
0.939
79.9
0.893
75.2
0.822
77.2
0.864
86.8
0.776
81.1
0.830
73.8
0.854
77.3
0.817
77.5
0.761
*
0.821
78.3
0.780
82.7
0.697
75.5
0.717
75.9
0.712
79.0
0.779
77.0
0.747
79.0
0.756
76.4
0.790
75.8
0.765
77.6
0.828
89.1
0.765
86.5
0.806
74.6
0.912
79.2
0.780
83.1
0.767
80.4
0.790
84.3
0.757
84.5
0.897
75.3
0.803
73.1
0.791
92.1
0.750
81.0
0.765
74.5
0.758
91.2
0.844
75.1
0.946
76.3
0.756
74.7
0.723
78.3
0.770
83.8
0.917
110
1.12
73.1
0.743
82.6
0.833
83.4
0.737
73.9
0.826
81.7
