130
175
88.6
81.9
68.9
79.9
92.5
104
84.5
82.7
78.5
95.4
89.2
82.8
89.6
86.3
82.5
95.5
79.6
85.4
94.8
83.2
102
86.3
76.5
83.4
87.9
*
85.6
85.5
87.7
89.5
73.4
77.2
84.6
71.7
88.3
88.8
74.9
95.4
107
84.7
86.4
102
85.5
83.0
68.3
83.0
87.1
70.4
75.1
70.9
78.9
79.9
76.1
70.0
75.6
79.2
88.0
96.5
75.6
74.9
71.2
77.6
73.8
79.5
86.7
78.2
73.5
91.6
69.4
72.3
84.0
78.6
72.5
77.2
72.5
85.2
72.3
85.4
70.8
78.1
94.5
82.1
74.7
87.4
86.4
92.1
72.6
89.7
103
73.0
80.8
77.3
78.8
82.3
82.9
90.2
96.1
75.1
88.1
89.1
89.0
68.3
73.8
74.5
99.5
90.9
71.4
81.6
81.9
94.2
87.2
92.1
*
93.1
85.1
72.7
69.8
92.4
82.3
72.2
72.5
74.5
82.2
101
80.6
82.0
83.1
79.3
78.6
77.8
97.2
91.1
85.9
86.9
83.7
75.9
70.6
72.0
101
73.2
83.1
71.8
