0.838
69.6
0.873
63.7
0.785
79.9
0.825
65.6
0.820
65.5
0.805
73.9
0.723
69.7
0.705
61.2
0.768
69.9
0.699
70.8
0.736
71.8
0.730
71.5
0.747
67.6
0.785
64.5
0.824
71.0
0.763
71.2
0.776
70.4
0.802
80.0
0.811
65.5
0.750
62.7
0.697
64.8
0.873
68.7
0.787
67.3
0.820
70.2
0.788
61.9
0.720
80.3
0.753
63.1
0.943
68.0
0.795
78.5
0.771
71.9
0.774
*
0.823
61.6
0.801
71.2
0.995
63.5
0.801
72.5
0.782
69.6
0.780
74.9
0.810
70.8
0.837
66.8
0.750
*
0.726
69.8
0.739
64.8
0.958
59.4
0.786
66.0
0.724
76.0
0.722
67.2
0.730
64.1
0.775
66.4
0.752
81.0
0.793
61.2
0.790
84.6
0.718
63.3
0.841
65.8
0.760
62.1
0.787
76.1
0.807
60.3
0.781
62.4
0.852
63.8
0.839
65.1
0.783
65.3
0.812
68.5
0.820
68.9
0.917
90.9
0.828
73.3
0.776
63.2
0.756
65.5
0.826
66.5
0.771
63.6
0.834
61.2
0.858
64.7
0.812
77.9
0.756
73.6
0.814
60.5
0.807
68.1
0.758
66.4
