79.4
171
75.0
82.6
81.5
185
86.5
*
81.0
93.2
187
77.7
79.3
83.4
180
78.6
183
183
77.5
79.5
182
76.4
75.9
79.4
81.3
185
77.3
92.3
86.4
83.9
79.2
87.0
191
74.5
75.0
82.3
178
78.0
84.2
78.1
76.1
74.6
86.3
84.4
186
181
188
185
179
102
188
82.5
80.5
74.1
80.2
75.4
77.2
74.1
83.8
77.8
79.7
84.3
78.7
189
184
86.1
82.0
78.7
83.2
190
179
74.4
84.3
141
80.0
182
77.2
95.0
189
83.5
79.8
185
83.4
185
178
81.1
75.2
78.5
79.2
*
204
196
184
186
181
75.4
183
83.2
*
103
85.1
190
186
187
187
82.8
187
83.9
75.6
78.3
183
99.5
77.4
82.3
*
81.6
81.0
74.9
180
192
89.0
203
79.3
83.8
79.9
82.4
191
76.9
80.2
78.0
73.8
97.7
116
183
84.5
183
72.9
85.6
184
74.3
80.9
78.5
82.8
80.6
