0.915
58.6
0.854
78.0
0.836
55.1
0.795
60.3
0.759
61.5
0.800
63.6
0.882
55.5
0.688
57.7
0.790
62.6
0.778
86.0
0.797
69.6
1.06
47.2
0.682
60.2
0.783
65.5
0.773
81.6
0.736
47.7
1.02
79.7
0.765
47.2
1.03
64.9
0.893
100
0.775
50.8
0.693
55.9
0.803
64.2
0.841
90.7
0.718
61.4
0.735
61.0
0.780
70.1
0.797
55.2
0.787
68.0
0.797
58.3
0.776
56.9
0.814
61.5
0.793
57.7
0.826
53.3
1.02
65.2
0.772
67.2
0.767
54.4
0.993
66.9
0.824
53.1
0.848
*
0.751
57.5
0.799
65.5
0.741
63.3
0.677
76.5
0.754
55.4
0.932
63.8
0.788
62.3
0.892
59.0
0.817
62.5
0.814
60.6
0.926
53.1
0.749
81.3
0.771
79.9
0.705
68.7
0.804
53.9
0.777
81.6
0.770
64.5
0.942
68.7
0.781
53.3
0.780
64.4
0.840
58.1
0.783
80.7
0.808
59.2
0.941
60.8
0.720
63.5
0.801
73.0
0.801
68.3
1.12
61.6
0.902
*
0.756
65.0
0.764
56.6
0.771
64.8
0.815
56.4
0.826
69.3
0.725
65.7
