92.2
54.8
59.6
55.1
56.9
54.5
55.2
52.0
55.6
55.8
57.6
66.1
54.8
63.0
52.1
62.2
66.9
54.4
*
58.8
68.7
51.2
52.8
55.8
51.4
53.4
52.7
58.2
55.0
52.9
62.4
51.5
52.1
*
61.4
58.9
54.1
57.6
59.6
57.3
55.2
51.1
54.0
57.0
64.3
59.5
53.6
51.9
60.5
59.7
58.1
58.9
52.2
61.7
58.3
50.8
58.0
57.4
63.4
52.8
53.8
61.1
51.0
55.1
58.6
56.2
54.5
53.7
55.4
57.2
51.9
54.5
57.8
54.5
55.4
50.4
55.1
58.7
74.6
79.3
52.0
63.8
67.9
52.6
62.5
53.5
57.8
63.7
74.4
71.7
53.8
61.1
56.1
57.6
51.4
60.7
53.2
51.2
57.1
57.1
56.4
50.7
52.3
61.1
52.8
60.1
58.9
52.9
57.2
51.2
54.7
60.7
58.4
69.7
54.2
65.5
58.4
55.3
55.0
59.5
56.3
74.6
60.1
52.7
56.1
55.2
54.2
61.8
55.9
57.8
56.1
60.3
55.1
58.6
51.5
55.8
54.2
57.1
56.4
50.4
54.9
59.6
53.2
*
