144
188
126
75.5
72.5
123
76.2
136
74.8
72.5
78.3
76.4
74.1
71.2
79.3
71.3
73.9
127
75.5
82.0
73.5
77.2
133
135
90.7
84.8
73.1
*
74.1
80.2
88.1
77.3
72.5
75.9
73.5
79.5
79.1
76.5
73.5
75.1
89.5
83.5
85.1
76.1
75.3
128
71.5
81.4
118
70.8
73.9
76.7
77.6
72.0
75.5
80.8
84.8
73.9
78.3
135
78.5
118
77.9
89.1
73.8
74.1
74.1
89.1
75.2
80.4
78.5
88.2
74.8
74.8
133
83.3
79.4
82.2
69.8
79.3
72.2
76.2
71.5
70.0
76.1
79.1
75.5
75.0
78.7
125
76.9
73.7
86.2
77.1
75.0
74.0
76.1
78.5
118
91.2
71.6
77.9
74.7
76.5
127
71.1
72.7
74.8
72.7
79.7
77.1
128
76.1
71.5
*
73.9
87.2
94.7
74.3
123
82.3
71.1
73.7
74.9
120
140
74.8
79.4
76.8
76.5
72.2
78.1
70.5
79.0
78.2
77.6
71.6
72.0
83.2
77.5
71.8
81.5
127
83.5
