106
86.8
106
86.7
114
112
85.6
86.5
110
86.4
107
90.0
110
91.9
82.4
86.1
119
90.7
113
88.6
87.7
85.0
93.6
96.9
106
89.4
124
*
92.5
86.4
86.5
87.4
121
92.7
107
89.4
89.5
88.7
90.4
86.3
84.8
112
111
*
110
81.7
108
111
93.3
93.1
121
108
92.9
84.8
93.9
86.5
89.2
85.3
110
109
88.1
93.1
89.7
86.1
113
91.6
89.2
108
105
87.1
105
88.6
82.5
114
88.5
90.5
104
86.6
113
84.9
89.8
114
87.3
107
114
107
84.7
104
84.9
91.7
109
84.9
92.2
112
113
109
104
114
84.6
87.0
102
89.0
111
109
112
88.0
88.4
90.4
109
108
93.4
90.0
86.7
90.2
*
113
118
87.5
113
85.1
116
107
92.8
108
86.7
88.1
92.4
95.4
90.2
90.6
86.0
110
117
83.9
85.9
92.5
109
116
88.5
96.4
111
114
86.4
87.2
