1.23
56.3
0.737
43.3
0.859
52.8
0.799
49.3
0.815
45.9
0.774
50.5
0.816
41.7
0.739
44.9
0.793
67.2
0.973
57.5
0.783
69.9
0.775
54.8
0.831
48.5
1.04
46.3
0.808
50.7
0.778
52.9
0.861
*
0.771
51.1
0.764
71.9
0.898
70.3
0.742
66.5
0.778
58.0
0.845
68.8
0.795
99.9
0.732
95.0
0.714
45.6
0.756
52.6
0.744
67.7
0.791
48.0
0.787
45.8
0.866
44.7
0.781
49.8
0.804
61.6
0.741
57.4
0.812
54.5
0.825
52.2
0.896
46.3
0.801
48.9
0.782
51.4
0.768
*
0.809
44.2
0.833
68.2
0.772
81.4
0.755
56.8
0.748
52.7
0.735
45.7
0.759
51.2
0.769
44.2
0.729
72.2
0.800
58.5
0.840
72.8
0.786
59.7
1.00
51.1
0.766
44.6
0.808
45.4
0.774
56.9
0.766
57.8
0.796
48.0
0.794
63.9
0.793
77.8
0.766
50.3
0.748
51.4
0.846
71.5
0.811
65.0
0.787
45.8
0.795
46.4
0.811
51.7
0.726
49.0
0.772
45.2
0.868
57.9
0.818
44.5
0.714
54.2
0.818
68.7
0.860
52.4
0.718
49.5
