87.4
79.4
88.3
86.3
87.0
95.5
88.5
89.9
93.2
91.4
109
89.6
98.2
119
85.1
116
118
84.0
121
89.2
82.0
89.1
86.9
102
92.5
120
88.1
127
120
119
91.7
139
88.8
87.0
91.6
100.0
125
92.2
87.1
86.3
122
118
89.6
87.2
86.9
93.4
88.2
117
86.4
120
92.7
86.7
118
132
119
88.1
85.9
114
118
89.2
88.7
89.4
122
118
87.9
90.0
118
118
82.6
89.5
86.3
90.7
119
91.9
89.9
114
124
85.1
86.9
132
121
132
86.9
131
121
129
86.3
99.0
127
125
124
118
87.3
89.0
81.6
128
119
123
93.0
116
120
86.9
95.7
122
89.0
127
87.4
125
85.9
87.8
127
89.1
125
88.9
*
87.8
82.8
118
90.4
89.6
126
119
122
88.1
89.9
82.8
95.1
89.3
85.8
87.7
115
92.8
86.5
90.0
122
83.3
120
85.8
83.8
89.0
121
135
123
115
