88.9
88.8
80.1
69.6
75.6
83.0
71.5
85.5
85.0
79.1
67.3
70.3
76.4
68.7
89.0
70.1
68.6
78.1
66.2
65.8
66.6
67.3
79.8
83.0
70.8
70.2
75.8
72.7
66.7
71.4
73.1
85.7
71.1
68.7
73.1
71.1
74.4
66.8
80.1
81.9
82.7
64.2
*
65.2
71.2
69.1
72.0
89.0
70.6
78.8
73.7
73.7
68.0
81.2
68.2
70.5
77.7
66.4
78.2
74.3
65.1
71.9
86.4
68.8
86.0
84.3
73.7
86.8
79.9
72.6
74.9
78.4
85.2
66.8
74.7
79.5
66.8
80.6
68.0
80.6
72.6
77.6
81.2
69.7
80.0
68.4
83.9
84.2
83.3
83.6
68.8
84.9
69.9
87.9
74.2
72.5
72.7
80.0
78.9
81.3
69.1
81.0
