0.956
58.4
0.834
47.5
0.839
55.9
0.793
47.8
0.843
86.0
0.779
54.4
0.969
83.9
0.815
120
0.749
85.6
0.796
77.6
0.829
41.1
0.802
50.4
0.841
83.1
0.915
66.4
0.845
60.3
0.800
76.3
0.881
51.2
0.787
78.9
0.763
42.2
0.846
50.3
0.964
61.4
0.791
78.0
0.812
50.5
0.860
43.2
0.838
*
0.810
87.2
0.787
89.9
0.782
96.1
0.735
82.1
0.850
92.0
0.843
83.6
0.803
48.5
0.821
81.5
0.809
47.5
1.06
53.9
0.844
52.0
0.805
46.4
0.852
50.6
0.805
75.5
0.960
51.0
0.835
45.1
0.892
49.9
0.830
56.2
0.847
50.5
0.813
76.8
0.803
52.2
0.776
46.3
0.842
74.8
0.882
*
0.871
54.7
0.839
91.4
0.790
97.8
0.994
90.5
0.787
47.6
0.803
46.4
0.758
61.6
0.797
49.5
0.762
45.3
0.821
49.0
0.786
91.0
0.782
88.3
0.728
49.9
0.819
55.5
0.743
47.0
0.917
51.7
0.700
50.8
0.772
54.6
0.762
47.8
0.838
50.7
0.804
70.1
0.792
90.5
0.871
95.0
0.766
45.9
0.792
58.7
0.949
125
