151
171
151
165
154
145
164
171
154
158
167
163
154
165
173
167
153
147
180
182
171
167
170
140
148
167
152
*
159
165
171
153
144
172
*
176
169
165
170
175
167
160
151
*
164
153
144
153
169
169
153
156
162
179
146
165
180
148
149
155
167
149
175
151
144
170
147
149
144
168
143
165
177
156
164
148
141
166
146
176
146
142
166
142
166
159
174
166
173
163
144
165
166
139
165
149
147
150
155
166
165
162
152
145
146
145
173
175
161
152
147
162
174
165
*
147
158
193
143
159
159
159
177
142
169
173
174
165
155
169
151
176
147
165
166
150
169
150
168
172
166
146
167
171
