96.2
144
96.1
119
104
124
118
124
89.3
107
93.6
125
95.6
93.6
94.1
92.3
92.9
121
95.1
117
95.7
117
99.2
113
104
91.7
95.7
*
119
102
124
94.7
102
95.7
96.7
99.3
93.7
93.7
100
94.9
96.0
92.3
92.9
114
119
109
105
92.0
119
95.4
116
93.0
94.2
96.0
124
95.5
130
122
98.3
117
136
99.2
97.9
122
112
96.4
104
123
90.5
100.0
97.4
119
96.5
88.9
94.6
120
90.1
89.8
129
95.7
94.8
101
95.6
100
100.0
92.6
99.7
92.6
93.1
124
97.4
98.1
94.7
120
94.0
89.2
124
92.7
*
92.9
95.9
95.1
98.5
95.3
120
92.2
102
93.6
94.1
94.5
97.3
124
93.8
101
*
91.2
97.8
119
93.9
127
93.0
94.9
105
96.5
94.2
97.1
95.3
98.3
125
102
119
104
96.2
103
91.2
122
96.9
90.5
123
95.0
123
107
93.9
89.8
