167
108
81.0
82.0
66.9
69.3
67.7
66.4
64.6
65.2
66.2
65.2
64.5
67.7
71.8
66.1
65.3
78.1
68.2
76.6
63.8
69.4
67.6
63.3
63.9
67.9
65.9
63.5
68.4
66.6
67.2
67.6
69.4
67.3
61.1
68.6
60.6
69.7
70.2
66.0
65.0
70.8
64.3
63.7
61.1
75.7
68.7
64.9
63.2
62.5
65.8
72.5
62.8
67.4
66.3
62.0
69.7
64.1
66.0
70.5
63.7
65.4
63.5
72.2
71.3
67.5
69.5
62.5
72.3
63.2
64.1
65.6
61.3
63.4
65.1
64.7
67.6
70.6
59.7
65.4
68.9
67.7
72.5
59.9
71.3
68.1
60.1
64.9
70.0
73.2
81.2
71.3
66.7
64.5
65.1
73.7
64.9
69.4
71.1
69.5
63.4
80.7
61.6
65.9
69.7
68.6
88.1
64.9
64.9
66.9
62.2
69.8
68.5
66.7
*
76.3
68.8
70.2
68.3
74.6
67.8
75.3
68.4
69.5
58.9
65.9
70.2
68.3
66.6
65.6
75.2
69.4
83.1
78.5
72.6
65.6
72.1
73.9
76.0
66.0
61.1
68.3
78.6
62.1
