97.5
90.6
65.2
66.8
68.7
90.9
67.3
70.4
76.3
79.5
60.9
63.5
66.6
66.0
76.0
65.5
81.2
68.3
66.7
64.2
73.1
62.5
65.7
61.3
63.4
67.0
71.9
*
69.8
59.6
64.9
62.8
90.5
67.2
73.7
78.2
68.2
63.3
63.9
64.8
63.5
62.5
65.3
67.0
66.3
64.2
91.6
64.5
68.7
67.1
87.5
64.8
60.2
63.7
69.3
71.1
62.1
71.0
68.1
61.6
63.1
59.4
68.6
66.5
90.0
73.0
62.8
63.4
94.8
65.7
92.3
65.0
65.0
62.3
65.2
66.3
69.7
70.5
94.0
70.5
64.8
95.9
62.7
97.3
75.5
78.5
82.5
71.2
65.6
68.2
95.2
68.6
63.2
86.8
95.8
66.6
89.0
67.3
64.1
67.9
67.8
65.8
63.0
105
93.0
66.5
67.0
62.9
75.0
62.4
63.1
71.4
66.9
66.2
*
65.6
65.0
63.1
93.0
65.1
73.1
61.3
67.4
65.0
70.9
63.2
71.1
70.9
61.7
73.4
71.5
64.0
68.7
64.3
63.1
63.5
64.0
70.3
67.7
64.3
62.0
67.2
64.2
69.7
