95.0
136
110
101
107
115
103
101
105
103
84.5
96.4
86.5
78.6
83.1
80.6
109
99.8
74.3
109
73.8
99.4
78.0
95.3
95.0
101
104
*
105
107
102
83.3
98.8
82.5
111
84.7
75.2
77.0
92.4
102
77.3
78.0
110
101
116
104
106
84.1
108
101
80.5
111
96.9
83.5
110
78.3
108
99.0
99.2
101
108
112
83.7
80.2
141
88.1
78.7
76.5
100
74.2
108
116
79.7
98.5
109
78.0
84.9
89.6
76.6
75.5
101
107
74.1
104
78.3
80.1
85.6
77.0
126
102
98.1
77.0
81.2
80.4
110
101
107
84.8
96.6
95.5
80.9
100
92.9
97.6
82.0
76.1
107
73.9
103
104
78.8
99.5
75.3
115
*
115
86.5
108
124
103
88.7
80.9
80.6
107
125
116
75.8
89.9
106
84.8
101
105
101
103
78.4
106
98.4
112
101
104
115
79.2
91.7
104
