119
75.4
294
286
70.0
287
110
68.2
71.1
303
71.1
284
73.9
292
114
287
115
77.8
75.9
291
119
295
68.1
75.1
75.5
67.1
75.5
*
170
70.4
109
66.2
132
70.8
66.8
69.9
290
69.1
70.1
63.3
115
72.5
70.2
73.5
74.1
284
112
66.8
286
67.9
284
294
72.2
287
67.1
67.7
288
85.0
68.2
71.1
286
74.0
110
112
118
66.7
68.9
69.5
71.4
64.3
67.3
298
119
70.3
73.7
62.1
287
86.4
116
291
69.7
107
77.3
108
287
69.7
67.3
63.3
68.8
288
283
111
105
286
135
66.5
108
71.2
81.7
71.3
119
68.4
87.7
109
109
63.0
70.1
117
112
72.9
70.0
73.2
110
65.6
*
78.0
78.6
72.7
76.7
300
74.3
286
114
286
288
70.7
71.5
79.4
112
72.4
84.4
121
119
74.1
117
71.7
73.3
120
112
106
66.3
130
108
74.5
