105
111
113
103
99.0
122
102
151
105
139
122
97.3
103
106
101
98.1
103
107
108
110
102
144
103
98.8
100
150
116
*
148
144
103
102
134
101
112
105
109
99.9
113
159
110
103
103
140
105
103
124
120
101
161
118
107
141
103
145
103
112
148
109
103
109
148
99.4
102
126
110
108
103
111
102
116
105
106
104
101
110
101
102
99.3
110
108
108
104
102
101
100
99.5
113
139
*
104
104
103
120
119
128
105
108
147
115
104
104
107
112
97.8
106
149
98.0
110
108
101
142
102
147
*
145
111
145
115
109
96.0
119
112
119
146
146
108
104
151
109
143
124
105
144
119
103
104
110
109
151
102
106
104
140
