0.926
88.7
0.830
90.1
0.805
83.8
0.850
91.1
0.788
92.6
0.854
94.7
0.866
87.5
0.823
91.1
0.777
87.1
0.775
86.6
0.774
83.2
0.783
81.6
0.841
92.7
0.801
107
0.894
86.5
0.940
84.4
0.882
102
0.932
84.0
0.890
85.8
0.753
86.2
0.793
87.7
0.817
94.3
0.897
89.0
0.793
93.0
0.728
101
0.750
86.7
0.825
93.0
0.785
88.9
0.740
82.5
0.872
87.8
0.830
85.7
0.806
86.2
0.975
88.1
0.776
*
0.827
105
0.853
85.4
0.857
84.2
0.857
85.5
0.837
86.4
0.668
106
0.760
82.2
0.774
93.3
0.769
90.6
0.704
86.7
0.807
96.8
0.808
91.3
0.691
89.2
0.765
91.6
0.797
86.7
0.796
94.6
0.857
104
0.724
92.9
0.821
113
0.956
96.7
0.833
112
0.792
84.4
0.818
89.4
0.824
86.6
0.809
88.1
0.782
84.9
0.889
91.5
0.763
90.7
0.755
84.5
0.795
83.0
0.789
87.1
0.889
93.8
0.925
95.5
0.771
87.1
0.861
93.3
0.797
87.4
0.832
91.1
0.819
89.2
0.735
96.3
0.844
97.5
0.703
89.7
