0.885
76.6
0.763
87.7
0.839
79.9
0.872
73.5
0.849
79.0
0.778
67.5
0.805
74.5
0.745
70.0
0.789
78.2
0.772
65.2
0.842
75.9
0.737
77.0
0.850
73.9
1.05
78.8
0.867
66.9
0.805
69.9
0.895
78.5
0.777
72.9
0.805
68.8
0.831
70.1
0.758
66.4
0.787
81.3
0.967
70.9
0.845
75.0
0.691
86.6
0.771
67.8
0.727
78.9
0.770
69.1
0.778
75.4
0.899
72.2
0.838
83.8
0.825
72.2
0.805
75.9
0.827
*
0.880
74.9
0.823
76.1
0.776
67.2
0.807
71.5
0.762
95.1
0.783
*
0.821
71.7
0.774
75.8
0.910
72.8
0.783
71.8
0.811
69.2
0.756
84.1
0.817
71.5
0.805
65.4
0.802
76.6
0.836
69.9
1.07
76.4
0.847
71.2
0.988
91.1
0.731
74.7
0.779
95.9
0.803
69.1
0.827
68.4
0.787
74.2
0.804
75.4
0.829
70.0
0.825
71.1
0.740
64.4
0.788
68.1
0.773
69.2
0.832
101
0.773
74.2
0.679
75.8
0.767
75.4
0.749
68.8
0.793
77.8
0.767
76.6
0.720
68.4
0.800
67.3
0.846
78.7
0.751
66.7
