176
158
138
134
168
149
123
145
154
150
147
134
167
167
137
150
150
165
168
133
153
137
178
145
166
164
158
*
128
135
149
130
149
148
157
150
154
149
156
147
148
151
159
129
130
161
154
168
138
128
149
154
130
154
155
137
146
149
146
146
137
157
165
144
160
144
124
129
164
163
165
131
155
151
170
147
152
144
147
151
166
154
150
148
128
167
149
152
125
148
162
143
132
137
125
148
133
130
171
149
146
150
177
146
151
134
128
150
149
130
157
149
147
137
*
148
168
148
168
129
149
145
174
166
149
142
155
147
128
157
152
173
134
158
145
130
129
150
134
*
166
148
146
134
