87.3
98.1
101
75.8
67.8
92.6
80.3
77.9
62.4
79.2
72.4
72.6
68.7
74.8
82.8
82.7
95.5
94.7
66.0
77.1
75.1
104
105
98.2
67.7
60.4
66.6
*
110
82.0
95.8
119
98.1
74.5
69.3
62.9
75.3
81.4
104
101
71.1
80.8
74.2
109
107
104
95.8
67.4
90.5
89.8
90.8
73.3
89.9
79.9
78.6
93.1
112
77.0
74.6
91.4
112
102
63.8
80.6
97.0
76.0
122
66.6
92.7
72.9
95.2
106
77.9
76.0
69.7
95.9
109
73.5
104
74.1
63.7
78.0
75.4
80.7
86.6
60.3
71.4
73.4
75.2
90.4
82.2
66.2
76.6
74.6
73.9
64.9
79.9
68.3
93.5
66.9
85.6
91.3
74.5
74.7
103
102
102
86.8
75.4
67.3
94.8
76.7
76.0
107
*
59.4
65.1
79.2
94.2
63.6
80.6
76.5
66.0
66.9
85.8
111
106
63.7
108
60.7
76.2
60.7
94.7
108
71.9
90.0
66.8
82.9
110
118
81.8
111
70.0
74.4
