65.7
114
82.0
63.7
66.4
66.1
67.8
146
89.2
68.4
80.1
69.0
63.9
76.5
69.1
74.8
70.2
73.6
79.9
66.7
74.1
73.4
108
139
73.4
77.7
80.0
77.6
68.3
70.0
70.0
103
78.5
82.5
68.8
81.4
71.6
77.2
97.0
77.3
100
80.6
84.4
98.2
94.8
70.8
97.2
75.7
64.3
67.7
71.7
67.7
68.0
76.1
72.9
72.3
74.1
66.2
68.5
69.2
96.9
135
83.1
67.5
75.7
72.9
91.9
74.5
72.2
72.4
72.5
67.5
64.9
66.0
63.8
64.1
80.8
76.0
127
75.4
66.9
71.3
65.9
73.1
64.7
72.7
66.2
68.3
83.6
139
86.2
139
68.2
67.7
70.2
76.0
71.7
67.5
140
86.1
78.6
68.4
89.0
75.0
69.2
115
78.4
72.2
67.7
74.5
81.7
67.9
66.5
66.3
142
139
79.7
67.1
86.2
66.2
72.0
66.9
80.6
70.0
92.1
71.3
72.0
115
77.6
63.8
69.4
81.4
65.1
75.9
67.5
76.0
66.0
76.1
68.6
68.1
70.7
89.1
77.2
86.2
