134
129
145
153
152
137
146
144
141
140
156
140
138
140
147
147
149
136
138
139
146
144
141
148
142
144
158
143
140
157
152
146
133
136
143
144
146
145
154
148
142
155
132
145
162
157
148
142
145
142
144
141
149
151
142
145
141
141
143
143
141
140
146
139
144
134
140
148
137
143
138
139
144
156
150
139
146
141
143
142
142
135
141
139
143
146
142
144
146
139
141
140
142
143
155
143
145
156
141
142
146
145
135
137
141
161
149
139
139
147
142
139
150
152
*
137
137
148
139
134
143
143
145
150
146
140
144
142
147
139
146
149
153
142
140
151
145
145
144
137
161
139
144
139
