283
229
93.1
72.8
94.0
82.9
79.9
85.4
88.3
80.2
73.8
78.8
93.4
91.2
94.5
79.0
75.2
89.7
78.0
74.0
92.8
79.5
80.0
73.9
88.8
91.5
108
78.9
93.0
77.4
107
132
74.0
77.2
103
80.9
75.4
79.6
77.5
97.5
76.1
86.0
92.6
97.2
75.9
104
69.7
93.9
77.9
77.2
93.5
74.5
72.3
81.4
73.6
102
78.1
80.8
82.6
105
79.1
83.9
75.5
73.6
76.4
72.2
75.3
80.8
86.7
86.0
78.2
74.6
76.4
78.9
77.9
91.8
72.0
114
76.1
93.7
89.9
83.1
74.2
89.1
91.7
91.4
79.3
74.7
75.3
*
87.2
84.3
94.5
79.4
73.5
90.2
82.6
82.5
*
80.3
88.9
90.2
88.3
81.4
69.2
82.6
94.7
90.4
75.3
84.3
80.0
77.0
81.9
104
*
86.6
84.5
78.0
74.6
84.0
86.4
80.4
79.5
77.3
88.1
100
91.9
77.1
91.8
78.6
83.1
72.8
79.3
101
84.9
75.1
80.8
76.0
73.1
81.6
72.5
80.0
87.6
83.8
