0.835
72.0
0.810
77.0
0.982
80.8
0.958
84.1
0.731
82.8
0.808
87.8
0.864
74.1
0.738
78.7
0.776
80.5
0.855
80.8
0.802
82.1
0.736
74.4
0.732
80.6
0.816
76.4
0.728
81.3
0.758
82.3
1.01
82.6
0.782
77.7
0.796
85.0
0.839
74.4
0.778
80.4
0.751
77.8
0.840
78.0
0.896
99.5
0.853
91.1
0.751
81.0
0.740
73.8
0.754
76.0
0.744
78.8
0.890
83.3
0.838
*
0.905
77.0
0.830
76.0
0.788
78.7
0.855
75.2
0.794
82.9
0.882
79.8
0.851
87.8
0.791
93.7
0.726
*
0.824
76.0
0.792
76.2
0.749
78.7
0.741
76.3
0.781
83.8
0.693
78.3
0.746
86.2
0.689
83.8
0.799
79.2
1.08
89.9
0.816
87.2
0.742
83.2
0.759
83.0
0.731
75.7
0.757
77.1
0.753
74.5
0.757
80.8
0.840
75.2
0.758
86.6
0.785
83.5
0.857
76.6
0.712
76.1
0.756
78.7
0.864
86.4
0.856
82.2
0.783
75.4
0.749
76.5
0.766
82.1
0.833
77.7
0.898
77.6
0.777
82.7
0.777
75.3
0.740
83.2
0.777
83.7
0.778
86.1
