45.3
55.4
49.9
55.6
56.7
49.4
57.5
111
55.8
115
58.4
48.3
49.4
51.9
48.8
53.1
110
82.2
48.4
55.7
52.5
47.9
57.4
48.6
51.8
51.3
59.9
52.9
116
62.1
116
56.3
60.4
53.3
54.0
54.7
54.6
52.5
50.4
51.0
57.1
52.4
49.3
56.1
112
107
47.8
56.6
106
66.5
55.2
59.6
50.7
55.7
47.1
66.0
65.8
57.7
52.0
53.5
55.5
113
51.9
53.1
49.9
56.3
53.7
61.2
50.2
52.8
56.2
54.3
53.1
47.0
50.2
65.5
57.1
52.3
53.4
48.0
57.4
51.8
55.1
55.6
53.7
57.0
55.5
47.4
49.6
68.6
67.9
49.1
53.8
57.6
59.4
52.5
63.3
49.2
117
50.3
51.0
59.5
63.0
54.2
50.8
54.1
50.5
52.4
50.8
50.1
61.5
65.5
55.5
53.8
*
49.2
47.2
61.1
47.3
115
49.8
55.8
59.1
51.3
57.3
113
54.5
52.6
51.2
56.4
52.5
51.0
51.4
68.0
56.8
52.0
52.8
57.5
117
51.7
113
54.2
51.0
50.4
