150
116
141
120
105
143
109
112
109
109
143
116
104
111
111
106
141
144
113
123
102
106
105
117
112
102
115
*
111
110
145
106
148
107
107
107
112
146
111
115
112
124
102
110
144
147
145
111
140
106
145
106
112
111
103
105
107
105
102
153
121
143
141
106
145
107
105
126
149
104
151
106
105
144
111
114
144
142
144
107
104
107
142
149
112
108
142
153
105
158
144
143
107
142
153
103
142
115
147
121
119
144
119
104
152
108
127
106
113
103
102
116
105
104
*
117
130
109
146
106
115
110
142
142
107
141
117
105
109
115
110
142
144
113
106
149
106
106
106
116
103
141
146
114
