106
143
110
96.3
99.5
103
99.0
112
99.3
98.6
100
101
98.7
96.3
96.0
99.5
108
95.8
107
105
96.9
98.9
104
151
91.6
106
114
*
92.9
106
92.1
90.6
95.3
104
109
93.0
95.6
124
98.4
98.7
96.9
97.5
96.7
94.7
96.8
94.3
98.1
95.8
112
98.3
121
95.0
99.9
104
95.6
102
96.6
97.8
96.4
99.2
103
159
92.7
112
101
94.7
93.6
95.7
112
114
116
99.2
94.8
97.9
91.0
96.4
104
94.5
101
98.7
96.1
94.5
105
94.2
108
95.6
97.7
95.6
93.7
165
92.4
164
94.4
100
99.0
96.4
94.7
95.0
97.3
112
104
98.9
96.4
97.0
95.2
98.3
99.1
100
102
94.1
95.9
101
119
98.0
*
152
107
96.3
106
102
99.3
106
99.4
92.3
104
94.8
106
95.0
97.4
98.7
101
115
94.3
96.5
93.2
112
94.2
122
101
98.7
98.3
105
104
102
