0.916
67.5
0.834
55.9
0.807
56.6
0.838
50.4
0.855
47.4
0.850
82.9
0.897
67.7
0.793
47.5
0.881
55.2
0.762
56.7
0.838
74.6
0.792
52.3
0.875
125
0.851
67.1
0.863
50.8
0.782
83.0
0.863
72.4
0.845
73.6
0.865
64.5
0.917
62.3
0.835
68.0
1.03
87.6
0.873
62.6
1.01
73.5
0.862
67.0
0.825
64.6
0.822
68.1
0.791
61.2
0.768
66.3
0.845
84.7
0.845
91.7
0.863
199
0.791
103
0.752
*
0.735
135
0.777
144
0.767
93.9
0.919
92.7
0.753
90.6
0.770
99.0
0.818
98.6
0.964
95.4
0.754
94.4
0.723
90.6
0.850
92.6
0.811
86.0
0.722
78.8
0.752
85.7
0.841
70.3
0.869
102
0.867
73.2
0.807
70.3
0.874
103
0.803
85.7
0.879
79.1
0.770
92.1
0.807
84.2
0.919
95.5
0.859
81.0
0.867
94.5
0.857
68.9
0.822
84.3
0.843
89.8
0.858
81.6
0.902
82.4
0.852
74.7
0.872
84.7
0.810
80.6
0.869
70.0
0.935
81.7
0.821
76.5
0.854
69.4
0.896
81.2
0.920
84.8
0.926
92.9
