150
198
80.1
80.3
78.1
269
76.3
278
80.3
274
83.0
80.9
76.1
89.9
81.0
83.3
73.2
269
82.9
77.5
83.5
78.7
83.5
85.6
82.0
85.2
93.7
80.1
74.9
82.2
77.4
72.7
86.7
75.7
75.8
75.4
81.1
88.5
76.9
81.8
79.7
72.3
74.0
80.2
277
95.8
74.0
83.3
78.9
76.9
81.7
79.7
93.3
84.8
80.0
80.4
83.6
72.9
78.3
72.6
77.2
276
75.7
275
75.4
77.2
87.1
73.4
274
76.9
79.7
97.9
81.5
76.8
76.9
286
78.3
84.5
82.5
79.0
79.6
79.7
87.0
78.8
78.0
85.7
95.3
90.1
76.1
282
74.9
80.8
78.9
79.8
88.1
79.0
74.5
104
275
77.3
87.4
78.3
76.5
72.0
80.9
82.7
75.3
79.8
78.3
81.0
77.4
72.6
80.1
79.2
*
83.0
74.4
80.4
73.8
268
80.9
78.7
79.2
78.6
99.0
74.6
84.1
74.3
83.1
76.7
77.3
80.7
81.3
77.9
81.5
288
91.3
79.0
86.1
271
271
76.1
78.6
76.0
