0.929
160
0.848
69.4
0.796
162
0.886
68.6
0.832
166
0.954
161
0.853
167
0.869
80.9
0.814
79.1
0.819
79.4
0.821
78.8
0.840
162
0.980
156
0.878
168
0.823
86.6
0.768
160
0.821
173
0.795
163
0.887
88.6
0.887
74.0
0.830
72.5
0.828
157
0.855
73.4
0.929
68.5
0.741
70.7
0.776
154
0.890
173
0.809
75.7
0.835
158
0.807
76.9
0.795
154
0.889
69.3
0.808
158
0.740
82.2
0.834
161
0.812
165
0.849
155
0.802
77.6
0.810
155
0.781
70.3
0.823
73.0
0.850
69.2
0.791
73.9
0.852
72.5
0.849
157
0.749
160
0.815
66.7
1.15
169
0.821
159
0.811
79.3
0.874
154
0.836
164
0.860
70.7
0.794
76.7
0.878
156
0.789
160
0.847
82.4
0.813
76.6
0.808
174
0.775
75.2
0.791
158
0.758
162
0.834
163
0.825
157
0.882
73.4
0.852
94.1
0.833
74.3
0.851
155
0.822
73.9
0.874
86.8
1.02
71.2
0.803
83.1
0.833
67.9
0.816
77.0
0.814
162
