0.903
59.5
0.812
56.7
0.777
52.5
0.921
56.6
0.830
55.7
0.862
61.0
0.828
65.5
0.811
65.9
0.822
56.9
0.794
56.5
0.787
55.0
1.00
61.6
0.813
54.8
0.828
61.0
0.807
56.2
0.827
59.4
0.786
62.3
0.850
54.2
0.919
58.8
0.857
62.7
0.857
56.3
0.812
71.6
0.839
62.1
0.850
53.1
0.762
60.8
0.753
52.3
0.765
58.4
0.770
60.6
0.761
65.7
0.881
57.7
0.797
*
0.826
68.8
0.836
64.9
0.907
*
0.875
66.8
0.760
54.8
0.971
55.7
0.919
62.8
0.806
60.1
0.804
*
0.843
57.1
0.865
56.9
0.878
58.1
0.832
56.7
0.801
62.6
0.800
63.6
1.02
67.7
0.834
62.3
0.855
61.0
0.854
55.8
0.891
56.9
0.854
56.5
0.854
61.7
0.782
54.7
0.806
54.4
0.790
63.4
0.835
52.3
0.819
57.8
0.844
54.6
0.828
59.8
0.840
58.7
0.772
62.2
0.874
64.5
0.819
64.2
1.00
64.4
0.836
71.9
0.811
53.6
0.745
57.5
0.830
59.7
0.821
61.1
0.808
62.6
0.815
56.8
0.781
61.7
0.862
61.9
0.824
62.7
