125
79.4
60.2
60.5
60.1
61.2
60.8
61.7
66.4
73.1
67.6
66.5
58.0
68.5
54.8
51.6
63.6
56.9
66.8
68.9
52.0
55.8
61.1
62.9
81.9
65.0
56.6
59.9
76.0
62.1
82.7
72.9
53.3
63.3
79.8
62.9
60.5
56.2
63.3
69.2
60.5
57.0
58.8
83.3
68.5
76.4
59.2
61.0
67.7
64.9
50.5
70.6
60.7
71.1
69.5
62.5
61.7
60.1
68.5
59.5
57.3
*
73.3
74.7
59.7
65.4
68.8
54.7
58.9
65.1
75.7
59.3
60.5
55.2
77.4
63.4
54.5
53.6
63.1
55.3
58.2
58.7
57.7
66.4
62.9
53.2
59.4
64.7
77.2
66.5
61.9
75.0
64.0
59.9
56.6
62.8
64.5
56.1
126
67.6
81.5
*
58.6
61.9
57.5
67.0
68.8
84.1
61.8
59.7
80.1
59.8
56.7
65.9
*
55.6
66.4
62.8
50.1
80.4
51.9
62.2
63.7
65.1
*
63.5
64.1
62.3
55.2
71.0
62.7
65.5
60.9
78.7
52.2
94.7
51.8
77.1
55.2
51.8
57.0
58.4
68.4
67.5
