178
157
138
81.2
82.8
125
76.0
69.8
138
75.4
143
69.6
138
155
142
136
75.6
75.7
141
70.3
138
79.5
138
83.8
73.3
130
153
*
75.8
73.6
71.6
71.9
132
136
137
142
145
87.4
138
152
145
157
147
144
84.6
158
141
142
74.2
98.8
146
135
76.7
133
80.3
82.1
81.5
73.1
147
73.0
72.7
71.9
83.5
74.8
146
139
77.9
137
139
156
140
78.7
142
75.5
140
75.2
126
73.8
140
136
136
139
77.8
142
75.7
131
75.0
79.4
93.5
84.4
141
69.8
146
160
123
152
71.4
139
72.8
75.7
138
135
142
137
135
76.3
140
142
139
134
76.8
87.4
134
154
*
143
145
82.9
139
76.4
140
87.0
79.3
71.1
135
163
153
135
77.0
153
124
70.0
136
150
132
85.8
135
135
74.2
75.9
72.1
123
79.1
78.5
