0.928
91.0
0.876
81.0
0.841
85.4
0.845
86.7
0.847
88.2
0.879
82.5
1.04
84.7
0.854
81.5
0.863
93.6
0.796
83.3
0.812
95.1
0.782
83.2
0.899
92.9
0.904
86.4
0.829
83.6
0.843
96.5
0.822
88.5
0.861
85.6
0.822
86.9
0.808
83.4
0.861
86.7
0.712
90.6
0.876
86.4
0.832
85.8
0.761
84.1
0.831
87.8
0.837
94.0
0.759
87.1
0.798
88.0
0.866
103
0.842
94.1
0.896
85.1
0.843
82.3
0.840
*
0.854
91.6
0.809
85.6
0.816
83.8
0.758
96.0
0.853
88.9
0.828
86.2
0.873
94.2
0.707
83.9
0.733
81.4
0.775
90.8
0.788
96.2
0.766
83.3
0.871
84.9
0.760
91.6
0.786
92.4
0.782
88.2
0.785
93.1
0.845
88.5
0.845
106
0.777
87.5
0.812
88.7
0.810
87.2
0.860
77.4
1.00
88.5
0.893
96.5
0.815
80.7
0.847
98.0
0.767
85.2
0.802
90.1
0.843
91.5
0.762
87.4
0.817
82.5
0.823
82.4
0.757
89.8
0.937
82.7
0.806
82.4
0.810
90.1
0.837
85.6
0.780
97.3
0.738
84.3
0.826
82.9
