190
103
56.8
117
57.3
98.6
98.3
61.0
72.0
56.0
100
99.5
61.1
62.2
97.0
65.9
70.5
60.8
65.1
100
93.0
52.9
100
95.8
59.5
101
59.7
*
63.0
58.7
67.8
49.8
100
103
58.5
102
97.2
59.4
99.5
63.6
73.0
58.4
70.4
68.4
50.5
66.9
95.2
64.5
57.2
67.9
104
93.3
55.2
66.3
59.1
58.7
62.9
50.6
60.6
55.0
57.8
96.8
57.1
99.0
97.4
101
50.5
89.4
107
57.5
97.1
56.2
73.6
101
65.1
55.4
107
59.0
94.9
76.2
68.9
95.0
66.9
94.6
95.6
98.8
58.8
58.1
70.9
82.3
102
103
104
94.3
94.8
62.8
99.6
86.7
*
58.3
75.5
64.6
59.0
98.4
99.0
51.7
71.0
57.3
104
57.6
51.6
55.0
56.1
75.9
*
68.7
68.5
54.5
103
68.9
69.1
131
150
112
111
99.4
120
110
74.3
98.4
97.8
104
81.8
73.6
107
71.7
74.6
70.4
74.7
108
66.6
72.8
77.3
65.5
