0.861
83.1
0.785
86.8
0.781
72.2
0.776
84.3
0.755
79.7
0.801
84.5
0.932
81.0
0.693
85.6
0.800
89.9
0.724
81.4
0.791
74.8
0.726
76.2
0.794
83.3
0.831
72.4
0.778
80.0
0.769
88.2
0.816
88.3
0.747
76.4
0.747
83.9
0.774
86.0
0.720
77.0
0.780
78.2
0.812
83.3
0.829
75.6
0.760
84.0
0.821
78.3
0.750
72.0
0.749
75.9
0.786
79.5
0.822
78.4
0.726
71.6
0.826
85.6
0.806
93.3
0.754
85.2
0.818
73.5
0.813
85.1
0.717
80.0
0.842
81.1
0.787
85.2
0.762
*
0.793
71.6
0.796
82.2
0.797
86.7
0.731
81.8
0.741
85.9
0.756
85.0
0.732
85.8
0.761
87.2
1.01
88.7
0.814
77.8
0.849
76.2
0.732
73.7
0.838
76.8
0.797
78.7
0.759
82.5
1.01
86.2
0.784
85.9
0.804
77.9
0.781
76.4
0.790
88.2
0.757
78.9
0.945
87.4
0.817
86.0
0.744
83.0
0.743
86.3
0.781
79.1
0.796
73.1
0.786
83.9
0.795
73.6
0.842
86.4
0.838
85.0
0.775
84.8
0.784
76.0
0.857
92.5
0.761
73.9
