64.2
106
67.4
68.8
59.3
60.6
60.1
64.4
61.4
65.7
84.1
58.9
64.6
67.9
64.4
80.3
63.3
68.0
69.6
67.5
72.1
68.5
61.5
68.1
66.3
65.7
61.1
60.0
60.9
66.6
66.4
67.9
68.7
74.4
60.7
66.1
65.3
72.7
67.9
63.2
67.6
76.1
62.5
64.6
66.7
64.5
58.9
71.9
60.7
78.5
72.8
66.3
68.3
70.6
65.7
62.5
70.3
68.0
69.2
61.0
66.8
64.4
65.9
62.6
64.7
73.1
63.5
60.3
68.2
66.6
60.1
63.7
74.3
61.0
61.5
64.9
63.9
69.5
69.2
66.3
71.6
75.8
95.1
61.1
58.6
65.0
65.1
64.8
61.4
66.5
62.8
66.1
64.2
68.3
58.3
70.8
70.4
68.3
57.5
73.3
64.9
72.3
68.4
64.1
60.7
69.1
66.0
64.9
67.1
63.8
64.1
65.1
72.0
75.6
*
63.5
61.0
67.3
77.2
68.1
61.1
71.9
66.0
58.7
*
57.7
72.9
58.5
58.7
63.3
65.7
62.2
66.9
67.2
73.0
62.0
66.6
62.8
66.9
64.3
62.0
73.2
71.2
65.9
