143
137
90.0
78.3
72.9
101
106
78.2
80.1
75.7
78.7
75.4
77.2
76.7
79.9
80.6
76.0
78.9
77.0
76.0
79.3
75.1
76.2
73.4
78.9
78.0
76.5
*
76.3
78.1
77.9
76.6
75.0
72.5
78.1
73.8
74.3
72.1
79.1
87.4
89.1
78.5
77.6
79.3
73.6
79.5
93.5
79.2
75.0
83.7
86.3
76.4
79.8
86.1
76.9
81.7
74.2
77.9
78.0
74.8
80.8
70.1
93.9
77.1
94.9
71.0
78.6
80.4
85.5
90.7
84.9
75.8
78.2
79.7
76.4
78.6
66.9
78.3
71.2
75.9
76.2
78.2
99.7
88.3
77.7
76.9
73.6
76.4
86.5
77.8
79.3
82.0
77.0
89.5
70.9
86.7
70.9
81.2
77.8
79.7
77.7
78.2
75.1
80.5
75.8
79.0
84.6
76.0
77.1
76.6
86.1
74.4
83.3
78.8
*
82.7
77.6
78.6
*
*
75.0
76.8
77.8
73.9
75.8
87.0
80.1
73.3
73.7
86.9
78.0
79.2
78.1
71.9
74.0
75.8
72.4
82.3
82.6
79.7
75.6
76.0
76.9
75.1
