179
219
147
127
120
179
122
142
123
135
182
123
130
123
122
125
181
129
125
127
123
146
151
125
123
129
129
*
142
146
154
182
176
150
127
147
189
128
143
149
130
134
122
150
151
123
180
125
158
143
190
125
146
136
182
177
146
177
124
179
147
183
145
183
187
145
188
124
181
146
182
151
125
183
127
181
187
125
180
125
125
180
127
182
178
132
129
128
143
123
184
140
129
181
185
125
186
131
149
141
124
151
128
180
186
183
142
122
128
128
175
180
123
148
*
125
125
180
182
128
129
178
143
182
129
145
148
146
120
147
182
179
149
145
122
122
125
124
143
181
127
177
148
142
