162
229
132
85.5
86.6
126
92.7
88.2
112
89.7
131
89.1
88.3
86.8
93.7
87.8
88.0
87.4
88.1
87.1
91.6
92.9
82.3
91.0
90.3
90.9
94.0
*
87.3
93.2
93.5
86.1
129
107
89.7
104
86.5
86.0
90.2
89.8
89.5
83.3
108
87.9
*
87.9
127
90.2
86.7
85.0
125
87.2
95.6
96.8
93.1
94.0
86.0
86.0
88.5
*
91.9
100
93.3
94.3
124
90.0
93.4
89.7
127
100
129
85.9
93.8
129
82.8
88.3
126
86.6
127
90.7
85.7
135
86.7
130
89.3
91.5
89.7
91.3
97.9
105
134
92.1
87.7
129
130
88.1
124
91.0
89.7
90.8
89.7
88.7
86.5
130
127
87.3
86.2
95.1
94.3
93.7
92.5
91.8
86.0
89.4
*
89.2
100.0
91.8
*
87.1
86.3
82.8
96.7
126
130
114
90.1
103
87.5
88.2
90.1
136
87.1
92.6
92.0
87.8
89.4
88.8
99.6
92.2
89.6
131
104
85.7
