128
121
148
143
141
139
139
136
145
136
161
137
140
139
164
138
143
165
136
137
141
138
145
136
144
139
147
*
162
134
147
140
139
132
139
138
137
138
137
148
142
138
142
139
161
167
134
138
138
140
164
139
136
159
143
141
140
139
138
157
138
154
146
136
141
136
137
140
165
161
165
141
139
159
138
133
136
141
140
133
138
157
137
165
141
143
138
140
138
140
157
132
147
163
161
141
160
138
140
135
145
156
146
164
138
138
138
151
139
155
138
136
139
134
*
139
149
154
155
140
138
150
142
161
138
135
154
136
162
161
141
164
137
137
141
143
139
155
138
140
135
137
159
137
