55.2
76.8
63.2
63.4
71.8
65.8
62.2
62.7
58.2
64.1
73.0
59.8
50.2
66.2
55.3
62.3
63.5
61.0
61.5
68.4
58.7
61.7
47.0
64.4
62.1
65.2
61.7
67.9
71.0
51.9
57.8
69.1
67.1
50.5
61.2
52.8
59.9
53.0
48.3
55.1
69.9
70.8
64.3
64.1
65.6
65.1
63.4
62.3
65.2
60.0
65.4
67.1
45.7
60.5
53.8
70.8
60.6
49.5
68.6
60.0
64.3
61.6
72.2
65.4
66.7
51.7
59.7
63.1
62.4
67.2
66.2
73.0
63.0
67.8
65.5
62.3
62.9
55.6
63.8
65.8
65.4
66.9
46.8
70.6
59.7
61.3
51.6
52.4
51.5
69.1
64.5
61.1
60.6
65.2
73.8
64.2
68.9
62.7
64.7
46.9
68.4
62.5
54.3
69.0
61.6
71.6
49.9
65.9
69.3
68.4
59.5
52.5
63.4
62.7
*
65.3
48.8
53.7
61.6
64.8
69.3
46.6
70.9
63.1
52.1
59.3
63.8
47.3
54.2
48.6
51.5
58.9
65.4
61.3
66.7
64.4
66.9
71.0
70.3
64.4
48.1
66.6
66.2
47.0
