143
183
143
122
126
123
*
124
123
114
123
140
127
145
116
119
155
119
124
119
125
119
123
117
123
128
125
123
127
118
111
117
125
136
125
121
117
135
121
122
123
138
132
123
122
108
136
145
124
138
122
126
119
134
124
125
132
122
117
111
137
109
125
127
126
123
140
126
124
125
130
125
129
123
108
159
128
131
125
120
116
124
115
120
147
130
128
131
128
135
122
126
123
126
135
129
130
121
107
113
120
109
121
118
128
126
129
128
129
137
121
119
129
119
*
125
124
139
134
109
123
124
127
129
107
112
122
124
122
123
121
120
109
122
119
106
120
134
127
126
124
120
124
124
