129
135
64.9
160
69.8
108
161
168
56.1
75.8
111
162
68.2
174
169
164
52.2
108
58.5
167
61.7
167
56.3
170
59.6
54.3
62.2
*
71.2
59.1
175
164
111
59.5
52.0
53.2
67.8
55.6
54.9
164
165
54.4
62.3
168
169
71.1
112
62.5
165
80.1
117
57.5
59.1
168
55.3
165
169
71.5
60.1
52.4
166
162
169
56.4
110
56.8
165
52.9
111
167
108
170
160
54.8
53.0
174
108
59.6
112
167
55.7
108
51.8
106
52.8
68.6
57.9
54.8
52.9
166
108
166
64.5
110
106
83.5
110
61.3
169
74.7
164
161
50.3
124
111
162
164
177
57.0
90.3
165
54.5
168
166
*
110
57.4
71.3
113
71.1
61.9
165
167
110
*
178
166
55.8
167
53.1
55.6
103
59.7
212
166
109
61.1
56.8
174
169
56.0
104
169
63.1
