1.02
76.4
0.871
72.2
0.805
67.8
0.862
73.3
0.829
45.3
0.816
71.4
0.807
71.1
0.755
73.9
0.739
73.5
0.721
70.6
0.808
71.3
0.806
67.6
0.810
77.8
0.834
68.4
0.895
73.5
0.804
67.5
0.918
70.8
0.853
67.9
0.757
66.5
0.787
68.7
0.776
72.7
0.759
76.8
0.879
69.8
0.905
81.9
0.790
70.6
0.811
59.0
1.04
47.9
0.806
63.7
0.853
67.2
0.849
101
0.859
72.4
0.860
70.7
0.825
64.1
0.841
*
0.899
70.5
0.844
70.2
0.812
71.6
0.829
67.4
0.747
71.0
0.721
68.4
0.767
64.6
0.972
81.3
0.799
53.8
0.739
74.2
0.749
70.1
0.742
75.3
0.747
68.4
0.950
65.7
0.789
52.8
0.815
68.0
0.842
75.8
0.753
46.7
0.807
70.1
0.832
49.0
0.859
72.9
0.783
71.2
0.833
48.3
0.836
73.3
0.823
68.0
0.807
72.7
0.806
72.7
0.915
66.3
0.832
52.8
0.787
52.5
0.848
48.6
0.799
46.1
0.750
67.8
0.784
65.0
0.865
51.5
0.854
70.3
0.848
58.0
0.799
69.5
0.851
71.2
0.789
69.2
0.705
73.5
