108
68.2
55.3
56.9
65.8
55.7
59.1
56.9
62.4
57.8
79.6
56.8
57.2
55.7
86.0
53.7
58.1
64.4
52.8
58.5
65.7
63.4
59.3
54.6
60.3
55.7
66.9
56.8
61.5
83.3
57.3
57.9
75.2
69.8
60.9
57.7
53.0
60.4
63.5
54.9
55.3
56.0
64.1
55.8
52.4
62.0
64.0
54.3
67.8
63.7
62.4
60.2
56.9
61.3
65.8
55.8
65.5
58.5
58.2
53.5
69.3
65.9
62.6
64.6
136
59.0
65.2
53.6
54.5
83.1
61.8
69.1
71.6
54.6
74.9
51.7
60.3
63.5
61.7
64.7
81.1
55.8
62.2
64.5
54.4
59.9
80.4
70.5
58.5
57.5
68.6
62.5
65.6
52.1
69.4
54.2
59.2
64.6
*
68.8
55.8
67.0
62.6
59.1
55.8
61.6
81.3
58.2
56.7
60.0
52.4
71.0
60.5
59.6
*
61.7
58.7
60.8
53.4
56.5
60.7
59.2
56.1
54.9
63.5
52.8
52.5
58.3
71.5
55.7
58.7
64.6
58.7
54.7
71.2
57.7
63.5
64.1
70.2
58.9
55.5
58.6
70.1
60.8
