165
131
78.4
86.0
80.5
74.3
85.8
84.3
78.9
87.8
85.7
90.2
73.1
84.3
83.5
80.2
77.2
80.5
90.4
85.5
85.7
90.6
75.9
80.2
71.1
91.9
77.7
*
84.5
75.2
89.3
76.9
78.6
77.4
84.2
80.0
87.4
74.0
78.8
74.5
80.3
88.9
76.0
74.0
89.6
89.2
80.9
85.2
83.9
76.4
90.4
82.0
80.8
82.8
75.2
73.9
84.5
79.9
83.2
80.9
84.9
87.7
84.1
75.3
72.7
77.2
81.5
76.8
91.9
86.7
83.7
88.1
77.4
85.3
76.5
83.7
84.6
88.8
86.9
75.3
78.4
87.4
84.3
86.0
85.0
86.3
80.7
86.1
84.5
84.0
90.0
80.1
72.4
87.8
86.1
82.6
86.8
89.2
103
76.7
77.3
76.2
79.4
86.9
86.2
84.0
81.9
81.3
80.4
72.5
86.7
75.9
79.7
74.1
*
80.3
90.2
75.6
85.2
87.1
77.0
77.6
116
90.8
83.8
90.3
76.1
84.3
73.5
73.9
77.5
94.2
87.7
81.5
82.7
79.2
83.7
74.8
90.2
94.7
82.2
84.8
78.3
77.3
