0.904
65.4
0.812
74.6
0.960
55.9
0.915
58.1
0.828
54.1
1.02
71.2
0.873
53.8
0.825
61.8
0.797
52.3
0.952
58.9
0.841
84.7
0.826
63.5
0.770
68.1
0.982
58.5
0.856
66.5
0.812
73.0
0.900
73.4
0.890
70.6
0.849
54.6
0.946
56.1
0.775
65.2
0.754
53.8
0.778
53.8
0.819
56.9
0.737
67.4
0.753
65.1
0.778
51.9
0.734
68.3
0.651
55.3
0.784
57.7
0.785
*
0.781
66.0
0.841
66.1
0.808
58.6
0.827
58.2
0.798
68.3
0.892
65.7
0.801
64.6
0.780
52.8
0.764
*
0.813
65.8
0.789
65.7
0.844
69.5
0.733
56.7
0.759
71.7
0.772
52.5
1.11
62.5
0.688
57.3
0.715
74.2
0.819
52.9
0.980
77.7
0.753
68.4
0.969
65.1
0.771
72.8
0.844
53.1
0.780
92.9
0.864
66.8
0.811
59.2
0.768
63.9
0.728
59.0
0.841
59.3
0.789
70.1
0.763
57.4
0.730
61.0
0.812
69.8
0.832
68.8
0.791
63.0
0.741
70.1
0.752
66.3
0.906
57.2
0.917
58.5
0.710
58.2
0.832
68.0
0.836
65.1
0.723
72.8
