92.8
92.1
93.1
91.9
88.3
85.5
89.8
101
97.3
95.2
89.0
91.3
95.4
91.4
93.3
92.5
89.2
94.5
87.7
92.0
87.8
97.3
94.1
104
87.6
109
87.1
*
92.3
90.0
90.0
92.1
91.5
93.8
91.2
91.1
87.9
89.0
101
89.2
91.5
91.5
89.4
92.2
91.3
91.4
95.8
92.5
91.8
90.2
87.6
95.8
97.0
96.9
92.2
90.2
91.3
89.9
89.4
87.6
91.4
90.0
91.1
92.7
86.5
92.7
95.5
90.2
94.0
85.8
90.1
97.4
90.4
92.0
93.9
98.3
85.4
91.7
90.8
93.1
94.4
90.0
87.2
91.2
89.6
90.8
91.9
87.7
93.1
100
96.6
90.8
89.0
90.6
91.0
96.9
89.6
91.3
94.6
90.3
89.8
88.9
93.0
89.3
92.9
93.1
92.9
93.8
96.3
91.5
85.8
91.8
86.8
85.8
*
93.8
89.3
91.4
89.0
90.9
94.1
87.5
87.3
87.1
90.3
92.6
89.4
90.8
88.9
90.4
92.4
90.0
87.5
101
88.3
88.6
98.9
93.5
93.1
89.7
90.8
94.5
90.5
89.7
