208
174
115
112
120
109
112
131
137
114
134
117
144
119
118
115
124
130
119
124
130
111
121
121
120
125
122
*
112
132
119
115
119
124
139
114
119
123
132
121
118
119
137
111
119
123
113
111
120
128
129
120
124
114
114
113
116
114
135
117
116
129
123
123
117
120
122
118
122
123
126
113
117
127
122
116
116
116
119
108
125
120
112
122
126
127
110
111
171
137
126
122
118
123
120
136
129
119
127
125
116
113
119
132
122
117
120
110
109
136
114
112
117
120
*
129
127
123
*
120
137
123
116
145
116
*
113
115
111
124
118
123
155
128
108
118
133
127
124
119
113
112
132
125
