111
134
70.6
60.3
59.0
63.2
60.8
58.6
63.2
61.5
62.9
61.0
61.7
58.4
60.6
62.5
71.8
60.7
67.1
61.6
60.0
77.2
63.0
63.0
57.8
70.6
80.0
*
63.6
66.2
58.7
60.4
58.8
76.7
65.0
86.7
59.0
64.2
77.8
65.8
65.4
63.1
60.3
65.0
82.7
62.7
62.0
58.8
61.3
74.0
77.9
61.6
62.2
64.8
63.7
58.3
76.3
65.5
65.7
55.9
82.7
57.7
61.5
82.8
56.6
76.0
65.5
60.6
83.2
59.6
77.6
81.0
59.8
87.5
64.5
68.0
82.5
60.8
78.5
67.6
60.1
86.8
64.4
56.5
60.6
65.8
66.2
73.4
60.8
81.2
69.8
59.0
58.2
86.1
74.9
64.8
82.4
60.0
62.2
60.2
65.4
59.9
66.4
83.9
63.6
59.0
62.7
65.0
66.2
64.2
60.6
62.8
64.8
69.5
*
79.7
61.5
58.7
81.0
83.0
59.3
61.6
57.7
81.1
65.1
92.0
61.8
83.3
63.6
77.5
56.3
84.3
58.3
67.9
61.2
55.6
58.6
67.0
76.4
82.2
61.5
78.2
56.9
65.2
