156
181
60.6
71.8
94.2
109
60.3
61.4
93.2
61.4
90.7
61.2
85.7
60.2
99.6
64.1
96.8
93.0
60.7
66.3
96.1
103
73.6
60.1
91.5
66.7
87.6
*
58.5
77.0
67.5
106
100.0
63.5
87.2
63.5
90.9
64.3
64.9
63.3
60.2
67.8
88.6
59.8
67.8
73.6
90.7
94.3
66.4
75.6
105
60.5
68.1
63.1
88.5
93.0
88.5
92.7
95.0
88.5
91.8
96.3
70.5
94.0
96.6
64.5
92.3
92.5
94.8
64.1
91.9
87.1
72.0
92.4
62.4
93.0
86.2
65.6
95.3
71.3
66.4
93.1
78.7
96.8
92.2
91.9
64.2
60.8
64.0
*
94.4
88.1
88.7
89.4
109
98.6
93.6
90.1
94.5
72.2
63.9
84.3
86.8
94.7
105
99.9
64.7
78.8
62.3
89.4
100
87.5
62.2
62.6
*
66.1
91.5
89.5
91.6
76.2
66.2
91.2
90.2
93.1
70.5
69.5
64.3
64.5
61.6
60.6
91.7
92.3
64.7
61.8
70.0
91.9
91.4
61.9
93.1
90.5
95.2
91.4
63.0
62.1
