126
103
86.8
89.6
98.0
89.1
83.3
83.1
81.9
94.2
93.6
84.9
98.7
85.2
85.0
85.3
84.8
89.9
84.9
88.4
84.8
88.1
78.0
104
108
83.5
84.7
*
86.1
93.9
85.3
98.1
85.4
86.8
88.1
83.0
82.4
82.7
88.4
114
93.8
94.2
94.6
*
87.3
88.8
84.2
99.2
87.8
86.1
93.0
89.8
82.6
82.7
84.7
86.4
89.8
79.8
89.0
81.9
79.4
94.2
81.8
87.2
87.2
88.1
87.0
94.9
84.9
85.3
88.8
85.0
94.0
91.6
85.8
92.8
93.5
81.7
79.2
98.1
85.5
84.0
85.2
82.5
94.1
91.8
83.0
89.0
97.6
82.6
84.2
84.2
95.8
95.2
90.1
84.1
90.4
89.1
91.2
89.7
85.6
86.0
101
78.4
80.5
93.5
83.4
79.0
84.0
81.7
85.8
85.4
89.7
83.1
*
78.5
97.8
81.0
84.0
89.1
89.4
88.6
80.2
84.4
90.5
82.6
81.9
86.4
81.7
81.9
85.2
87.1
85.7
83.6
88.5
99.3
91.4
88.0
92.4
90.4
96.8
98.4
86.3
84.4
