67.3
82.3
78.9
76.8
63.6
79.1
89.1
76.4
72.0
77.4
80.7
82.9
61.5
64.3
77.6
60.3
80.2
78.4
77.5
91.4
74.7
81.2
70.8
79.1
73.6
78.3
67.8
*
78.2
61.5
83.3
63.3
78.9
62.7
60.9
64.9
80.0
66.6
63.6
64.6
74.1
67.5
64.2
79.2
77.3
64.3
77.8
73.3
72.6
69.2
77.8
74.1
79.7
66.4
72.9
77.7
78.5
72.6
76.9
76.2
79.5
77.4
70.5
72.5
80.3
74.6
67.5
64.6
72.6
69.0
79.8
77.0
59.6
77.8
79.8
66.5
75.1
60.7
77.9
58.5
87.0
84.6
63.4
76.6
85.0
67.5
66.5
65.8
62.0
63.3
73.9
80.4
79.7
91.9
81.8
74.5
72.6
68.6
80.1
71.9
73.4
77.5
69.0
74.5
77.6
65.6
62.6
65.2
77.2
75.6
64.4
79.6
72.9
73.5
*
64.6
68.4
71.3
72.0
86.1
62.3
78.4
65.9
73.5
80.3
82.4
71.3
59.0
83.8
66.5
77.2
81.1
79.4
68.4
63.8
76.0
63.7
78.4
72.8
82.3
59.4
76.1
63.8
68.0
