89.6
98.9
73.7
70.3
72.6
92.1
90.9
68.6
71.9
95.0
75.4
82.8
89.6
71.1
73.1
70.5
77.7
76.9
89.3
73.6
73.3
68.7
69.5
86.9
74.2
84.5
78.9
*
67.5
81.1
67.4
74.7
69.7
72.7
75.8
81.7
72.1
72.5
78.1
77.4
70.4
79.1
72.8
77.2
90.3
89.2
73.7
74.2
81.7
71.7
68.4
81.2
71.9
76.9
74.3
67.3
96.7
77.9
67.6
78.5
83.0
72.0
72.5
86.4
68.9
75.5
73.8
72.9
71.4
72.9
70.8
73.8
67.8
72.5
74.2
71.4
78.1
86.6
81.9
77.1
69.9
71.7
73.3
68.7
76.3
75.4
74.1
77.8
77.0
*
72.4
71.8
71.4
78.5
85.9
74.7
87.3
83.0
*
69.2
71.1
76.6
79.5
73.8
67.6
72.7
95.3
74.3
74.4
78.3
73.7
78.3
72.6
70.0
*
76.9
80.0
67.2
71.8
67.5
95.9
74.9
72.8
72.0
71.2
82.5
67.9
78.2
73.8
88.8
77.2
67.5
70.7
72.8
83.1
71.3
73.0
73.7
71.5
77.4
80.8
78.7
68.0
75.8
