173
54.2
53.7
52.0
67.1
51.5
52.4
76.8
66.5
51.4
46.6
52.8
51.6
57.8
52.7
55.9
79.1
53.6
55.5
49.2
57.9
50.2
45.8
49.1
58.0
54.0
50.6
47.5
51.2
51.2
46.6
56.4
51.7
54.2
50.3
59.8
50.8
56.7
60.3
56.3
53.7
47.8
55.5
56.6
62.8
52.3
60.5
64.6
68.4
50.2
50.1
53.3
55.4
50.0
50.9
51.6
52.3
50.4
46.8
48.3
65.0
50.0
46.5
56.4
51.9
51.1
48.7
49.5
48.9
50.4
53.1
66.2
52.2
49.3
46.5
50.2
48.7
53.6
48.3
53.4
50.1
50.6
73.9
48.7
48.5
50.4
59.1
51.7
49.5
63.0
48.2
55.4
53.2
49.0
47.2
73.7
51.6
52.3
66.7
49.5
55.3
60.0
54.0
62.7
51.1
49.8
60.3
47.8
54.1
49.2
73.4
53.5
64.4
52.2
*
49.1
62.0
47.8
46.9
*
57.4
52.2
50.6
50.9
46.4
62.2
52.8
52.7
52.2
50.4
63.5
46.4
50.2
50.0
58.9
54.9
56.9
55.1
63.4
56.2
53.5
48.5
54.5
52.1
