0.858
76.9
0.785
69.9
0.806
79.1
0.813
63.2
0.793
65.7
0.784
68.5
0.730
92.9
0.789
74.4
0.768
76.4
0.728
78.0
1.06
58.3
0.793
74.9
0.795
67.0
0.866
60.8
0.853
60.0
0.789
72.7
0.835
75.1
0.840
62.2
0.860
85.1
0.782
82.7
0.764
59.8
0.747
86.2
0.793
64.5
0.843
77.9
0.766
63.4
1.10
63.0
0.885
65.6
0.694
61.5
0.712
94.1
0.777
92.9
0.857
63.9
0.819
64.5
0.752
62.0
0.843
67.1
0.793
62.8
0.919
57.5
0.781
69.8
0.747
69.3
0.766
65.2
0.758
*
0.797
75.2
0.736
67.6
0.804
61.9
0.770
67.3
0.796
61.1
0.740
71.9
0.739
60.8
0.777
62.1
0.780
64.5
0.840
60.1
0.843
60.4
0.700
89.9
0.810
60.2
0.785
61.5
0.783
59.4
0.789
68.5
0.783
64.5
0.817
64.6
0.772
71.2
0.800
63.0
0.794
74.3
0.782
64.3
0.834
62.2
0.775
66.0
0.789
62.0
0.787
56.6
0.801
64.9
0.761
58.6
0.737
59.1
0.866
78.7
0.846
58.4
0.787
58.4
0.742
67.1
0.759
74.5
0.785
60.3
