124
116
110
108
106
84.5
109
109
117
115
81.7
110
115
101
114
82.0
109
112
114
119
79.9
112
*
113
116
118
122
*
82.1
109
111
109
88.0
113
108
107
119
106
115
115
78.6
114
108
115
113
83.7
86.9
110
114
105
111
121
115
77.5
84.3
110
108
82.6
110
82.6
108
114
111
115
81.7
110
119
107
109
109
113
108
87.0
110
109
107
84.1
123
117
85.2
105
78.7
88.1
110
124
117
109
108
116
83.9
111
84.8
106
121
112
107
108
115
111
113
91.4
107
110
83.4
114
109
115
89.0
111
112
120
81.6
84.0
118
*
115
113
89.0
109
124
126
108
115
113
109
109
117
110
88.5
117
84.8
108
121
117
82.0
113
114
116
108
112
108
84.2
107
110
