193
179
143
137
130
133
140
*
133
139
126
133
146
142
132
124
124
*
128
143
139
130
140
136
136
142
132
*
126
131
*
139
144
135
134
126
137
127
127
136
125
137
154
130
132
147
128
129
128
202
131
138
129
151
130
133
138
132
151
137
134
160
157
134
156
127
126
134
129
128
134
127
133
136
130
130
134
147
143
122
159
136
125
136
130
126
130
128
130
*
130
148
133
145
125
146
136
133
*
122
141
141
130
139
163
124
140
131
132
130
130
126
132
149
*
133
130
129
135
128
134
140
139
143
154
130
156
129
144
133
128
131
129
132
138
*
135
128
143
135
122
130
134
129
