1.10
65.6
0.853
63.4
0.811
64.9
0.815
86.9
0.874
65.6
0.863
67.2
0.772
63.8
0.817
61.9
0.808
65.1
0.737
64.0
0.800
62.5
0.782
65.7
0.870
66.0
0.758
62.3
0.908
66.0
0.789
65.5
0.875
70.8
0.742
68.3
0.743
72.1
0.921
66.3
0.794
71.2
0.791
64.2
0.790
65.1
0.844
69.7
0.750
*
0.784
66.6
0.822
61.8
0.780
66.4
0.818
70.4
0.949
68.0
0.861
64.1
0.850
63.5
0.825
66.5
0.854
*
0.880
61.6
0.869
70.9
0.876
65.4
0.818
61.3
0.835
66.7
0.765
65.6
0.849
79.9
1.03
67.7
0.803
59.1
0.795
77.1
0.744
68.2
0.763
71.5
0.786
62.0
0.700
67.6
0.822
65.1
0.812
69.3
0.803
76.6
0.744
64.5
0.759
62.1
0.884
62.9
0.847
67.9
0.776
68.4
0.879
59.7
1.03
70.7
0.839
66.5
0.820
68.9
0.749
68.6
0.783
64.5
0.870
77.9
0.836
66.9
0.847
61.7
0.894
67.8
0.867
68.0
0.836
62.2
0.802
66.3
0.899
68.9
0.845
62.6
0.838
66.9
0.859
72.4
0.813
62.4
0.855
65.3
