180
118
75.4
65.7
125
70.6
84.7
124
74.6
70.9
65.2
73.9
119
67.3
60.8
63.4
75.5
119
68.6
63.9
73.6
67.6
67.3
68.8
119
67.2
69.3
*
72.6
64.6
61.0
64.8
66.4
67.5
70.5
91.1
68.3
76.8
90.1
71.0
71.5
72.0
75.7
73.3
61.3
77.2
76.6
72.8
79.9
71.7
87.2
69.7
75.9
84.7
81.5
69.4
73.6
62.7
60.6
68.8
76.5
75.9
72.4
67.4
70.9
72.9
65.1
71.6
66.5
77.0
70.2
69.0
75.1
64.2
69.0
69.0
80.7
74.8
72.2
72.5
62.6
123
86.7
72.6
73.7
70.0
71.1
75.1
92.1
128
61.4
77.0
75.4
76.9
122
72.8
116
70.8
84.0
70.4
66.2
70.6
126
126
125
83.2
81.4
80.9
70.7
68.7
71.5
64.4
77.1
67.0
*
122
127
80.7
69.5
76.5
68.0
74.5
97.4
77.6
75.4
71.2
98.3
66.7
83.1
74.3
71.7
64.6
70.6
67.8
65.5
67.5
65.1
70.6
71.5
86.4
72.9
84.3
84.6
95.9
