0.854
153
0.863
157
0.813
156
0.829
156
0.790
154
0.849
154
0.768
157
0.959
155
0.751
153
0.712
151
0.804
161
0.749
150
0.801
155
0.728
152
0.833
160
0.709
158
0.907
154
0.757
157
0.821
150
0.804
164
0.791
153
0.720
148
0.842
152
0.787
149
0.784
157
0.727
159
0.830
159
0.750
159
0.677
152
0.797
156
0.835
151
0.778
151
0.900
155
0.798
161
0.830
155
0.781
158
0.808
150
0.923
158
0.882
153
0.761
*
0.738
158
0.768
153
0.722
163
0.744
154
0.829
151
0.772
154
0.768
158
0.717
159
0.740
158
0.843
158
0.781
165
0.768
156
0.816
152
0.731
152
0.819
156
0.792
160
0.780
154
0.849
153
0.801
151
0.829
165
0.795
153
0.695
161
0.789
150
0.758
159
0.819
156
0.909
152
0.772
154
0.772
159
0.792
155
0.834
149
0.740
150
0.731
157
0.921
156
0.747
159
0.722
153
