123
44.1
97.3
89.9
95.9
92.0
91.8
78.1
87.0
85.1
78.6
92.2
106
87.5
91.0
86.8
89.8
91.3
93.6
157
143
157
114
196
120
108
132
122
102
103
97.3
99.7
86.9
170
94.9
94.3
93.7
113
106
95.2
125
99.3
94.8
101
164
108
90.2
126
96.7
108
93.9
92.7
88.5
114
89.3
97.2
90.5
92.3
96.0
92.4
98.7
168
99.7
101
101
91.9
94.9
112
92.2
92.7
105
94.1
107
97.9
90.7
96.7
99.5
95.0
173
91.6
94.3
93.5
101
93.5
90.1
98.6
96.2
94.2
92.3
166
90.8
87.8
88.5
92.5
98.4
100
90.5
93.4
171
90.5
96.5
89.1
118
86.8
89.9
90.4
96.1
98.4
96.1
89.2
89.6
116
98.5
94.0
*
107
92.0
96.4
95.7
173
96.6
89.5
106
98.3
170
94.3
93.4
89.1
93.3
96.7
101
92.7
91.5
90.2
119
90.8
101
88.4
94.2
92.1
99.6
117
96.4
106
