0.897
112
0.862
84.8
0.755
68.3
0.836
63.3
0.977
65.5
0.860
65.2
0.749
84.5
0.790
66.8
1.14
64.5
0.719
68.3
0.787
76.8
0.824
59.3
0.781
76.0
0.803
66.5
0.888
58.4
0.823
67.2
0.859
69.9
0.839
58.3
0.855
52.3
0.851
62.9
0.784
69.3
0.905
75.4
0.948
65.1
0.941
60.9
0.882
67.2
0.795
69.7
0.888
69.5
0.949
67.0
0.714
56.9
0.816
60.8
0.850
*
0.758
53.3
0.836
68.2
0.805
70.3
0.829
63.9
0.887
55.9
0.767
56.7
0.733
57.0
0.816
52.2
0.822
*
0.834
62.8
0.981
62.4
0.942
59.0
0.797
64.9
0.818
69.8
0.765
68.9
0.820
53.6
0.766
52.1
0.731
67.9
0.755
63.0
0.842
60.7
0.763
65.0
0.858
68.4
0.770
58.2
0.772
57.6
0.773
65.5
0.873
69.3
0.806
63.9
0.801
51.8
0.782
66.4
0.822
59.0
0.800
82.3
0.832
64.6
0.777
64.1
0.791
65.7
0.779
63.7
1.03
65.5
0.870
58.2
0.768
61.1
0.853
55.5
0.868
59.2
0.794
60.2
0.841
64.1
0.970
68.5
0.825
53.0
